  0.10000000000000001        1.4623079933073210E-002   4.2612808948667862       -11.348867296590550        3.2512155577110929E-002   5.5706395925957564        13.725902587287566        35.684776019650499       -3.3157547014727839     
  0.20000000000000001        2.9246159866146419E-002   5.9848674038314584       -25.365527790199852        7.6533590983264455E-002   10.013879710464808        26.103218718477098        70.191305216933131       -4.5701620785472130     
  0.30000000000000004        4.3869239799219632E-002   6.9938467896558905       -31.887048265838803       0.10020762775254693        14.314576600408465        38.314456033935684        215.22174441543496       -7.3800210282851015     
  0.40000000000000002        5.8492319732292838E-002   7.6048809538589239       -19.237300421087866       0.11794233139292823        18.479436139289103        47.035629821806431        380.39274840855171       -226.95008992101864     
  0.50000000000000000        7.3115399665366038E-002   8.0753253531274822        10.089914326276705       0.17054009475662626        18.320131069858757        39.275131202343161        472.72985524427099       -281.25426643762717     
  0.60000000000000009        8.7738479598439265E-002   8.5846090600215348        49.141105137089639       0.29996593474728128        20.618789978652377        38.055817771928346        458.63831167448524       -76.101127183963527     
  0.70000000000000007       0.10236155953151246        9.2414553752172424        92.164884470946632       0.53982149005647051        22.643519270863131        41.085153471558833        365.40668305720089       -45.838384308681427     
  0.80000000000000004       0.11698463946458568        10.104780194779664        135.84776161222010       0.91501453413632983        24.558529109402976        45.175597539639512        230.30042756876813       -29.334200633093133     
  0.90000000000000002       0.13160771939765889        11.202516687560092        178.77239579883340        1.4442323167786200        26.420443396814317        49.836068127930844        70.705040777338510       -18.306276190955728     
   1.0000000000000000       0.14623079933073208        12.544701644331099        220.56528052876166        2.1423165541622891        28.256180049318008        54.833761640731282       -98.452803610049600       -11.181810477571830     
   1.1000000000000001       0.16085387926380532        14.131550294471253        261.26412436165663        3.0217802376127789        30.078907852545672        60.013098134385601       -259.83996620423767       -7.4979733053911710     
   1.2000000000000002       0.17547695919687853        15.958106302046758        300.98015599834451        4.0935748477937670        31.894412145062876        65.255812990827167       -397.88665289361478       -7.0871976447762126     
   1.3000000000000000       0.19010003912995171        18.016803599161562        339.75284525704421        5.3673992837302489        33.704247189519421        70.466572799031013       -549.34566719845816       -9.8756809294419767     
   1.4000000000000001       0.20472311906302493        20.298835294998412        377.51850604212586        6.8517826701106239        35.507470626061227        75.566351675913523       -664.34589613417006       -15.804824444777669     
   1.5000000000000000       0.21934619899609814        22.794868430553606        414.12387599125907        8.5540795684268875        37.301667345048500        80.489091102728935       -870.67752932344911       -24.789276131529370     
   1.6000000000000001       0.23396927892917135        25.495410198575655        449.35074583884216        10.480447806435725        39.083589491535356        85.179987717708642       -1049.4695910892915       -36.692211211061476     
   1.7000000000000002       0.24859235886224457        28.390992917421045        482.94736858167659        12.635839671024611        40.849576639711877        89.594602519159864       -1290.2527830103447       -51.312569002678210     
   1.8000000000000000       0.26321543879531778        31.472267121826462        514.65010071206325        15.024016688340213        42.595842674182421        93.698334444464848       -1403.5960799773311       -68.381939614953779     
   1.9000000000000001       0.27783851872839099        34.730049508229172        544.20765211864216        17.647588663605013        44.318676638448657        97.465986786378522       -1601.9321153421438       -87.570161948775194     
   2.0000000000000000       0.29246159866146415        38.155349583020438        571.38554154747112        20.508073374697609        46.014584213478493        100.88127166302030       -1822.4425989660631       -108.49714335876115     
   2.1000000000000001       0.30708467859453742        41.739386752922087        595.98348809694130        23.605972015374618        47.680385530223631        103.93617789716991       -2108.8166979023913       -130.74886940334096     
   2.2000000000000002       0.32170775852761063        45.473603301267303        617.83608362029065        26.940855261511018        49.313279196597868        106.63018371163703       -2302.5934899553877       -153.89575838961176     
   2.3000000000000003       0.33633083846068385        49.349675507819711        636.80672884287787        30.511455345954364        50.910879361300310        108.96933317630264       -2520.8244185980498       -177.51084122250447     
   2.4000000000000004       0.35095391839375706        53.359523631341517        652.80751914634732        34.315760184437053        52.471231044215834        110.96521765917090       -2861.1838849626665       -201.18678537566842     
   2.5000000000000000       0.36557699832683016        57.495320796022611        665.77683366375595        38.351106437160851        53.992808108804219        112.63391352023254       -3296.6961931185642       -224.54893305851041     
   2.6000000000000001       0.38020007825990343        61.749500581581856        675.68989445033560        42.614269070402713        55.474497731211429        113.99492765943721       -3463.0921227032536       -247.26700805969236     
   2.7000000000000002       0.39482315819297670        66.114763085771187        682.54606568403824        47.101545751987004        56.915574818693507        115.07019643365980       -3906.2515471000979       -269.06008103826582     
   2.8000000000000003       0.40944623812604986        70.584079287285817        686.37397862528655        51.808834873177553        58.315669444208325        115.88317336333631       -3798.6183948124153       -289.70084657196799     
   2.9000000000000004       0.42406931805912312        75.150693625023905        687.22023621042365        56.731706658114106        59.674729958528275        116.45802955585083       -3925.0721199327463       -309.01548089660474     
   3.0000000000000000       0.43869239799219628        79.808124796119614        685.14659545858331        61.865466984289064        60.992984015579751        116.81897954622045       -4533.1420549342556       -326.88004223466294     
   3.1000000000000001       0.45331547792526949        84.550164847178849        680.23906244735622        67.205214052740288        62.270899316913209        116.98973537659008       -4656.5936044238533       -343.21777490891776     
   3.2000000000000002       0.46793855785834271        89.370876686543625        672.58362832981220        72.745888138482428        63.509145467626617        116.99308418786815       -5077.2212547597155       -357.99260604035231     
   3.3000000000000003       0.48256163779141592        94.264590180645200        662.27358931159733        78.482314763940138        64.708557956773035        116.85057895197914       -5344.9389682007077       -371.20317880335318     
   3.4000000000000004       0.49718471772448913        99.225897017011903        649.41987960621157        84.409241877263611        65.870104942987453        116.58232881627129       -5233.9706424596025       -382.87874547725937     
   3.5000000000000000       0.51180779765756235        104.24964452342374        634.12115559014376        90.521371519392417        66.994857247438915        116.20687380679229       -5468.2289369387045       -393.06550072635946     
   3.6000000000000001       0.52643087759063556        109.33092863013439        616.48886367268574        96.813386541735682        68.083961732529630        115.74112859510421       -6252.4594166682773       -401.83475324789629     
   3.7000000000000002       0.54105395752370877        114.46508615288258        596.63074971183505        103.27997293645360        69.138618073261497        115.20038073446415       -6022.2140636863569       -409.26570147175624     
   3.8000000000000003       0.55567703745678199        119.64768656082379        574.66192629773332        109.91583834507144        70.160058803287683        114.59833024678544       -6067.0631034000799       -415.44605244920911     
   3.9000000000000004       0.57030011738985520        124.87452337744480        550.68380319388871        116.71572717398197        71.149532432612119        113.94715908336650       -7214.8013979631996       -420.46940995312065     
   4.0000000000000000       0.58492319732292830        130.14160534530856        524.78801535272623        123.67443272502047        72.108289381224125        113.25762098934432       -5684.1149472521829       -424.42983385619465     
   4.1000000000000005       0.59954627725600163        135.44514746820300        497.09284955727685        130.78680701797555        73.037570445727113        112.53914388772655       -6674.0556087291598       -427.42135694685976     
   4.2000000000000002       0.61416935718907484        140.78156202757714        467.67392467504084        138.04776820159910        73.938597507859853        111.79993865811610       -6675.8836304905917       -429.53620235170848     
   4.2999999999999998       0.62879243712214794        146.14744965449700        436.64213991985451        145.45230643730252        74.812566199322873        111.04710966533558       -7659.6204223792865       -430.86243049798162     
   4.4000000000000004       0.64341551705522126        151.53959052411642        404.07929850551062        152.99548797278285        75.660640252077258        110.28676347454791       -6338.9784956103704       -431.48362752242241     
   4.5000000000000000       0.65803859698829437        156.95493572675423        370.06305219684953        160.67245819100870        76.483947283782683        109.52411336166533       -6017.6980118411238       -431.47849613216266     
   4.6000000000000005       0.67266167692136769        162.39059885840629        334.67234612809386        168.47844340411692        77.283575791634235        108.76357793370062       -6794.7596641691262       -430.92032903117575     
   4.7000000000000002       0.68728475685444090        167.84384786358487        297.98519761376133        176.40875183744649        78.060573152588816        108.00887288868566       -8913.7120367117150       -429.87682710516043     
   4.8000000000000007       0.70190783678751412        173.31209715489149        260.09042267105553        184.45877384688524        78.815944452492076        107.26309537500357       -5710.4332736314636       -428.40984519888258     
   4.9000000000000004       0.71653091672058722        178.79290002650487        221.01829736399614        192.62398169413720        79.550651989990982        106.52880079288707       -5736.2638961890507       -426.57640752398851     
   5.0000000000000000       0.73115399665366032        184.28394137263876        180.84961083886242        200.89992860898360        80.265615322822214        105.80807216182818       -9074.5192193857401       -424.42778846962790     
   5.1000000000000005       0.74577707658673376        189.78303071698747        139.65608510005868        209.28224753568384        80.961711743768561        105.10258234133119       -5634.5176198261106       -422.01060081693794     
   5.2000000000000002       0.76040015651980686        195.28809555498970        97.487452869796698        217.76664987849531        81.639777091178289        104.41364950484910       -5920.0470630865129       -419.36660328184098     
   5.3000000000000007       0.77502323645288007        200.79717500735273        54.386236324704399        226.34892349182570        82.300606814453459        103.74228634393390       -10626.478407746810       -416.53323940415999     
   5.4000000000000004       0.78964631638595340        206.30841378057335        10.384534959939630        235.02493082193777        82.944957228425523        103.08924351227945       -7437.5495440761988       -413.54562097898730     
   5.5000000000000000       0.80426939631902650        211.82005642804756       -34.428613555230747        243.79060703935056        83.573546902178251        102.45504784204940       -7420.4535316530628       -410.43139988925947     
   5.6000000000000005       0.81889247625209971        217.33044190373630       -80.038414120724624        252.64195767870092        84.187058137864355        101.84003582452306       -8553.2300734473356       -407.21860244660502     
   5.7000000000000002       0.83351555618517292        222.83799839907874       -126.40677778512509        261.57505655280823        84.786138503502670        101.24438286284844       -9140.0701854016061       -403.93017362217978     
   5.8000000000000007       0.84813863611824625        228.34123845299746       -173.50284240545761        270.58604344014623        85.371402390897330        100.66812871541943       -6296.8217633910454       -400.58762109388721     
   5.9000000000000004       0.86276171605131935        233.83875432420245       -221.24853217497653        279.67112200034404        85.943432575782509        100.11119963598247       -8042.9616744768518       -397.20841582245578     
   6.0000000000000000       0.87738479598439256        239.32921361465583       -269.67034045746630        288.82655726328642        86.502781762281700        99.573427503969469       -7429.8335931687188       -393.80939469352501     
   6.1000000000000005       0.89200787591746578        244.81135513282402       -318.70397051210523        298.04867361658762        87.049974097888906        99.054566358894647       -8398.6412206426048       -390.40297990251605     
   6.2000000000000002       0.90663095585053899        250.28398498538581       -368.34054345673627        307.33385243136678        87.585506648571950        98.554306653163337       -4094.6951955764757       -387.00303695972667     
   6.3000000000000007       0.92125403578361231        255.74597288608948       -418.53313275202993        316.67853007827671        88.109850826372167        98.072287494041177       -11254.445172639076       -383.61984727891610     
   6.4000000000000004       0.93587711571668541       -11.293313933744457        3986.9887987129919        157.85728127419873        88.623453764131909        97.608107102814756       -367871.02158411063       -380.26144829991608     
   6.5000000000000000       0.95050019564975852       -8.6102868718265881        2923.2252586642990        168.38645135079489        89.126739633801449        97.161331797384065       -147003.29441503159       -376.93720939940613     
   6.6000000000000005       0.96512327558283184       -5.8491636960892492        2440.0538501145606        177.99540928021659        89.620110906236320        96.731503616219058       -84797.411746293481       -373.65395807689055     
   6.7000000000000002       0.97974635551590505       -3.0253731471168521        2141.2358734387894        187.19347635368968        90.103949551555090        96.318146778422431       -62312.628162927096       -370.41650605188323     
   6.8000000000000007       0.99436943544897827      -0.14837415976273860        1928.1916168016439        196.17079320407035        90.578618180038248        95.920773185071084       -48986.492466749107       -367.23002793491418     
   6.9000000000000004        1.0089925153820514        2.7750788324560745        1763.0499250676567        205.02137944284004        91.044461124255861        95.538887014146937       -36810.285450318494       -364.09845022409883     
   7.0000000000000000        1.0236155953151247        5.7397556790890576        1627.7608636957018        213.79891848375448        91.501805463653099        95.171988605322611       -40566.554567569860       -361.02589344917834     
   7.1000000000000005        1.0382386752481980        8.7413980690147355        1512.5446219279290        222.53687087468364        91.950961993228447        94.819577688273426       -29685.730543518395       -358.01459868990219     
   7.2000000000000002        1.0528617551812711        11.776419510881169        1411.5112580848404        231.25733579204186        92.392226138237888        94.481156079979201       -25121.891116426013       -355.06798678760561     
   7.3000000000000007        1.0674848351143442        14.841725424483229        1320.9101260220843        239.97549774711368        92.825878817069892        94.156229883207487       -26834.883587466607       -352.18491603122561     
   7.4000000000000004        1.0821079150474175        17.934597242475775        1238.2497394553789        248.70207533255896        93.252187254582168        93.844311342671475       -26917.038981079888       -349.37043878245964     
   7.5000000000000000        1.0967309949804906        21.052613558401390        1161.7123263363283        257.44476682223819        93.671405748286460        93.544920342925053       -21962.682516368513       -346.62342496159789     
   7.6000000000000005        1.1113540749135640        24.193594113822542        1090.1189601751100        266.20915154122139        94.083776389831129        93.257585640145635       -23242.065777263746       -343.94595111436035     
   7.7000000000000002        1.1259771548466371        27.355558590285341        1022.4100096223260        274.99927653981774        94.489529744273526        92.981845904400728       -24864.201837708490       -341.33733451554747     
   7.8000000000000007        1.1406002347797104        30.536695399156429        957.96619609700440        283.81805310277741        94.888885489680206        92.717250642714092       -23420.340834720497       -338.79717847293091     
   7.9000000000000004        1.1552233147127835        33.735337457623132        896.13290852619741        292.66753258868169        95.282053019657610        92.463361004476496       -25280.346193224806       -336.32691916949028     
   8.0000000000000000        1.1698463946458566        36.949942989737224        836.55299931251636        301.54910321754659        95.669232011539975        92.219750686979296       -23355.821963376966       -333.92537375220854     
   8.0999999999999996        1.1844694745789297        40.179080033094806        778.80674301039357        310.46363393291387        96.050612963199143        91.986006980739873       -25083.792053783694       -331.59185441430230     
   8.2000000000000011        1.1990925545120033        43.421413738019282        722.67998063079540        319.41158135953043        96.426377701900336        91.761732152278341       -22174.203559445505       -329.32358313905831     
   8.3000000000000007        1.2137156344450764        46.675695811647984        667.88221127025201        328.39307064516493        96.796699869525114        91.546545763485199       -20639.992517774048       -327.12050557296550     
