  0.10000000000000001        1.4706061835418279E-002   387.23747735948314       -273.32168227189305       0.15154821629640863        6.1393061828530895        15.019723691563236       -4330.0371785683537       -12.367459648889501     
  0.20000000000000001        2.9412123670836558E-002   316.75996369562699       -35724.193201077382       -18.626133006242274        10.515949580219500        23.438161390444638        350424.44769884640       -6.1968269102806062     
  0.30000000000000004        4.4118185506254841E-002   63.263132102876966        12853.360310494267       -12.720311253287079        14.094663987476265        28.080038652811727       -246678.17441242872       -68.810409818093831     
  0.40000000000000002        5.8824247341673117E-002   12.725991212794270        4017.6728812184479       -5.8677058758488743        16.860644749284052        29.698144746717503       -69297.611731049910       -67.929613187770599     
  0.50000000000000000        7.3530309177091399E-002  -2.8810992963152557        1799.0327297213948       -3.4738839512578337        19.141670656890774        31.856018897324919       -29499.717333234621       -56.592116831586374     
  0.60000000000000009        8.8236371012509682E-002  -9.4188153773877730        978.46525352451886       -2.3469170706811249        21.163061282849323        34.906118296181177       -15225.433204045295       -42.030577946009025     
  0.70000000000000007       0.10294243284792796       -12.682255152027892        616.76880534373799       -1.6997895710551627        23.050149206542777        38.763304206757887       -8784.4863245044708       -28.123626344886350     
  0.80000000000000004       0.11764849468334623       -14.469557572041936        445.09315375762532       -1.2409851224343189        24.870941230424020        43.236696009280706       -5457.7385525073987       -16.503994530233971     
  0.90000000000000002       0.13235455651876452       -15.456156418175169        364.57935620856176      -0.83334078341904361        26.661681308913185        48.139272796801968       -3570.7509438329066       -7.7451656587802722     
   1.0000000000000000       0.14706061835418280       -15.931267163196480        332.69140189416066      -0.40026624366474944        28.441006909301379        53.313063827316043       -2458.6643827295875       -2.0134293565199357     
   1.1000000000000001       0.16176668018960108       -16.031649782380555        328.98446853124602       0.10718776433846045        30.217639796020755        58.628791287373971       -1762.5543459701480       0.65147685881790107     
   1.2000000000000002       0.17647274202501936       -15.827508962571983        342.74741892658108       0.72384439764344233        31.994603966474180        63.980127266091820       -1336.3845723572115       0.23923870879229986     
   1.3000000000000000       0.19117880386043762       -15.357675709190516        367.94176059371114        1.4765669136414465        33.771595928548003        69.278399974441740       -1026.1331413437849       -3.2486002543693715     
   1.4000000000000001       0.20588486569585593       -14.645287818677730        400.91545082533196        2.3872872510662124        35.546362245996285        74.448917227808664       -894.30669843762689       -9.7870843770419231     
   1.5000000000000000       0.22059092753127418       -13.705272793934796        439.29975177563915        3.4745712113024987        37.315533124078271        79.428736623547977       -810.32379748731341       -19.309082732892335     
   1.6000000000000001       0.23529698936669247       -12.548126193911571        481.45011533063098        4.7544558702990134        39.075149787307851        84.165434209154469       -808.35161743227229       -31.689056186041856     
   1.7000000000000002       0.25000305120211075       -11.181911173860499        526.13487299161352        6.2409092368481209        40.821013189749507        88.616452905808885       -820.67484711374414       -46.734035493097011     
   1.8000000000000000       0.26470911303752903       -9.6133579691967270        572.38320937341098        7.9460899793921298        42.548923349258523        92.748711643494630       -901.67836948165132       -64.181885598087263     
   1.9000000000000001       0.27941517487294737       -7.8484862753825837        619.38760288200433        9.8805023117817630        44.254847471875138        96.538257327361862       -1040.8209025331685       -83.707759657351303     
   2.0000000000000000       0.29412123670836560       -5.8929638189939624        666.45504830404434        12.053098817699802        45.935038323587861        99.969827760340024       -1202.1388673841925       -104.93612609987935     
   2.1000000000000001       0.30882729854378388       -3.7523133235795285        712.97668114963608        14.471360926963561        47.586115389724661        103.03626169298497       -1370.6676133127332       -127.45730646912534     
   2.2000000000000002       0.32353336037920216       -1.4320292886358175        758.42764147191212        17.141373544726296        49.205116694389346        105.73774314075381       -1512.2828422068214       -150.84522594416828     
   2.3000000000000003       0.33823942221462044        1.0623604643722047        802.33993594484991        20.067902380423668        50.789526785550308        108.08090228014500       -1760.0924397014423       -174.67673676058158     
   2.4000000000000004       0.35294548405003873        3.7252677929905076        844.31145160175470        23.254477637261338        52.337285230059692        110.07781632804382       -2196.8607754912600       -198.54758784292136     
   2.5000000000000000       0.36765154588545695        6.5510390504269935        884.00523790094212        26.703484724327094        53.846779385992555        111.74496307648774       -2237.0716144089197       -222.08644701077193     
   2.6000000000000001       0.38235760772087524        9.5339635801896065        921.14299184327706        30.416260922350908        55.316824881705578        113.10217969120018       -2899.7669724644370       -244.96526929743646     
   2.7000000000000002       0.39706366955629357        12.668290508330074        955.49495963470611        34.393195830201954        56.746636951428442        114.17167287816456       -3147.6369764351307       -266.90616913453238     
   2.8000000000000003       0.41176973139171186        15.948250179983575        986.88852471927953        38.633833391570072        58.135795475027827        114.97711633635532       -3232.1440604191912       -287.68409779927998     
   2.9000000000000004       0.42647579322713014        19.368077718484074        1015.2113688456064        43.136972896899877        59.484206221964712        115.54285962860256       -3808.5748285144300       -307.12699652882918     
   3.0000000000000000       0.44118185506254837        22.922036959816865        1040.3712643377714        47.900766941809955        60.792060414582025        115.89326136352440       -4167.0024922548428       -325.11322873811645     
   3.1000000000000001       0.45588791689796665        26.604443565592987        1062.3429775068889        52.922814597345372        62.059794325280762        116.05214966415824       -4485.8226957586849       -341.56703556645982     
   3.2000000000000002       0.47059397873338493        30.409686520055629        1081.1186948558318        58.200248394539074        63.288050229912550        116.04240518636290       -4397.6470478840929       -356.45378329672900     
   3.3000000000000003       0.48530004056880321        34.332247515383983        1096.7240343404685        63.729814335471595        64.477639676316770        115.88565651961247       -5523.8103685528740       -369.77345583851178     
   3.4000000000000004       0.50000610240422150        38.366717952493332        1109.2097786934924        69.507944284018720        65.629509706674398        115.60207436566118       -5395.5993598022878       -381.55427369044747     
   3.5000000000000000       0.51471216423963972        42.507813449589321        1118.6501339448896        75.530820819057141        66.744712402965121        115.21024946679502       -5875.5393685831705       -391.84710054528614     
   3.6000000000000001       0.52941822607505806        46.750385870802006        1125.1308395671740        81.794434331739069        67.824377908355331        114.72713895571474       -5566.5639842623623       -400.72047862378713     
   3.7000000000000002       0.54412428791047629        51.089432971790757        1128.7592722984275        88.294632992668809        68.869690911406565        114.16806664261615       -6452.7575270465140       -408.25449079656153     
   3.8000000000000003       0.55883034974589474        55.520105816000410        1129.6397416127390        95.027165752951959        69.881870459602595        113.54676421716903       -6516.0192798007183       -414.53784191292567     
   3.9000000000000004       0.57353641158131297        60.037714150283364        1127.8873641792884        101.98771914739744        70.862152887049035        112.87544197835331       -7444.9326386593730       -419.66326367417281     
   4.0000000000000000       0.58824247341673119        64.637729947135881        1123.6318073366647        109.17194830610885        71.811777591293023        112.16487959671893       -8217.6255517681802       -423.72576416532576     
   4.1000000000000005       0.60294853525214953        69.315789326887966        1116.9902796555821        116.57550287143944        72.731975369108497        111.42452918606693       -6754.2463190879762       -426.81901423958448     
   4.2000000000000002       0.61765459708756776        74.067693070300493        1108.0705088154332        124.19404845438592        73.623959014600857        110.66262459517874       -8437.9645682565388       -429.03560013352103     
   4.2999999999999998       0.63236065892298599        78.889405922928063        1097.0156040557983        132.02328391060757        74.488915889789325        109.88629222690346       -8420.0171499952721       -430.46273180950021     
   4.4000000000000004       0.64706672075840432        83.777054879387379        1083.9451092634138        140.05895542912899        75.328002193574235        109.10165999587208       -8266.4569061614693       -431.18492912619723     
   4.5000000000000000       0.66177278259382255        88.726926620051245        1068.9512539105240        148.29686749634234        76.142338676260323        108.31396195841945       -9096.1527746459033       -431.28020115181681     
   4.6000000000000005       0.67647884442924089        93.735464255905981        1052.1656629445106        156.73289132706458        76.933007570979470        107.52763700569545       -8582.5813726876131       -430.82183795244271     
   4.7000000000000002       0.69118490626465912        98.799263520284512        1033.6874601763200        165.36297125227773        77.701050538532328        106.74642064472907       -9233.1379355775971       -429.87743335961005     
   4.8000000000000007       0.70589096810007745        103.91506852954490        1013.6145792756455        174.18312917816471        78.447467447014816        105.97342934215705       -10328.600576031025       -428.50932300057156     
   4.9000000000000004       0.72059702993549568        109.07976721898262        992.05767759343689        183.18946759720967        79.173215831234458        105.21123731721360       -8453.5089673591865       -426.77394251636940     
   5.0000000000000000       0.73530309177091391        114.29038654557530        969.08859603006545        192.37817141236368        79.879210898799471        104.46194587174773       -9453.7722983406566       -424.72298789020255     
   5.1000000000000005       0.75000915360633225        119.54408753573898        944.82033485849570        201.74550853903878        80.566325969620308        103.72724556225421       -8649.2377362256466       -422.40223627572936     
   5.2000000000000002       0.76471521544175047        124.83816024416365        919.31511746846013        211.28782989631418        81.235393253268668        103.00847166243443       -10564.769457373657       -419.85460099157808     
   5.3000000000000007       0.77942127727716892        130.17001867899808        892.64974729063533        221.00156848176871        81.887204884227586        102.30665328929690       -9335.9195408008145       -417.11717414344378     
   5.4000000000000004       0.79412733911258715        135.53719573914600        864.90538610014073        230.88323817105626        82.522514148643651        101.62255686142886       -10078.033390612029       -414.22359168347128     
   5.5000000000000000       0.80883340094800538        140.93733820107559        836.14349223129830        240.92943175804393        83.142036847885947        100.95672425604718       -7806.4303750513636       -411.20434266510517     
   5.6000000000000005       0.82353946278342371        146.36820178532435        806.43271394420731        251.13681901578687        83.746452754221238        100.30950628160440       -10054.365630630595       -408.08504820688546     
   5.7000000000000002       0.83824552461884194        151.82764632664043        775.84485038593016        261.50214410355693        84.336407122411359        99.681091909562980       -10046.050083496679       -404.88939196527429     
   5.8000000000000007       0.85295158645426028        157.31363106635308        744.39119237072839        272.02222311757447        84.912512228183914        99.071533706023743       -9053.5871232423488       -401.63962187303696     
   5.9000000000000004       0.86765764828967851        162.82421008103006        712.16535517339162        282.69394132984252        85.475348910538145        98.480769968784202       -10388.793692465330       -398.35197342075190     
   6.0000000000000000       0.88236371012509673        168.35752785764362        679.18565493371818        293.51425031268150        86.025468099827833        97.908643846054133       -14332.467890915337       -395.04436202256517     
   6.1000000000000005       0.89706977196051507        173.91181502222230        645.52565069741547        304.48016491368162        86.563392317703517        97.354919863292366       -8427.6704478924385       -391.73007719132153     
   6.2000000000000002       0.91177583379593330        179.48538422630645        611.17560659955143        315.58876063298067        87.089617138398921        96.819298204756890       -9786.2863946833295       -388.42128837174664     
   6.3000000000000007       0.92648189563135164        185.07662619325356        576.23305373922926        326.83717020896154        87.604612603629704        96.301426922035915       -11313.970088492360       -385.12887114398728     
   6.4000000000000004       0.94118795746676986        190.68400592465355        540.71639897301793        338.22258081621931        88.108824585638359        95.800912421736953       -10483.899980317801       -381.86184974620119     
   6.5000000000000000       0.95589401930218809        196.30605906557139        504.63461213653193        349.74223105121774        88.602676094748119        95.317328446657953       -11789.926630981186       -378.62877060369169     
   6.6000000000000005       0.97060008113760643        201.94138842614188        468.00654307593356        361.39340782443111        89.086568529254762        94.850223700753119       -11071.882130512178       -375.43714808931480     
   6.7000000000000002       0.98530614297302466        207.58866065607072        430.89127923758662        373.17344334291789        89.560882866650857        94.399128321978054       -10529.244245195225       -372.29082617694866     
   6.8000000000000007        1.0000122048084430        213.24660306780879        393.30289291847868        385.07971205357092        90.025980796094245        93.963559376774711       -7344.8441287782753       -369.19633491539770     
   6.9000000000000004        1.0147182666438612        218.91400060355545        355.22741124946316        397.10962762410236        90.482205792745432        93.543025479224454       -12603.495100154223       -366.15786303868725     
   7.0000000000000000        1.0294243284792794        224.58969294076792        316.75454862879701        409.26063966646274        90.929884135145969        93.137030663292819       -7116.5102553580891       -363.17827270058831     
   7.1000000000000005        1.0441303903146979        230.27257173047610        277.83762810530584        421.53023078425019        91.369325867222216        92.745077630290481       -7503.4519584756699       -360.26055936122424     
   7.2000000000000002        1.0588364521501161        235.96157796237912        238.46354086874723        433.91591317729655        91.800825706802968        92.366670419750108       -9737.1374935413696       -357.40864194576147     
   7.3000000000000007        1.0735425139855344        241.65569945046650        198.74169910281591        446.41522530720385        92.224663902759602        92.001316667140287       -8082.3203754721517       -354.62314554190147     
   7.4000000000000004        1.0882485758209526        247.35396843265812        158.60948601062006        459.02572846157580        92.641107043032420        91.648529418023386       -9239.6421086752853       -351.90547340026507     
   7.5000000000000000        1.1029546376563708        253.05545927771277        118.12375078079640        471.74500302203660        93.050408815914651        91.307828666753466       -12519.486197736473       -349.25735803587042     
   7.6000000000000005        1.1176606994917895        258.75928629238138        77.179801801460712        484.57064442728182        93.452810727046199        90.978742612648489       -10453.709008829132       -346.67927314955290     
   7.7000000000000002        1.1323667613272075        264.46460162139897        35.932049485154486        497.50025903769455        93.848542774639398        90.660808738210363       -14391.392948928691       -344.17218033072476     
   7.8000000000000007        1.1470728231626259        270.17059323241983       -5.7182147819041527        510.53145916497954        94.237824085545626        90.353574813889296       -13457.234192478107       -341.73603332725475     
   7.9000000000000004        1.1617788849980442        275.87648297719829       -47.755366557224484        523.66185778252395        94.620863514907668        90.056599839396526       -4370.3117202855583       -339.37054187660470     
   8.0000000000000000        1.1764849468334624        281.58152471922540       -90.246157933506765        536.88906228384940        94.997860212390592        89.769455173325241       -3685.2712582914291       -337.07667057441881     
   8.0999999999999996        1.1911910086688804        287.28500251621358       -133.12848755137290        550.21066695336674        95.369004158447311        89.491725971196686        1421.7105002559208       -334.85255338920251     
   8.2000000000000011        1.2058970705042991        292.98622884300357       -176.41187951027609        563.62424369573250        95.734476674977699        89.223013406119378        1886.3668609503534       -332.69461922095553     
   8.3000000000000007        1.2206031323397173        298.68454283565325       -220.13953983004203        577.12733028660193        96.094450916566075        88.962938322513452       -5698.0552257306535       -330.60240923523173     
