  0.10000000000000001        1.4623079933073210E-002   5608.6436143626797       -10700.878701300280        85.786005887771779        5.5706395925957564        13.725902587287566        254380.70936129484       -3.3157547014727839     
  0.20000000000000001        2.9246159866146419E-002   12044.968509129210        180866.90718151076        466.63923341558615        10.013879710464808        26.103218718477098        1465838.8153358689       -4.5701620785472130     
  0.30000000000000004        4.3869239799219632E-002   24223.013152906500        1784534.5416653347        2501.4263184185511        14.314576600408465        38.314456033935684        29574421.854245223       -7.3800210282851015     
  0.40000000000000002        5.8492319732292838E-002   75072.478134866193        111595257.14609614        36348.586494539588        18.479436139289103        47.035629821806431        12504470566.394913       -226.95008992101864     
  0.50000000000000000        7.3115399665366038E-002   21.162233534308939        25665.743970292817       -17.957194231051218        18.320131069858757        39.275131202343161       -1593198.1458506971       -281.25426643762717     
  0.60000000000000009        8.7738479598439265E-002  -2.4579888316127381        3899.5102064519415       -6.0705817886204958        20.618789978652377        38.055817771928346       -102131.35003484647       -76.101127183963527     
  0.70000000000000007       0.10236155953151246       -9.9341528316925860        1620.7642710170949       -3.3993637665280381        22.643519270863131        41.085153471558833       -33607.065403223824       -45.838384308681427     
  0.80000000000000004       0.11698463946458568       -13.296610436109404        900.22461745320470       -2.1746750715746956        24.558529109402976        45.175597539639512       -15968.917979988692       -29.334200633093133     
  0.90000000000000002       0.13160771939765889       -14.991763432923676        600.03473626579398       -1.4069539604958690        26.420443396814317        49.836068127930844       -8902.4355585633930       -18.306276190955728     
   1.0000000000000000       0.14623079933073208       -15.829934865096334        463.76075957256671      -0.78842886582643579        28.256180049318008        54.833761640731282       -5452.2963924543246       -11.181810477571830     
   1.1000000000000001       0.16085387926380532       -16.139725146093156        404.84280545173254      -0.18419727419744902        30.078907852545672        60.013098134385601       -3584.1956873283989       -7.4979733053911710     
   1.2000000000000002       0.17547695919687853       -16.072088243397161        387.12508501248692       0.47862406376705274        31.894412145062876        65.255812990827167       -2437.8354063551255       -7.0871976447762126     
   1.3000000000000000       0.19010003912995171       -15.703078085787297        393.30265770590785        1.2457298966996433        33.704247189519421        70.466572799031013       -1777.2968489402765       -9.8756809294419767     
   1.4000000000000001       0.20472311906302493       -15.074156050267675        414.21892851197862        2.1490921887200680        35.507470626061227        75.566351675913523       -1392.7939776139222       -15.804824444777669     
   1.5000000000000000       0.21934619899609814       -14.209722073453236        444.61809594062095        3.2129089950422509        37.301667345048500        80.489091102728935       -1147.8478156326087       -24.789276131529370     
   1.6000000000000001       0.23396927892917135       -13.125350424793965        481.25147441178348        4.4564844345865531        39.083589491535356        85.179987717708642       -1032.8003568717397       -36.692211211061476     
   1.7000000000000002       0.24859235886224457       -11.831898862137905        521.96036659791116        5.8957183520712624        40.849576639711877        89.594602519159864       -958.68743569014634       -51.312569002678210     
   1.8000000000000000       0.26321543879531778       -10.337659519346403        565.21819698231627        7.5439185502580131        42.595842674182421        93.698334444464848       -971.09879218359993       -68.381939614953779     
   1.9000000000000001       0.27783851872839099       -8.6495278935121860        609.87384163281922        9.4122668810170058        44.318676638448657        97.465986786378522       -1082.5755724468218       -87.570161948775194     
   2.0000000000000000       0.29246159866146415       -6.7736557738312513        655.01719177525786        11.510104176007568        46.014584213478493        100.88127166302030       -1101.4833530607148       -108.49714335876115     
   2.1000000000000001       0.30708467859453742       -4.7158215492379441        699.90830251404441        13.845120449380421        47.680385530223631        103.93617789716991       -1325.8554985967812       -130.74886940334096     
   2.2000000000000002       0.32170775852761063       -2.4816400265345919        743.92459811183232        16.423496945480693        49.313279196597868        106.63018371163703       -1589.4924300281307       -153.89575838961176     
   2.3000000000000003       0.33633083846068385       -7.6678224340867018E-002   786.54065214963146        19.250025447656963        50.910879361300310        108.96933317630264       -1825.2771646140616       -177.51084122250447     
   2.4000000000000004       0.35095391839375706        2.4934853115468059        827.31558768500713        22.328218167608849        52.471231044215834        110.96521765917090       -2045.4463500738516       -201.18678537566842     
   2.5000000000000000       0.36557699832683016        5.2232356819139341        865.88538117338123        25.660414747025381        53.992808108804219        112.63391352023254       -2378.4585134761783       -224.54893305851041     
   2.6000000000000001       0.38020007825990343        8.1069179599724066        901.93686179382348        29.247888847425521        55.474497731211429        113.99492765943721       -2692.5516487145323       -247.26700805969236     
   2.7000000000000002       0.39482315819297670        11.138846310824192        935.24070529491928        33.090954611736720        56.915574818693507        115.07019643365980       -3050.1571219607408       -269.06008103826582     
   2.8000000000000003       0.40944623812604986        14.313320514819225        965.60833833127913        37.189072016914068        58.315669444208325        115.88317336333631       -3394.1667613754430       -289.70084657196799     
   2.9000000000000004       0.42406931805912312        17.624646343308541        992.90855194401342        41.540949751437005        59.674729958528275        116.45802955585083       -3414.6337381643989       -309.01548089660474     
   3.0000000000000000       0.43869239799219628        21.067157418438455        1017.0556876714620        46.144644072790015        60.992984015579751        116.81897954622045       -4148.2974439568206       -326.88004223466294     
   3.1000000000000001       0.45331547792526949        24.635236978615694        1038.0063687466663        50.997652275043230        62.270899316913209        116.98973537659008       -4389.8265047612294       -343.21777490891776     
   3.2000000000000002       0.46793855785834271        28.323338515922160        1055.7483255954139        56.096999829212095        63.509145467626617        116.99308418786815       -4917.4414263688959       -357.99260604035231     
   3.3000000000000003       0.48256163779141592        32.126004636279504        1070.3014236825782        61.439320296559224        64.708557956773035        116.85057895197914       -4777.6839859648626       -371.20317880335318     
   3.4000000000000004       0.49718471772448913        36.037883768481834        1081.7098352335743        67.020927795824079        65.870104942987453        116.58232881627129       -5740.9184467053665       -382.87874547725937     
   3.5000000000000000       0.51180779765756235        40.053744545940503        1090.0485543517123        72.837881706019630        66.994857247438915        116.20687380679229       -6175.1580845345234       -393.06550072635946     
   3.6000000000000001       0.52643087759063556        44.168487825798934        1095.3958569625454        78.886043962438194        68.083961732529630        115.74112859510421       -6377.3568303980173       -401.83475324789629     
   3.7000000000000002       0.54105395752370877        48.377156408257406        1097.8514203352179        85.161129067920541        69.138618073261497        115.20038073446415       -7017.8190318316783       -409.26570147175624     
   3.8000000000000003       0.55567703745678199        52.674942584841915        1097.5312940525221        91.658747318149139        70.160058803287683        114.59833024678544       -7106.4090201797562       -415.44605244920911     
   3.9000000000000004       0.57030011738985520        57.057193685814582        1094.5390655910790        98.374441839353011        71.149532432612119        113.94715908336650       -7191.5137334237552       -420.46940995312065     
   4.0000000000000000       0.58492319732292830        61.519415819985284        1088.9918030423473        105.30371987419639        72.108289381224125        113.25762098934432       -7206.6083703244030       -424.42983385619465     
   4.1000000000000005       0.59954627725600163        66.057276009710677        1081.0174440321296        112.44207903353609        73.037570445727113        112.53914388772655       -8165.2329672727374       -427.42135694685976     
   4.2000000000000002       0.61416935718907484        70.666602923550386        1070.7237538844665        119.78502895757929        73.938597507859853        111.79993865811610       -7974.5775311853686       -429.53620235170848     
   4.2999999999999998       0.62879243712214794        75.343386401925613        1058.2515876371619        127.32810913967141        74.812566199322873        111.04710966533558       -8418.1816355306655       -430.86243049798162     
   4.4000000000000004       0.64341551705522126        80.083775959497757        1043.6989072111433        135.06690314052537        75.660640252077258        110.28676347454791       -8055.0672771517111       -431.48362752242241     
   4.5000000000000000       0.65803859698829437        84.884078433548893        1027.1886605302516        142.99705000321251        76.483947283782683        109.52411336166533       -8578.4894651927370       -431.47849613216266     
   4.6000000000000005       0.67266167692136769        89.740754931866149        1008.8302499926729        151.11425295202312        77.283575791634235        108.76357793370062       -10091.683056067764       -430.92032903117575     
   4.7000000000000002       0.68728475685444090        94.650417217329277        988.73091810369567        159.41428606274403        78.060573152588816        108.00887288868566       -9599.4088976780658       -429.87682710516043     
   4.8000000000000007       0.70190783678751412        99.609823650356475        966.98781999948585        167.89299908936223        78.815944452492076        107.26309537500357       -7711.0894548285287       -428.40984519888258     
   4.9000000000000004       0.71653091672058722        104.61587479505124        943.70786715586144        176.54632072817924        79.550651989990982        106.52880079288707       -8458.9413547519580       -426.57640752398851     
   5.0000000000000000       0.73115399665366032        109.66560878052383        918.96460218920947        185.37026058083845        80.265615322822214        105.80807216182818       -9066.9698416012689       -424.42778846962790     
   5.1000000000000005       0.74577707658673376        114.75619649570558        892.87229642270381        194.36091017370799        80.961711743768561        105.10258234133119       -10293.972655294510       -422.01060081693794     
   5.2000000000000002       0.76040015651980686        119.88493668407068        865.50052242321556        203.51444304789274        81.639777091178289        104.41364950484910       -10189.615742961534       -419.36660328184098     
   5.3000000000000007       0.77502323645288007        125.04925099398884        836.92081932141116        212.82711417358885        82.300606814453459        103.74228634393390       -11133.182509231458       -416.53323940415999     
   5.4000000000000004       0.78964631638595340        130.24667903101999        807.19714304729644        222.29525876905700        82.944957228425523        103.08924351227945       -10335.926675654051       -413.54562097898730     
   5.5000000000000000       0.80426939631902650        135.47487345017134        776.42522100088479        231.91529074819107        83.573546902178251        102.45504784204940       -9314.2827360193223       -410.43139988925947     
   5.6000000000000005       0.81889247625209971        140.73159511893596        744.64180489021612        241.68370073169595        84.187058137864355        101.84003582452306       -7865.0531946585588       -407.21860244660502     
   5.7000000000000002       0.83351555618517292        146.01470837568650        711.93273560816851        251.59705387598706        84.786138503502670        101.24438286284844       -9066.3804387746295       -403.93017362217978     
   5.8000000000000007       0.84813863611824625        151.32217640268368        678.32950524906505        261.65198734831932        85.371402390897330        100.66812871541943       -8305.6464205799366       -400.58762109388721     
   5.9000000000000004       0.86276171605131935        156.65205672836805        643.88202383353996        271.84520788144613        85.943432575782509        100.11119963598247       -11087.074032188637       -397.20841582245578     
   6.0000000000000000       0.87738479598439256        162.00249686976804        608.66598801112559        282.17348892767239        86.502781762281700        99.573427503969469       -10928.347148825495       -393.80939469352501     
   6.1000000000000005       0.89200787591746578        167.37173012259245        572.71220187789288        292.63366803887840        87.049974097888906        99.054566358894647       -10380.768903591033       -390.40297990251605     
   6.2000000000000002       0.90663095585053899        172.75807150386254        536.05643166156938        303.22264392378457        87.585506648571950        98.554306653163337       -5582.3648897859466       -387.00303695972667     
   6.3000000000000007       0.92125403578361231        178.15991384967288        498.73814428806355        313.93737378755742        88.109850826372167        98.072287494041177       -11275.768327086815       -383.61984727891610     
   6.4000000000000004       0.93587711571668541        183.57572406881764        460.78790910032700        324.77487012210077        88.623453764131909        97.608107102814756       -8179.8043102017264       -380.26144829991608     
   6.5000000000000000       0.95050019564975852        189.00403955148636        422.24035824074411        335.73219823935682        89.126739633801449        97.161331797384065       -9779.0800293382126       -376.93720939940613     
   6.6000000000000005       0.96512327558283184        194.44346473098904        383.12622961547623        346.80647311718667        89.620110906236320        96.731503616219058       -9302.8307330539028       -373.65395807689055     
   6.7000000000000002       0.97974635551590505        199.89266779549689        343.48741585519531        357.99485667196637        90.103949551555090        96.318146778422431       -10122.137288927535       -370.41650605188323     
   6.8000000000000007       0.99436943544897827        205.35037754596442        303.32667120749198        369.29455485218176        90.578618180038248        95.920773185071084       -11549.561346007442       -367.23002793491418     
   6.9000000000000004        1.0089925153820514        210.81538039579050        262.66263685839454        380.70281468569073        91.044461124255861        95.538887014146937       -9459.3329251587238       -364.09845022409883     
   7.0000000000000000        1.0236155953151247        216.28651750728841        221.53367069764229        392.21692159109705        91.501805463653099        95.171988605322611       -12873.084804002146       -361.02589344917834     
   7.1000000000000005        1.0382386752481980        221.76268205964880        179.95143812945324        403.83419619342584        91.950961993228447        94.819577688273426       -12610.014711614174       -358.01459868990219     
   7.2000000000000002        1.0528617551812711        227.24281664278260        137.88942034553884        415.55199155236517        92.392226138237888        94.481156079979201       -7382.0852832556129       -355.06798678760561     
   7.3000000000000007        1.0674848351143442        232.72591077120524        95.449265636672479        427.36769013342382        92.825878817069892        94.156229883207487       -11151.893577735389       -352.18491603122561     
   7.4000000000000004        1.0821079150474175        238.21099851192821        52.571627618715411        439.27870048339753        93.252187254582168        93.844311342671475       -10451.827803338489       -349.37043878245964     
   7.5000000000000000        1.0967309949804906        243.69715622011859        9.2974428166359147        451.28245411656980        93.671405748286460        93.544920342925053       -6160.0753185898293       -346.62342496159789     
   7.6000000000000005        1.1113540749135640        249.18350037613686       -34.407007440583470        463.37640213145630        94.083776389831129        93.257585640145635       -5845.2144778592401       -343.94595111436035     
   7.7000000000000002        1.1259771548466371        254.66918551727144       -78.537186643259631        475.55801136053856        94.489529744273526        92.981845904400728       -7245.1633131724329       -341.33733451554747     
   7.8000000000000007        1.1406002347797104        260.15340225722048       -122.98735418664677        487.82476032212298        94.888885489680206        92.717250642714092       -7723.3265993753912       -338.79717847293091     
   7.9000000000000004        1.1552233147127835        265.63537538588616       -167.89148355434202        500.17413500027442        95.282053019657610        92.463361004476496       -7617.8202335832730       -336.32691916949028     
   8.0000000000000000        1.1698463946458566        271.11436204134770       -213.19274311281333        512.60362358724262        95.669232011539975        92.219750686979296       -7950.8005001152778       -333.92537375220854     
   8.0999999999999996        1.1844694745789297        276.58964994487337       -258.93019233825174        525.11071085523258        96.050612963199143        91.986006980739873       -25218.784946757318       -331.59185441430230     
   8.2000000000000011        1.1990925545120033        282.06055568817101       -305.00931285240478        537.69287072307941        96.426377701900336        91.761732152278341       -5134.1539823258690       -329.32358313905831     
   8.3000000000000007        1.2137156344450764        287.52642305944050       -351.65100737112704        550.34755841740946        96.796699869525114        91.546545763485199       -14158.827396092920       -327.12050557296550     
