         599   1.4301729256842435        13.270000000000000        2.4852292864897709       0.55361900249135265       -2.6890093090033158      -0.88248101870939366     
         598   1.4282160091779408        13.271000000000001        2.4846099814944536       0.55343933773236498       -2.6809772733601869      -0.88194796809303000     
         597   1.4262590926716383        13.272000000000000        2.4842365077773918       0.55331445409343372       -2.6727169521798895      -0.88148809841912201     
         594   1.4203883431527307        13.275000000000000        2.4829551941580812       0.55290408855524287       -2.6482674062088853      -0.88001962856611349     
         591   1.4145175936338228        13.276999999999999        2.4814845322136532       0.55249336360348533       -2.6237720497510795      -0.87854329900587169     
         590   1.4125606771275201        13.278000000000000        2.4810445465551618       0.55235380011734070       -2.6158483098486203      -0.87805071071212470     
         589   1.4106037606212176        13.270000000000000        2.4576982536827110       0.54748608630407836       -2.6303791171675224      -0.87228605559856764     
         588   1.4086468441149151        13.279000000000000        2.4800213980688697       0.55208443815772523       -2.5998097407767720      -0.87704573169013067     
         585   1.4027760945960075        13.282000000000000        2.4785296282603477       0.55162772706367313       -2.5758589281199882      -0.87554139574868306     
         584   1.4008191780897048        13.282999999999999        2.4785006166397281       0.55157974180029234       -2.5675218746814057      -0.87514058983028309     
         583   1.3988622615834021        13.282999999999999        2.4779129414023937       0.55144895718257025       -2.5595038174681051      -0.87462332898490935     
         581   1.3949484285707971        13.285000000000000        2.4769490460422827       0.55115146038987128       -2.5434103295751931      -0.87362960905952569     
         579   1.3910345955581920        13.285000000000000        2.4758306748937184       0.55090260912957834       -2.5274628829924466      -0.87263318799435252     
         578   1.3890776790518893        13.287000000000001        2.4754236107286300       0.55072912245688521       -2.5195696526312945      -0.87211116396119093     
         577   1.3871207625455870        13.284000000000001        2.4668797390541806       0.54895223762606038       -2.5193827433289298      -0.86981207281554429     
         576   1.3851638460392843        13.282999999999999        2.4589027560894778       0.54721832151676597       -2.5191722678223041      -0.86751312798553892     
         570   1.3734223470014690        13.294000000000000        2.4735764797818867       0.55002840322485635       -2.4545451643006482      -0.86852351170048192     
         569   1.3714654304951663        13.294000000000000        2.4712299468999226       0.54950662443825693       -2.4486840545476878      -0.86759387430107271     
         566   1.3655946809762587        13.295999999999999        2.4690981837262198       0.54895001605433846       -2.4255645880436245      -0.86592887867139723     
         565   1.3636377644699562        13.298000000000000        2.4703046458829263       0.54913564491490230       -2.4162460472391869      -0.86579086015833173     
         564   1.3616808479636535        13.298000000000000        2.4684168525266763       0.54871599844584107       -2.4099268169877970      -0.86496430482022868     
         563   1.3597239314573510        13.298000000000000        2.4677524216898852       0.54856829898833859       -2.4020425730084147      -0.86442355812844351     
         561   1.3558100984447459        13.300000000000001        2.4670851705921644       0.54833750343294974       -2.3862458065324272      -0.86348628942947636     
         560   1.3538531819384432        13.300000000000001        2.4656112039396167       0.54800989772073705       -2.3794381997431477      -0.86273408972050680     
         559   1.3518962654321407        13.301000000000000        2.4658206984632955       0.54801525608675183       -2.3710913714445176      -0.86237257102671316     
         558   1.3499393489258382        13.302000000000000        2.4652309155159240       0.54784299192480335       -2.3635149237662971      -0.86183329855379931     
         557   1.3479824324195355        13.303000000000001        2.4646429279272577       0.54767115261013066       -2.3557881984433497      -0.86129990099136089     
         553   1.3401547663943254        13.305999999999999        2.4628452638050948       0.54714830251034463       -2.3250911924101989      -0.85925839833944617     
         552   1.3381978498880227        13.307000000000000        2.4621800310006079       0.54695940746525296       -2.3176648377187306      -0.85869819214040044     
         551   1.3362409333817202        13.308000000000000        2.4618464351147842       0.54684420654357790       -2.3099248195390323      -0.85821102040522712     
         550   1.3342840168754175        13.308000000000000        2.4608132510654683       0.54661470778053456       -2.3025278927180914      -0.85758127746979462     
         549   1.3323271003691151        13.308999999999999        2.4605138249726024       0.54650713090058500       -2.2949151149962925      -0.85709524165705275     
         548   1.3303701838628126        13.310000000000000        2.4601764912180233       0.54639115111024172       -2.2871078450998548      -0.85660909031153532     
         547   1.3284132673565101        13.311000000000000        2.4593327919441497       0.54616273630428225       -2.2798508409496141      -0.85600834975613438     
         546   1.3264563508502074        13.311999999999999        2.4586881111432288       0.54597855004114482       -2.2724420317808045      -0.85545006019171055     
         545   1.3244994343439047        13.305000000000000        2.4637396059858183       0.54738812895637179       -2.2466291164804826      -0.85662267270748593     
         543   1.3205856013312995        13.315000000000000        2.4584549484792708       0.54580377107216371       -2.2488062725392992      -0.85413959605580858     
         542   1.3186286848249973        13.297000000000001        2.4032588025499542       0.53427188574474360       -2.2947121607520313      -0.84124088117005968     
         540   1.3147148518123919        13.316000000000001        2.4556245716909908       0.54513445522389947       -2.2272162099105737      -0.85227191114363876     
         538   1.3108010187997867        13.317000000000000        2.4540463465011326       0.54474318943706057       -2.2124819190481406      -0.85111522285191532     
         537   1.3088441022934842        13.319000000000001        2.4539652111773012       0.54464338250851718       -2.2050696278934110      -0.85063811939768319     
         536   1.3068871857871818        13.315000000000000        2.4404680857988694       0.54181049168065287       -2.2100986091113617      -0.84715877040205478     
         534   1.3029733527745766        13.320000000000000        2.4514805205800165       0.54405107206258052       -2.1833087407831151      -0.84883635403664748     
         533   1.3010164362682739        13.321999999999999        2.4516650971695575       0.54401035145740118       -2.1753488964168852      -0.84844750873808983     
         532   1.2990595197619714        13.324999999999999        2.4516719713858759       0.54388939758457810       -2.1681644414768577      -0.84792579904086274     
         531   1.2971026032556687        13.323000000000000        2.4504605069128669       0.54370224746471907       -2.1607747902388938      -0.84732978812903226     
         530   1.2951456867493665        13.321000000000000        2.4376361661370174       0.54093801740210823       -2.1656144483035664      -0.84394745290260242     
         529   1.2931887702430638        13.324999999999999        2.4491451979311796       0.54332884735267628       -2.1461571748851451      -0.84619211244112180     
         528   1.2912318537367613        13.324999999999999        2.4484681330796683       0.54317864438975461       -2.1389528147175350      -0.84561552373013704     
         527   1.2892749372304586        13.326000000000001        2.4480414519151688       0.54304323390140563       -2.1314928125230588      -0.84509403986294540     
         526   1.2873180207241559        13.327000000000000        2.4472925527469651       0.54283637224142600       -2.1243387352902969      -0.84450187958973943     
         525   1.2853611042178537        13.329000000000001        2.4492097167837299       0.54318010454958843       -2.1146538137092876      -0.84449054945104618     
         524   1.2834041877115510        13.323000000000000        2.4337579029411587       0.53999631411369697       -2.1216411174119960      -0.84062452372825647     
         523   1.2814472712052485        13.324999999999999        2.4377031758900927       0.54079050023784658       -2.1096890783855611      -0.84113305422147699     
         522   1.2794903546989458        13.330000000000000        2.4447261828228837       0.54214508258725846       -2.0955877477230840      -0.84221359859742462     
         521   1.2775334381926431        13.331000000000000        2.4444076091774183       0.54203377265765029       -2.0882584226698557      -0.84170516702965315     
         520   1.2755765216863406        13.331000000000000        2.4434354081823217       0.54181819250187957       -2.0809739023362885      -0.84107493347535822     
         519   1.2736196051800381        13.332000000000001        2.4432038738068140       0.54172621446620739       -2.0736803240068751      -0.84058045949456706     
         518   1.2716626886737357        13.335000000000001        2.4453510620296348       0.54208032551100505       -2.0640985893071422      -0.84060351032912295     
         516   1.2677488556611305        13.335000000000001        2.4425682338516048       0.54146343396197094       -2.0512121809591983      -0.83912661993139204     
         515   1.2657919391548278        13.336000000000000        2.4419246898137592       0.54128018352138629       -2.0441388851222162      -0.83854720978532171     
         514   1.2638350226485251        13.339000000000000        2.4442547205647269       0.54167480868831053       -2.0343340552139759      -0.83860946733063524     
         513   1.2618781061422228        13.337000000000000        2.4392008921697887       0.54063588343111701       -2.0311248483513267      -0.83708412635720120     
         512   1.2599211896359201        13.337000000000000        2.4385800635889088       0.54049828008349576       -2.0239813369197899      -0.83651074961385352     
         511   1.2579642731296177        13.337999999999999        2.4378910817217743       0.54030505918433747       -2.0169130280306828      -0.83592148047191173     
         510   1.2560073566233150        13.339000000000000        2.4371444722395355       0.54009909631722652       -2.0099092686511977      -0.83531934841273348     
         509   1.2540504401170123        13.337999999999999        2.4359738614507487       0.53988014938431705       -2.0028045456645076      -0.83470687646637676     
         508   1.2520935236107098        13.340000000000000        2.4360373181426245       0.53981326950738062       -1.9956205264345177      -0.83419417812931851     
         507   1.2501366071044073        13.343000000000000        2.4388099295340648       0.54030615771920931       -1.9856801355525409      -0.83433742459188609     
         506   1.2481796905981049        13.342000000000001        2.4344761964327279       0.53938646547518176       -1.9818684138989309      -0.83296574302470716     
         505   1.2462227740918022        13.337999999999999        2.4226556337408622       0.53692845647852139       -1.9851165578602366      -0.82993243311288067     
         504   1.2442658575854997        13.343999999999999        2.4336191476127915       0.53911576152424179       -1.9675415996299908      -0.83188455896602764     
         503   1.2423089410791970        13.340999999999999        2.4166196478743691       0.53547027401171010       -1.9769184088073244      -0.82752904768309055     
         501   1.2383951080665920        13.346000000000000        2.4316265488418103       0.53859361983871978       -1.9466029861203344      -0.83011141835043500     
         500   1.2364381915602893        13.348000000000001        2.4329462467568259       0.53880518252784559       -1.9379781194322481      -0.82993878630228868     
         499   1.2344812750539869        13.347000000000000        2.4301543833717187       0.53822721351806047       -1.9328096125569940      -0.82889555377358903     
         498   1.2325243585476842        13.348000000000001        2.4293245704441735       0.53800311878751572       -1.9259958398374508      -0.82826719206403165     
         497   1.2305674420413817        13.349000000000000        2.4287986228353655       0.53784634721687408       -1.9191231748716397      -0.82769526341191091     
         496   1.2286105255350792        13.345000000000001        2.4171869390398162       0.53543543505598534       -1.9222608823876981      -0.82471063734290229     
         495   1.2266536090287765        13.350000000000000        2.4274745528818635       0.53751287182848351       -1.9051521667996896      -0.82650959626853027     
         494   1.2246966925224740        13.352000000000000        2.4270494784269481       0.53733824797340768       -1.8982343540178592      -0.82595654566881627     
         493   1.2227397760161713        13.882999999999999                            NaN                       NaN  -6.4705892363530529E-012  -7.4975264851486269E-015
         492   1.2207828595098689        13.348000000000001        2.4151040097667393       0.53485380474012689       -1.8943806293793555      -0.82243996199970015     
         491   1.2188259430035662        13.932000000000000                            NaN                       NaN  -6.3922791839930654E-012  -7.4700148697661303E-015
         490   1.2168690264972637        13.957000000000001                            NaN                       NaN  -6.3534030984696352E-012  -7.4562590620748828E-015
         489   1.2149121099909612        13.349000000000000        2.4124594331632250       0.53422810838924117       -1.8740271142520517      -0.82057091285522143     
         488   1.2129551934846585        13.356000000000000        2.4235008555292308       0.53639190562358274       -1.8568305224606110      -0.82244504207843505     
         487   1.2109982769783560        13.343999999999999        2.3940281158570302       0.53034522351484337       -1.8763296130353737      -0.81561119457390174     
         486   1.2090413604720534        14.060000000000000                            NaN                       NaN  -6.1997346171578986E-012  -7.4012358313098896E-015
         485   1.2070844439657509        14.086000000000000                            NaN                       NaN  -6.1617716276215604E-012  -7.3874800236186421E-015
         483   1.2031706109531457        13.356999999999999        2.4093192358405173       0.53321317362336274       -1.8331897836467259      -0.81700531965177392     
         482   1.2012136944468432        13.359000000000000        2.4160911288950015       0.53463182752064464       -1.8191211983372744      -0.81809179834405676     
         481   1.1992567779405405        13.362000000000000        2.4186972118027987       0.53508833710372383       -1.8093651258489993      -0.81817807354338545     
         480   1.1972998614342381        13.356000000000000        2.4066064874063740       0.53265268585353376       -1.8128322867404418      -0.81515997255945905     
         479   1.1953429449279354        13.356000000000000        2.4055905873533385       0.53242783733981125       -1.8063410191873437      -0.81448008452225285     
         478   1.1933860284216331        13.356999999999999        2.4051004377644882       0.53227949963050525       -1.7996399640267615      -0.81390154493509681     
         477   1.1914291119153304        13.358000000000001        2.4039961712652671       0.53199528237557825       -1.7930473841222061      -0.81320873841488905     
         476   1.1894721954090277        13.359000000000000        2.4036780366288850       0.53188506266395175       -1.7862426004749317      -0.81266343736390323     
         475   1.1875152789027252        13.361000000000001        2.4049665455204523       0.53209052324297357       -1.7777026300739431      -0.81246517443120603     
         474   1.1855583623964225        13.359999999999999        2.4021169706118681       0.53149984460340405       -1.7729847225284823      -0.81139354975347211     
         473   1.1836014458901201        13.361000000000001        2.4016656937060969       0.53136022120516802       -1.7661909408177083      -0.81082261074906470     
         472   1.1816445293838176        13.368000000000000        2.4107153105238708       0.53308312848270878       -1.7510131533512991      -0.81224197216455352     
         471   1.1796876128775149        13.368000000000000        2.4083825129196241       0.53256727535000581       -1.7458591077684686      -0.81127515356048574     
         470   1.1777306963712124        13.363000000000000        2.3995565923805127       0.53081413259157550       -1.7463346338551979      -0.80895294730001610     
         469   1.1757737798649097        13.371000000000000        2.4105955575380267       0.53293704754687177       -1.7293476072837646      -0.81078705107140481     
         468   1.1738168633586072        13.365000000000000        2.3980887765618704       0.53041004715115081       -1.7331349065502313      -0.80769193511101822     
         467   1.1718599468523048        13.366000000000000        2.3972156818015509       0.53017726669022291       -1.7267094535771985      -0.80702984220783647     
         466   1.1699030303460023        13.372000000000000        2.4061893749072123       0.53192314212001479       -1.7116642587829314      -0.80842157967216588     
         465   1.1679461138396996        13.367000000000001        2.3954849264283484       0.52975485179110349       -1.7136601900041919      -0.80571354874988788     
         464   1.1659891973333969        13.368000000000000        2.3949572725323014       0.52959854274393492       -1.7071785594026723      -0.80511346996509203     
         463   1.1640322808270944        13.375000000000000        2.4045303296551057       0.53143715844749284       -1.6916469540091019      -0.80662433011282164     
         462   1.1620753643207917        14.933000000000000                            NaN                       NaN  -5.3363381793557219E-012  -7.0710964467199384E-015
         461   1.1601184478144895        13.369999999999999        2.3927395271996978       0.52902898263775966       -1.6876343587435387      -0.80319994380504567     
         460   1.1581615313081868        13.375999999999999        2.4012144655476204       0.53066462703675854       -1.6730878797484019      -0.80447626640718373     
         459   1.1562046148018843        13.378000000000000        2.4009182782572109       0.53051984597093615       -1.6664566458053416      -0.80391905076439940     
         458   1.1542476982955816        15.109000000000000                            NaN                       NaN  -5.2016759894170983E-012  -7.0160732159549467E-015
         457   1.1522907817892789        13.378000000000000        2.3983989868874827       0.52996316976853153       -1.6539825403379413      -0.80246290726725444     
         456   1.1503338652829764        13.374000000000001        2.3887484883154024       0.52798861130529029       -1.6555659551999116      -0.79993045828774445     
         455   1.1483769487766740        13.380000000000001        2.3972019449446185       0.52961948724978791       -1.6410904035637752      -0.80119212005964902     
         454   1.1464200322703715        15.300000000000001                            NaN                       NaN  -5.0695119198761292E-012  -6.9610499851899551E-015
         453   1.1444631157640688        13.384000000000000        2.3986988419891611       0.52979181704521139       -1.6258054378360576      -0.80051113810612040     
         452   1.1425061992577661        13.382000000000000        2.3947903885377793       0.52900762201440854       -1.6221225227785847      -0.79920659538580097     
         451   1.1405492827514636        13.377000000000001        2.3848444892932221       0.52700748850171641       -1.6235760968223589      -0.79665902330356564     
         450   1.1385923662451609        13.382000000000000        2.3928379640607416       0.52857633273134486       -1.6094775958958412      -0.79788100520658811     
         449   1.1366354497388587        13.379000000000000        2.3832742676575549       0.52658176850032190       -1.6109490207908785      -0.79533937520400499     
         448   1.1346785332325560        13.380000000000001        2.3827045160856954       0.52641653605291638       -1.6045893054695097      -0.79471873030473272     
         447   1.1327216167262535        13.385999999999999        2.3903954767067748       0.52787900110607944       -1.5906455565092188      -0.79581434210376456     
         446   1.1307647002199508        15.698000000000000                            NaN                       NaN  -4.8124841020891788E-012  -6.8510035236599703E-015
         445   1.1288077837136481        13.388999999999999        2.3916034778733088       0.52802742929676161       -1.5759693602218205      -0.79504950733951274     
         444   1.1268508672073458        13.388000000000000        2.3880857566615377       0.52729015559629921       -1.5718895563071980      -0.79382572011708441     
         443   1.1248939507010431        13.388999999999999        2.3878030191737301       0.52718834938412007       -1.5652695938295700      -0.79325996003534471     
         442   1.1229370341947407        13.384000000000000        2.3775906335924137       0.52512972446179718       -1.5668991214299213      -0.79066334817557260     
         441   1.1209801176884380        13.380000000000001        2.3668470072548708       0.52291309917570572       -1.5699697223677316      -0.78786737994595679     
         440   1.1190232011821353        14.599000000000000                            NaN                       NaN  -4.6259202390505932E-012  -6.7684686775124829E-015
         439   1.1170662846758328        13.397000000000000        2.3917775910973433       0.52775053688162121       -1.5342927876789478      -0.79204498401700985     
         438   1.1151093681695303        13.391999999999999        2.3814442281364445       0.52566664775152627       -1.5360783154475550      -0.78941741258208031     
         437   1.1131524516632278        13.388000000000000        2.3737442306065222       0.52412354171572861       -1.5359573192266307      -0.78732502373442304     
         436   1.1111955351569252        13.390000000000001        2.3730967097448468       0.52390230442561592       -1.5298915174505014      -0.78662042241208840     
         435   1.1092386186506227        13.388999999999999        2.3715407003675129       0.52359789198886364       -1.5238853364252818      -0.78585763538921516     
         434   1.1072817021443200        13.390000000000001        2.3706701168397308       0.52336659190717005       -1.5177808104647836      -0.78516616320734811     
         433   1.1053247856380173        13.391000000000000        2.3703488917941797       0.52325659773806876       -1.5114238637697341      -0.78457904557690450     
         432   1.1033678691317150        13.398000000000000        2.3791486800550028       0.52492475999355070       -1.4969832657795066      -0.78586192478100836     
         431   1.1014109526254123        13.393000000000001        2.3686280611994670       0.52279864078326099       -1.4991680311173294      -0.78319747614877933     
         430   1.0994540361191099        13.394000000000000        2.3683508698778790       0.52269843196015009       -1.4924366420607700      -0.78262750391483671     
         429   1.0974971196128072        13.394000000000000        2.3668149537460343       0.52235945306815046       -1.4871343308831662      -0.78178979029403251     
         428   1.0955402031065047        13.400000000000000        2.3741950046311135       0.52375361927723274       -1.4737843157533022      -0.78277956652952518     
         427   1.0935832866002020        13.395000000000000        2.3646365449522349       0.52183971441729582       -1.4751470233887587      -0.78031335800189583     
         426   1.0916263700938995        13.396000000000001        2.3638974793633034       0.52163767104425773       -1.4689881019177529      -0.77964128325488535     
         425   1.0896694535875970        13.401999999999999        2.3653006662093614       0.52171363728285614       -1.4622133046634826      -0.77922802809616387     
         424   1.0877125370812943        13.398999999999999        2.3654448272681932       0.52186225224022864       -1.4539262637801074      -0.77894402668182594     
         423   1.0857556205749919        13.404999999999999        2.3727493219267761       0.52323945929240534       -1.4412508902270169      -0.77986141873558934     
         422   1.0837987040686892        13.401999999999999        2.3609644881845697       0.52075720783541268       -1.4452870675129630      -0.77682046508995350     
         421   1.0818417875623865        13.398999999999999        2.3592394040996640       0.52049321751428568       -1.4391876270560859      -0.77606784553526142     
         420   1.0798848710560842        13.400000000000000        2.3584146027162598       0.52027242139734831       -1.4331739018669210      -0.77537150423091794     
         419   1.0779279545497815        13.404999999999999        2.3645346659191717       0.52142796065326480       -1.4211815494259987      -0.77608139819022859     
         418   1.0759710380434790        13.401999999999999        2.3566172959637881       0.51979834899016220       -1.4212940774495773      -0.77394594456768173     
         417   1.0740141215371763        13.401999999999999        2.3553270884092679       0.51951376830841856       -1.4154753759618304      -0.77315946897446963     
         416   1.0720572050308739        13.407999999999999        2.3622262123518962       0.52080234566513506       -1.4032319329684138      -0.77400918150555076     
         415   1.0701002885245714        13.409000000000001        2.3610655806915544       0.52050763937972899       -1.3974393625645281      -0.77324215260135665     
         414   1.0681433720182687        13.404000000000000        2.3522536904742624       0.51875845479474070       -1.3980412569924283      -0.77095430377601804     
         413   1.0661864555119662        13.404000000000000        2.3514843724974739       0.51858879188529317       -1.3920801447969882      -0.77027191019581143     
         412   1.0642295390056635        13.406000000000001        2.3506663654708566       0.51833105149256020       -1.3862075832772567      -0.76953559873468591     
         411   1.0622726224993611        13.406000000000001        2.3493992074474530       0.51805163823327083       -1.3804643463942732      -0.76874619596008897     
         410   1.0603157059930584        13.410000000000000        2.3524289466432742       0.51856498124150008       -1.3715632463393350      -0.76880501203428986     
         409   1.0583587894867561        13.387000000000000        2.3205674346912915       0.51242036150781045       -1.3820458915391358      -0.76196462854315850     
         408   1.0564018729804534        13.414000000000000        2.3543866243498535       0.51884176536268023       -1.3564943666712528      -0.76811732343653671     
         407   1.0544449564741507        13.409000000000001        2.3458196075216722       0.51714659529455043       -1.3571081073559215      -0.76585400312097462     
         406   1.0524880399678482        13.414999999999999        2.3521519607025145       0.51831066770284651       -1.3452032726458569      -0.76658601118305436     
         405   1.0505311234615455        13.412000000000001        2.3461165012631584       0.51709635673065091       -1.3437157095763805      -0.76481897040991575     
         404   1.0485742069552431        13.412000000000001        2.3431680792584468       0.51644650908842171       -1.3397680613319611      -0.76367658442657016     
         403   1.0466172904489406        13.403000000000000        2.3192722878195173       0.51152300441812126       -1.3548593271085791      -0.75811579662722961     
         402   1.0446603739426379        13.413000000000000        2.3411507900242956       0.51596341770081777       -1.3283871089608168      -0.76217150890936325     
         401   1.0427034574363354        13.413000000000000        2.3394075092592646       0.51557921814162233       -1.3228944966193983      -0.76128374591631431     
         400   1.0407465409300327        13.414000000000000        2.3387187529948195       0.51538899938565386       -1.3170097143107498      -0.76059048558918207     
         399   1.0387896244237302        13.414000000000000        2.3374223829826426       0.51510331525088826       -1.3114301867008105      -0.75978159102606058     
         398   1.0368327079174275        13.414999999999999        2.3365655554365952       0.51487611064384886       -1.3056199191790598      -0.75905538734792577     
         397   1.0348757914111253        13.420000000000000        2.3423086803368709       0.51594933921213226       -1.2945620673541611      -0.75963355131406796     
         396   1.0329188749048226        13.417000000000000        2.3354625294502900       0.51455633873032458       -1.2935374000905062      -0.75771988063225737     
         395   1.0309619583985199        13.417999999999999        2.3347277293051647       0.51435610913740981       -1.2878875341239355      -0.75700722996816949     
         394   1.0290050418922174        13.428000000000001        2.3468198415069237       0.51663505086256922       -1.2713071607085868      -0.75885118321116174     
         393   1.0270481253859147        13.417999999999999        2.3309099865614122       0.51351503491761263       -1.2777652100476871      -0.75513661223014328     
         392   1.0250912088796122        13.423000000000000        2.3312474977181825       0.51339808141378795       -1.2720914994843373      -0.75447379922934332     
         391   1.0231342923733098        13.420000000000000        2.3291698072538605       0.51305518911907266       -1.2664487111078810      -0.75365838844133104     
         390   1.0211773758670071        13.420000000000000        2.3279245012059282       0.51278088076768358       -1.2609044396774332      -0.75284970785910688     
         389   1.0192204593607046        13.420999999999999        2.3265685199267017       0.51244400846004945       -1.2554283138278250      -0.75201857183117116     
         388   1.0172635428544019        13.426000000000000        2.3327795249569245       0.51362067884977214       -1.2442338932816972      -0.75266579374290243     
         387   1.0153066263480994        13.422000000000001        2.3246709833564640       0.51198791365857987       -1.2444211694476894      -0.75049692504666776     
         386   1.0133497098417970        13.423000000000000        2.3235305610191777       0.51169862200437799       -1.2388975481445046      -0.74970195445567811     
         385   1.0113927933354943        13.423000000000000        2.3222417635877970       0.51141479708692517       -1.2335306873229039      -0.74887578999072169     
         384   1.0094358768291918        13.428000000000001        2.3270660317460914       0.51228639557594779       -1.2230573213932145      -0.74925396252445653     
         383   1.0074789603228891        13.429000000000000        2.3261212524472747       0.51204027711133193       -1.2174754193868003      -0.74849090779804794     
         382   1.0055220438165866        13.425000000000001        2.3187435461537893       0.51056832984704370       -1.2170804963307793      -0.74646548451304029     
         381   1.0035651273102841        13.430000000000000        2.3235660841411216       0.51143973285014632       -1.2067287735913064      -0.74683442542771605     
         380   1.0016082108039814        13.426000000000000        2.3164895192363906       0.51003402022767119       -1.2061516122902400      -0.74486613452550099     
         379  0.99965129429767885        13.429000000000000        2.3189648566295658       0.51046496675562170       -1.1978600692111523      -0.74476756696285284     
         378  0.99769437779137637        13.432000000000000        2.3202216769939734       0.51062755314323705       -1.1905436854060416      -0.74442938156249272     
         377  0.99573746128507379        13.433999999999999        2.3231281253310812       0.51119108032515070       -1.1813100130239389      -0.74445954869254471     
         376  0.99378054477877131        13.429000000000000        2.3118473406097491       0.50889821486283149       -1.1846737467955217      -0.74162204153076050     
         375  0.99182362827246873        13.433000000000000        2.3164686372640437       0.50976364378026562       -1.1744193595541621      -0.74194259040541000     
         374  0.98986671176616603        13.432000000000000        2.3117976126498432       0.50877360987298126       -1.1720647636591592      -0.74043728997648539     
         373  0.98790979525986355        13.435000000000000        2.3140284551421080       0.50915084968620816       -1.1639227076094458      -0.74028342777889178     
         372  0.98595287875356097        13.430999999999999        2.3069414579788097       0.50774268262934330       -1.1633556880256617      -0.73831167079563509     
         371  0.98399596224725838        13.432000000000000        2.3058169745911932       0.50745740866324163       -1.1579191123683787      -0.73750208694971120     
         370  0.98203904574095591        13.420999999999999        2.2842841707076529       0.50313056627111430       -1.1702787464908175      -0.73257568311022847     
         369  0.98008212923465332        13.433000000000000        2.3031638980623237       0.50683579393765976       -1.1475467580069210      -0.73579649527833335     
         368  0.97812521272835062        13.433000000000000        2.3021957109710431       0.50662273403623359       -1.1422537959892745      -0.73500635197122444     
         367  0.97616829622204815        13.435000000000000        2.3030033748246095       0.50672502428244559       -1.1351053802085549      -0.73457126565106656     
         366  0.97421137971574556        13.433999999999999        2.2994321627681584       0.50597691905276787       -1.1317797295658301      -0.73327815434915999     
         365  0.97225446320944298        13.435000000000000        2.2981080518724948       0.50564791659389541       -1.1265569621950684      -0.73242217454180925     
         364  0.97029754670314050        13.436999999999999        2.2972569601541850       0.50538541850768637       -1.1214582601600940      -0.73159157906362893     
         363  0.96834063019683791        13.436000000000000        2.2955104968427578       0.50503879070813151       -1.1160420138981757      -0.73071705385409813     
         362  0.96638371369053533        13.440000000000000        2.2995837845214906       0.50578438510635160       -1.1064955296429630      -0.73091839463498864     
         361  0.96442679718423274        13.436000000000000        2.2933788104836159       0.50456979511762090       -1.1049454769337783      -0.72916278510126453     
         360  0.96246988067793016        13.438000000000001        2.2917531953021304       0.50413709828864006       -1.1005267742638296      -0.72816837714865268     
         359  0.96051296417162757        13.438000000000001        2.2902812342878516       0.50381329808360320       -1.0954334520046776      -0.72727668400019019     
         358  0.95855604766532509        13.441000000000001        2.2924029783834499       0.50416748265194966       -1.0875034307840283      -0.72707430185610877     
         357  0.95659913115902251        13.439000000000000        2.2878693868799709       0.50324529338650270       -1.0850458184883429      -0.72558668892876566     
         356  0.95464221465271992        13.439000000000000        2.2861352026947008       0.50286383803153045       -1.0800362484265222      -0.72464474556223957     
         355  0.95268529814641734        13.445000000000000        2.2912929591705589       0.50377343505244399       -1.0700134702111157      -0.72501196184845429     
         354  0.95072838164011475        13.445000000000000        2.2897683303341259       0.50343822365879143       -1.0648729032531508      -0.72410593323547179     
         353  0.94877146513381216        13.446000000000000        2.2883239476510573       0.50308323765823282       -1.0598490801019225      -0.72320980974652271     
         352  0.94681454862750969        13.445000000000000        2.2857207292248227       0.50254830082880386       -1.0558534529550052      -0.72208733974801631     
         351  0.94485763212120710        13.446000000000000        2.2843869692478154       0.50221770118393838       -1.0508659573179069      -0.72120703619307203     
         350  0.94290071561490463        13.443000000000000        2.2782572816707156       0.50098187859218624       -1.0495679421433302      -0.71941225429854949     
         349  0.94094379910860193        13.443000000000000        2.2768035383695771       0.50066220484161628       -1.0446000823343247      -0.71850896875450387     
         348  0.93898688260229934        13.448000000000000        2.2765016887367717       0.50040970624126646       -1.0398397882893229      -0.71766355694027062     
         347  0.93702996609599687        13.444000000000001        2.2740092634152309       0.50001055737505040       -1.0346746955973001      -0.71671841945821657     
         346  0.93507304958969428        13.445000000000000        2.2727141139512916       0.49968861096307654       -1.0295849822290182      -0.71584195347722290     
         345  0.93311613308339170        13.445000000000000        2.2708892875514204       0.49928739685374224       -1.0248693662257535      -0.71486455498015000     
         344  0.93115921657708922        13.445000000000000        2.2695395183540961       0.49899063084556222       -1.0198428033757374      -0.71397463062613475     
         343  0.92920230007078652        13.448000000000000        2.2706036000475907       0.49911321661292990       -1.0129234453015252      -0.71354129296348623     
         342  0.92724538356448394        13.449999999999999        2.2716299067770080       0.49926456332162406       -1.0060840563483922      -0.71309772193008758     
         341  0.92528846705818146        13.446999999999999        2.2651074744059323       0.49794211180222470       -1.0050684974444264      -0.71122507265093360     
         340  0.92333155055187888        13.454000000000001        2.2701165347500041       0.49878361345779082      -0.99555623720298225      -0.71145522142096107     
         339  0.92137463404557629        13.451000000000001        2.2667664454687051       0.49815862168529490      -0.99168974956611899      -0.71025573379712326     
         338  0.91941771753927382        13.454000000000001        2.2661985409743881       0.49792276289660053      -0.98651839822435727      -0.70942805431175970     
         337  0.91746080103297123        13.448000000000000        2.2592968615225857       0.49662782346262468      -0.98549489270496038      -0.70755471327754416     
         336  0.91550388452666853        13.448000000000000        2.2577917906825125       0.49629698599359068      -0.98050464369426549      -0.70664590199406097     
         335  0.91354696802036606        13.449000000000000        2.2558184835104558       0.49582635315957840      -0.97597651760963655      -0.70560838326223541     
         334  0.91159005151406347        13.449000000000000        2.2546829888596167       0.49557677271865497      -0.97085802526806497      -0.70474415929430412     
         333  0.90963313500776088        13.445000000000000        2.2464633505111742       0.49391700623743540      -0.97144318460536183      -0.70254504923005756     
         332  0.90767621850145841        13.451000000000001        2.2519835060511482       0.49490983143633538      -0.96114374148375536      -0.70292659820207826     
         331  0.90571930199515582        13.451000000000001        2.2510627971073527       0.49470749074114317      -0.95559119594091946      -0.70210484966879916     
         330  0.90376238548885313        13.454000000000001        2.2528182668635410       0.49498288674138857      -0.94840226759507185      -0.70177286921856119     
         329  0.90180546898255065        13.455000000000000        2.2514639308575037       0.49464854993753959      -0.94338785442447326      -0.70086163594262030     
         328  0.89984855247624806        13.444000000000001        2.2310312219647019       0.49056051915124260      -0.95458537551340827      -0.69622632476679613     
         327  0.89789163596994548        13.446000000000000        2.2294747097459955       0.49014535569034606      -0.94994596972349921      -0.69523447176562736     
         326  0.89593471946364300        13.452000000000000        2.2421236508695870       0.49270633892687438      -0.93278560459814464      -0.69712579273483533     
         325  0.89397780295734042        13.454000000000001        2.2418586233691848       0.49257486472989909      -0.92712784285149941      -0.69640812946263431     
         324  0.89202088645103772        13.452999999999999        2.2390110514109858       0.49198577222922241      -0.92331936084196098      -0.69521109972565220     
         323  0.89006396994473524        13.454000000000001        2.2374760983506374       0.49161194867190872      -0.91866324603000526      -0.69425363959289310     
         322  0.88810705343843266        13.457000000000001        2.2396867490243055       0.49198796214773155      -0.91075758531619733      -0.69399951140086436     
         321  0.88615013693213018        13.449000000000000        2.2274591597032427       0.48959300583833465      -0.91443908810744723      -0.69105152649865143     
         320  0.88419322042582760        13.445000000000000        2.2152975052501849       0.48706475067552546      -0.91904112444182262      -0.68797520094466402     
         319  0.88223630391952501        13.455000000000000        2.2307390140280146       0.49009526799649666      -0.89994683990594482      -0.69031081673011041     
         318  0.88027938741322242        13.458000000000000        2.2329462821241717       0.49047084863502827      -0.89245356914600826      -0.69003875411812898     
         317  0.87832247090691984        13.455000000000000        2.2272529830825460       0.48932938401826359      -0.89085029280394434      -0.68830551276970964     
         316  0.87636555440061725        13.455000000000000        2.2253290602007958       0.48890669651676455      -0.88625026236325177      -0.68728072582205280     
         315  0.87440863789431478        13.448000000000000        2.2113900989137187       0.48609718818012870      -0.89192800427452512      -0.68393594535253299     
         314  0.87245172138801219        13.457000000000001        2.2242155063041049       0.48858942207014244      -0.87534340722888448      -0.68571339107367590     
         313  0.87049480488170961        13.456000000000000        2.2201529774525612       0.48773325749279722      -0.87265637763993587      -0.68427476849005930     
         312  0.86853788837540713        13.460000000000001        2.2223627036251825       0.48807361286172446      -0.86497379189465151      -0.68397650680884736     
         311  0.86658097186910443        13.457000000000001        2.2170385704305766       0.48701287746790267      -0.86352881647106938      -0.68229700761518741     
         310  0.86462405536280185        13.460000000000001        2.2183376986072476       0.48718964430983797      -0.85620803395426026      -0.68185226864343651     
         309  0.86266713885649937        13.457000000000001        2.2130056815517296       0.48612698001731652      -0.85446913103165478      -0.68017647828836902     
         308  0.86071022235019679        13.458000000000000        2.2115559198400865       0.48577241534710086      -0.85000375603923140      -0.67920723237784530     
         307  0.85875330584389420        13.460000000000001        2.2131972992561724       0.48606071369975401      -0.84273493066024319      -0.67881255859247558     
         306  0.85679638933759172        13.458000000000000        2.2075539959686008       0.48489338524542142      -0.84113183378433465      -0.67707919836363439     
         305  0.85483947283128903        13.461000000000000        2.2097333949989979       0.48526392137446417      -0.83373395272817297      -0.67677246071494446     
         304  0.85288255632498644        13.458000000000000        2.2037233035171955       0.48405196644706444      -0.83226142906126055      -0.67497403352024699     
         303  0.85092563981868397        13.458000000000000        2.2022476918885836       0.48372784557880399      -0.82760827058769137      -0.67399668099231069     
         302  0.84896872331238138        13.459000000000000        2.2006099436150484       0.48333219697390994      -0.82323394895391377      -0.67298469571602237     
         301  0.84701180680607879        13.460000000000001        2.2018562813157985       0.48357000793392263      -0.81579656038017634      -0.67257305492886044     
         300  0.84505489029977632        13.457000000000001        2.1963359627083126       0.48246517284409413      -0.81440348163682807      -0.67082149276180258     
         299  0.84309797379347362        13.459000000000000        2.1949790928038251       0.48209546190356389      -0.81001796242736746      -0.66982307185008372     
         298  0.84114105728717103        13.459000000000000        2.1926503125014971       0.48158397893809812      -0.80581777094726936      -0.66868707848287456     
         297  0.83918414078086856        13.459000000000000        2.1908063282117967       0.48117897441627805      -0.80135952985890679      -0.66763521770171064     
         296  0.83722722427456597        13.459000000000000        2.1889394761108623       0.48076894730993514      -0.79701317067386857      -0.66657558659811467     
         295  0.83527030776826350        13.458000000000000        2.1862986020816821       0.48022459801966177      -0.79285316528080130      -0.66541144686711928     
         294  0.83331339126196091        13.459000000000000        2.1849333175502301       0.47988905243162910      -0.78839539085185617      -0.66440510625225557     
         293  0.83135647475565821        13.459000000000000        2.1829104404575830       0.47944475668888098      -0.78404622577542216      -0.66331500514922459     
         292  0.82939955824935574        13.462000000000000        2.1845716221199805       0.47970268592024373      -0.77703446994861691      -0.66288538261795649     
         291  0.82744264174305315        13.459000000000000        2.1786217227431899       0.47850280177264837      -0.77580282542527301      -0.66108066359476880     
         290  0.82548572523675057        13.458000000000000        2.1762506038772775       0.47801753632460414      -0.77150459550304318      -0.65995604869968316     
         289  0.82352880873044809        13.462000000000000        2.1782398466185908       0.47831231277618858      -0.76443269408245773      -0.65954636471787498     
         288  0.82157189222414551        13.459000000000000        2.1728431775578865       0.47723362776576483      -0.76271134502276261      -0.65784008496380442     
         287  0.81961497571784292        13.459000000000000        2.1704255759294311       0.47670263647860855      -0.75862089670346333      -0.65667920274512248     
         286  0.81765805921154033        13.462000000000000        2.1718423722439439       0.47690751303899986      -0.75184670250747754      -0.65618196278331697     
         285  0.81570114270523775        13.462000000000000        2.1700507953012314       0.47651410672411876      -0.74739833111518528      -0.65511813659360207     
         284  0.81374422619893516        13.459000000000000        2.1643050891999502       0.47535835994923414      -0.74599528670008586      -0.65334420519579450     
         283  0.81178730969263269        13.459000000000000        2.1622208972087442       0.47490059727441403      -0.74177264966259160      -0.65224322625653508     
         282  0.80983039318633010        13.457000000000001        2.1595869936058629       0.47439259286047786      -0.73775015132917809      -0.65106758114081287     
         281  0.80787347668002751        13.451000000000001        2.1489752871016949       0.47227210778523104      -0.74024998260298080      -0.64836589525061994     
         280  0.80591656017372493        13.460000000000001        2.1576693180409090       0.47386570054441157      -0.72787222295997756      -0.64916038658244068     
         279  0.80395964366742234        13.462000000000000        2.1570747993010140       0.47366475169690569      -0.72272880379572435      -0.64829562966964582     
         278  0.80200272716111976        13.459000000000000        2.1513662495851777       0.47251653066665456      -0.72110300911036151      -0.64652653162528051     
         277  0.80004581065481728        13.457000000000001        2.1488440882484543       0.47203271815182057      -0.71705962425396763      -0.64535040583530523     
         276  0.79808889414851469        13.459000000000000        2.1471548233557152       0.47159155170898620      -0.71285285577756674      -0.64425561251307450     
         275  0.79613197764221211        13.461000000000000        2.1475643142129703       0.47161140926655565      -0.70674356904405078      -0.64356478164652464     
         274  0.79417506113590952        13.458000000000000        2.1421052976219799       0.47051745561509095      -0.70495715663289504      -0.64183526262645318     
         273  0.79221814462960694        13.458000000000000        2.1402856245750419       0.47011776100948627      -0.70069201809498483      -0.64074287113077810     
         272  0.79026122812330435        13.458000000000000        2.1379517479923100       0.46960512063058163      -0.69675588158850299      -0.63955922254987607     
         271  0.78830431161700187        13.457000000000001        2.1353873675932324       0.46907670451498584      -0.69273927449144634      -0.63833793270828409     
         270  0.78634739511069929        13.457000000000001        2.1334724169280515       0.46865605074463768      -0.68853846126558715      -0.63722354224801470     
         269  0.78439047860439681        13.457000000000001        2.1309349361188117       0.46809864689659031      -0.68459843886404281      -0.63600184465017306     
         268  0.78243356209809423        13.459000000000000        2.1313974702168061       0.46813067663059255      -0.67852737220101011      -0.63530308407733771     
         267  0.78047664559179153        13.457000000000001        2.1264534711491172       0.46711421154247801      -0.67671408051378823      -0.63364938694058681     
         266  0.77851972908548905        13.456000000000000        2.1238643995651469       0.46658014677055154      -0.67273901659614543      -0.63241470454482318     
         265  0.77656281257918647        13.456000000000000        2.1214661152508003       0.46605328081450720      -0.66878916093959562      -0.63120875630424833     
         264  0.77460589607288388        13.459000000000000        2.1200021319740188       0.46562785513597571      -0.66480703413236109      -0.63006272508453609     
         263  0.77264897956658141        13.451000000000001        2.1123216136014755       0.46421686966968861      -0.66421427625741902      -0.62803178991336406     
         262  0.77069206306027882        13.455000000000000        2.1141840983677525       0.46448805340635108      -0.65692302102591904      -0.62756609365142335     
         261  0.76873514655397612        13.454000000000001        2.1115678948892262       0.46394775270437560      -0.65318110649234029      -0.62631441718908665     
         260  0.76677823004767365        13.459000000000000        2.1142154284759722       0.46435688927350538      -0.64561123535002962      -0.62597475944467629     
         259  0.76482131354137106        13.456000000000000        2.1092278889214575       0.46336473184776289      -0.64344774328025656      -0.62430915573539791     
         258  0.76286439703506848        13.454000000000001        2.1045404837095840       0.46240370970579814      -0.64135608610721617      -0.62269047591141147     
         257  0.76090748052876600        13.452999999999999        2.1018325086312357       0.46184304861013004      -0.63764048510593208      -0.62141614470207562     
         256  0.75895056402246341        13.454000000000001        2.1012867064681267       0.46168879893137854      -0.63214318757289412      -0.62051714678903624     
         255  0.75699364751616072        13.454000000000001        2.0990646487838953       0.46120057467324610      -0.62821969566866176      -0.61932053381445651     
         254  0.75503673100985824        13.455000000000000        2.0975313895313232       0.46082943904190310      -0.62337410476007837      -0.61824755556543431     
         253  0.75307981450355566        13.452999999999999        2.0938997303763629       0.46009995134708292      -0.62058354232703838      -0.61680222888602088     
         252  0.75112289799725307        13.451000000000001        2.0887605624078982       0.45903894725447381      -0.61866905308188069      -0.61509990487841670     
         251  0.74916598149095059        13.456000000000000        2.0929216804317603       0.45978251014285937      -0.60977352894392756      -0.61499825540207831     
         250  0.74720906498464801        13.451000000000001        2.0856278735123879       0.45835048815650370      -0.60913519216455814      -0.61295443637378555     
         249  0.74525214847834531        13.449000000000000        2.0806737804551920       0.45732974537579607      -0.60721465659578888      -0.61125033909918614     
         248  0.74329523197204284        13.448000000000000        2.0781572929390615       0.45681059040190630      -0.60356987464156220      -0.60998910410938079     
         247  0.74133831546574025        13.449000000000000        2.0774879242476820       0.45662949778202588      -0.59798656682076134      -0.60907852291823450     
         246  0.73938139895943766        13.446999999999999        2.0728310887748918       0.45567369381648232      -0.59590871711448523      -0.60742042519818140     
         245  0.73742448245313519        13.446000000000000        2.0700438918494086       0.45509482356081660      -0.59227803134099677      -0.60611029175553266     
         244  0.73546756594683260        13.445000000000000        2.0668354060581735       0.45442324083030233      -0.58867635918873507      -0.60473075520472463     
         243  0.73351064944052990        13.445000000000000        2.0642376013815378       0.45385207642275410      -0.58501934467671723      -0.60344760971069400     
         242  0.73155373293422743        13.444000000000001        2.0614058287934687       0.45326318323048592      -0.58129491644318665      -0.60212620960402585     
         241  0.72959681642792484        13.443000000000000        2.0583507810298252       0.45262510488973740      -0.57789205742516658      -0.60076253881552821     
         240  0.72763989992162237        13.445000000000000        2.0585713516694546       0.45260627061259073      -0.57201248983249986      -0.59995358801915544     
         239  0.72568298341531978        13.442000000000000        2.0529032198607244       0.45146078601769013      -0.57039334934921559      -0.59814560260586480     
         238  0.72372606690901720        13.443000000000000        2.0523051995332282       0.45129569982222623      -0.56528211676241169      -0.59719043408116756     
         237  0.72176915040271472        13.442000000000000        2.0491858450402289       0.45064328573704021      -0.56167387701680960      -0.59581183757269385     
         236  0.71981223389641202        13.440000000000000        2.0442357354835541       0.44962158867332935      -0.55957869019444251      -0.59412013842148115     
         235  0.71785531739010944        13.443000000000000        2.0438845655633844       0.44944402790655219      -0.55440596262048725      -0.59314671490845772     
         234  0.71589840088380696        13.441000000000001        2.0415153266969024       0.44898983850647611      -0.55004050540816996      -0.59194262427690458     
         233  0.71394148437750438        13.436999999999999        2.0354450834050097       0.44778807210883859      -0.54877339329917496      -0.59005809011357502     
         232  0.71198456787120179        13.435000000000000        2.0319099929074427       0.44707691345618666      -0.54528662424766983      -0.58863006692653086     
         231  0.71002765136489931        13.435000000000000        2.0294236393110263       0.44652984626545156      -0.54176404956194424      -0.58731214275920118     
         230  0.70807073485859662        13.433999999999999        2.0263311259663270       0.44588259514596618      -0.53814562561156609      -0.58592500675908665     
         229  0.70611381835229403        13.433000000000000        2.0231394435180139       0.44521342443962725      -0.53477070893853307      -0.58451690603076534     
         228  0.70415690184599156        13.435000000000000        2.0231640294245143       0.44515255737112547      -0.52880226168364486      -0.58364675575802094     
         227  0.70219998533968897        13.433000000000000        2.0189336538348126       0.44428789553783543      -0.52619928743303879      -0.58206125750317061     
         226  0.70024306883338638        13.430999999999999        2.0154005019821413       0.44357643056338752      -0.52297204194760138      -0.58059984911039320     
         225  0.69828615232708391        13.430000000000000        2.0123449488741594       0.44293690206576175      -0.51943391663337668      -0.57920722701548777     
         224  0.69632923582078121        13.419000000000000        1.9987489803303951       0.44030493270960369      -0.52350264136146496      -0.57605938678968704     
         223  0.69437231931447863        13.427000000000000        2.0044406705568742       0.44129566956255395      -0.51379152077874191      -0.57610913144508458     
         222  0.69241540280817615        13.425000000000001        2.0010189956774895       0.44060798716181260      -0.51052610421892031      -0.57465035656611696     
         221  0.69045848630187356        13.423999999999999        1.9977985239928171       0.43993163526609552      -0.50709156963129565      -0.57322306545308610     
         220  0.68850156979557098        13.414999999999999        1.9895569684765060       0.43841070559740491      -0.49965648602100776      -0.57105447407347620     
         219  0.68654465328926850        13.422000000000001        1.9927714194929462       0.43889001444476311      -0.49886714678878857      -0.57062598011720378     
         218  0.68458773678296592        13.411000000000000        1.9804188742530433       0.43652723314499775      -0.50193040111673104      -0.56769378662340941     
         217  0.68263082027666322        13.419000000000000        1.9843461629626136       0.43713213232578491      -0.49361826081038762      -0.56740274178674466     
         216  0.68067390377036074        13.417999999999999        1.9812471489288630       0.43648197687955642      -0.49006893237604582      -0.56598569601373538     
         215  0.67871698726405816        13.420000000000000        1.9796895352834130       0.43607382585789228      -0.48572541915879874      -0.56476558481509098     
         214  0.67676007075775568        13.414999999999999        1.9742687037118358       0.43504184557025455      -0.48359089653982062      -0.56301756482754461     
         213  0.67480315425145310        13.414999999999999        1.9724082709113691       0.43463188814270032      -0.47903084800763224      -0.56179791004697477     
         212  0.67284623774515051        13.411000000000000        1.9671284582606745       0.43359773747318792      -0.47688090699255964      -0.56001916754229364     
         211  0.67088932123884792        13.410000000000000        1.9636106028866949       0.43285460200807502      -0.47364037089911887      -0.55852395399245292     
         210  0.66893240473254534        13.409000000000001        1.9601895484224439       0.43213269590222053      -0.47037268266767973      -0.55704185820409513     
         209  0.66697548822624275        13.407999999999999        1.9581070768604103       0.43170580080773696      -0.46590180527445274      -0.55577758669665234     
         208  0.66501857171994028        13.407000000000000        1.9555634514496067       0.43117716340299067      -0.46196564320188188      -0.55445010435774633     
         207  0.66306165521363769        13.404000000000000        1.9508809454362295       0.43024100199794102      -0.45928800494258210      -0.55277046504754079     
         206  0.66110473870733510        13.401999999999999        1.9455420110828243       0.42912760038887177      -0.45747501388680006      -0.55094363594487938     
         205  0.65914782220103252        13.400000000000000        1.9421762601743791       0.42844915584290877      -0.45412179332561853      -0.54946116092380626     
         204  0.65719090569472993        13.398000000000000        1.9384353351240062       0.42768773199557369      -0.45093036779392287      -0.54791719730555877     
         203  0.65523398918842735        13.398000000000000        1.9362837645350257       0.42721301905119241      -0.44644155301797117      -0.54663646601536708     
         202  0.65327707268212487        13.395000000000000        1.9310114932084315       0.42614518848720517      -0.44455500202933451      -0.54483226908687621     
         201  0.65132015617582228        13.394000000000000        1.9286880051437856       0.42566420746643391      -0.44009828430121301      -0.54351204179251389     
         200  0.64936323966951970        13.395000000000000        1.9267707993621659       0.42520933114778009      -0.43593829726641897      -0.54224834457416526     
         199  0.64740632316321711        13.394000000000000        1.9244737900504709       0.42473412415435607      -0.43168863166020616      -0.54092488197918853     
         198  0.64544940665691453        13.388999999999999        1.9176007514511224       0.42337528130150692      -0.43063737447215983      -0.53886906518511213     
         197  0.64349249015061194        13.388000000000000        1.9149236219023880       0.42281579366709748      -0.42663541928367982      -0.53748088288878404     
         196  0.64153557364430946        13.382999999999999        1.9079545495726629       0.42143441269730320      -0.42569016034311224      -0.53540770086089939     
         195  0.63957865713800688        13.385000000000000        1.9051356376699657       0.42074888532874438      -0.42246640640251604      -0.53390469135743301     
         194  0.63762174063170429        13.380000000000001        1.9011913402859937       0.42003469291748269      -0.41856204042454109      -0.53239809645927605     
         193  0.63566482412540182        13.382000000000000        1.9007641778813320       0.41987755695191736      -0.41321738875572261      -0.53135468139068764     
         192  0.63370790761909912        13.374000000000001        1.8923061579563520       0.41825922879324234      -0.41316909186204592      -0.52905829306581953     
         191  0.63175099111279653        13.371000000000000        1.8878121653681390       0.41735953531827247      -0.41020883252435147      -0.52738168906209837     
         190  0.62979407460649406        13.372000000000000        1.8854979338769349       0.41681672935127578      -0.40608609699331660      -0.52600854780416018     
         189  0.62783715810019147        13.369000000000000        1.8813884605468427       0.41600160023270311      -0.40308363096929190      -0.52437712347585963     
         188  0.62588024159388900        13.367000000000001        1.8772309822294484       0.41514442850257471      -0.40000111761331386      -0.52273689709669280     
         187  0.62392332508758641        13.356000000000000        1.8605217565470080       0.41178809909289432      -0.40730653368152092      -0.51894371612090162     
         186  0.62196640858128371        13.353999999999999        1.8616099183150632       0.41209064993883482      -0.39914863990824651      -0.51830789697560209     
         185  0.62000949207498124        13.358000000000001        1.8632314062937709       0.41232608020361272      -0.39211616173926989      -0.51756445045158728     
         184  0.61805257556867865        13.359000000000000        1.8597809625944992       0.41153170214847923      -0.38909820720300758      -0.51594268605167848     
         183  0.61609565906237607        13.353000000000000        1.8545152405807481       0.41055089791056204      -0.38626527821165890      -0.51420484443844017     
         182  0.61413874255607359        13.350000000000000        1.8501831481537157       0.40968390634295837      -0.38333927032810367      -0.51252603829348153     
         181  0.61218182604977101        13.353000000000000        1.8472495658709975       0.40894242944897091      -0.38025187852740855      -0.51094655548039869     
         180  0.61022490954346831        13.347000000000000        1.8433924102312762       0.40827198764324713      -0.37598881707156206      -0.50945436243034425     
         179  0.60826799303716583        13.340999999999999        1.8369565334948268       0.40702955436254551      -0.37452488612097590      -0.50744424057004811     
         178  0.60631107653086325        13.348000000000001        1.8401582177567790       0.40752515010154106      -0.36621570824566163      -0.50692183867849416     
         177  0.60435416002456066        13.337000000000000        1.8292825172776253       0.40545072484527672      -0.36790364247024443      -0.50422259327850893     
         176  0.60239724351825819        13.332000000000001        1.8233927736070425       0.40429686417945077      -0.36576238103871561      -0.50231912787933108     
         175  0.60044032701195560        13.330000000000000        1.8193255848335665       0.40345557975895613      -0.36284002508412977      -0.50064215402070067     
         174  0.59848341050565290        13.334000000000000        1.8201455065929997       0.40351632131407689      -0.35612159276232430      -0.49973907433012599     
         173  0.59652649399935043        13.321999999999999        1.8092890215401749       0.40147080350918574      -0.35729618554317666      -0.49707026012775735     
         172  0.59456957749304784        13.321000000000000        1.8054063584272104       0.40063933646030447      -0.35425510586214604      -0.49541551697311342     
         171  0.59261266098674525        13.317000000000000        1.8002975124442648       0.39962562657495532      -0.35163337720484666      -0.49359863012623523     
         170  0.59065574448044278        13.316000000000001        1.7972124591193077       0.39897077351239918      -0.34779383717816981      -0.49208714052269076     
         169  0.58869882797414019        13.311000000000000        1.7909924770320793       0.39773931985144645      -0.34603636243266600      -0.49009708294174709     
         168  0.58674191146783761        13.307000000000000        1.7864649811258011       0.39685312009329315      -0.34307452252665371      -0.48836288776014514     
         167  0.58478499496153502        13.304000000000000        1.7815357004851911       0.39584735010611549      -0.34031732030627959      -0.48656614180731816     
         166  0.58282807845523243        13.302000000000000        1.7776976836094096       0.39505395279474403      -0.33687837697718598      -0.48493233314835815     
         165  0.58087116194892985        13.302000000000000        1.7756431407165985       0.39459737612342644      -0.33206366571924995      -0.48356619247633253     
         164  0.57891424544262737        13.295000000000000        1.7680403300518475       0.39311469113636816      -0.33136610244027737      -0.48135926534848972     
         163  0.57695732893632479        13.297000000000001        1.7678059813094731       0.39300346440545991      -0.32534140201990797      -0.48026170591909767     
         162  0.57500041243002220        13.288000000000000        1.7584963266233382       0.39119860240239945      -0.32538388124028694      -0.47779774156069871     
         161  0.57304349592371961        13.282000000000000        1.7518758849337774       0.38990186015326123      -0.32391124496826984      -0.47573585778107635     
         160  0.57108657941741703        13.278000000000000        1.7466373501419814       0.38885306558374433      -0.32126437475643571      -0.47388099534004369     
         159  0.56912966291111455        13.273000000000000        1.7415928282473416       0.38787606567929328      -0.31855105478559070      -0.47206046922073330     
         158  0.56717274640481197        13.257999999999999        1.7239837612288911       0.38438869339075982      -0.31581717885713212      -0.46821727277043740     
         157  0.56521582989850938        13.249000000000001        1.7189908273300574       0.38353579967542450      -0.32167097412830864      -0.46653223277077605     
         156  0.56325891339220691        13.260999999999999        1.7259955015099098       0.38475018114213905      -0.31049870793565165      -0.46649035529173777     
         155  0.56130199688590421        13.259000000000000        1.7224685795891068       0.38402189504554407      -0.30672692963637188      -0.46488038163375517     
         154  0.55934508037960162        13.253000000000000        1.7153809071846389       0.38261485061539507      -0.30529586647094215      -0.46274122771027698     
         153  0.55738816387329915        13.242000000000001        1.7050508817804846       0.38062666405069068      -0.30607651211119657      -0.46012279761787234     
         152  0.55543124736699656        13.250000000000000        1.7062513063149156       0.38066466643885766      -0.29994654333646159      -0.45909834689539164     
         151  0.55347433086069397        13.240000000000000        1.6997349398961512       0.37949727813093015      -0.29724536924736222      -0.45714552458378893     
         150  0.55151741435439150        13.241000000000000        1.6953550027118041       0.37849078918822565      -0.29489828682796176      -0.45529419412675415     
         149  0.54956049784808880        13.223000000000001        1.6835529853559272       0.37636760880178644      -0.29574110224721545      -0.45256314654020091     
         148  0.54760358134178622        13.212999999999999        1.6695464928212445       0.37351885633592369      -0.30028719545857901      -0.44924390978166218     
         147  0.54564666483548374        13.220000000000001        1.6773016910169700       0.37505518882549088      -0.28713868722461494      -0.44943112307563138     
         146  0.54368974832918116        13.199000000000000        1.6600452908324177       0.37178713410845055      -0.29265880931576976      -0.44580091157590740     
         145  0.54173283182287857        13.193000000000000        1.6490171911350597       0.36948521892553410      -0.29517979272376949      -0.44292052054534958     
         144  0.53977591531657609        13.208000000000000        1.6629701793233982       0.37218841405537656      -0.27767959480226728      -0.44400539547668993     
         143  0.53781899881027351        13.199999999999999        1.6547003190298708       0.37056198830122916      -0.27696943529969953      -0.44166676954970119     
         142  0.53586208230397081        13.196000000000000        1.6503639669805841       0.36970291479934297      -0.27342831506672172      -0.43992621843638136     
         141  0.53390516579766834        13.193000000000000        1.6458767891490909       0.36878156821677394      -0.27017375154674572      -0.43813275670668478     
         140  0.53194824929136575        13.182000000000000        1.6369097919398419       0.36707844888549290      -0.26946399207345062      -0.43572826882997884     
         139  0.52999133278506316        13.183000000000000        1.6350640557944440       0.36663672750759013      -0.26451478000466588      -0.43430340838727688     
         138  0.52803441627876069        13.173999999999999        1.6262168147267124       0.36490199412428009      -0.26403823988790243      -0.43189110722472279     
         137  0.52607749977245810        13.160000000000000        1.6099128467805515       0.36162789654611083      -0.26997636026842042      -0.42825178154258736     
         136  0.52412058326615540        13.159000000000001        1.6130486160016555       0.36235980602987261      -0.25960199636722880      -0.42775150467438727     
         135  0.52216366675985293        13.148000000000000        1.6029015767261254       0.36038160012326442      -0.26020557444715225      -0.42512286726246012     
         134  0.52020675025355034        13.148000000000000        1.6010942564283444       0.35997525890412363      -0.25486230045236941      -0.42370698178229188     
         133  0.51824983374724787        13.150000000000000        1.5971394314383598       0.35903147869119006      -0.25183685288628144      -0.42188995637788185     
         132  0.51629291724094528        13.135999999999999        1.5887622189533508       0.35752894917726297      -0.25008997417934270      -0.41963845302431202     
         131  0.51433600073464270        13.116000000000000        1.5737425408265462       0.35468900437433915      -0.25364661271244549      -0.41635323852284678     
         130  0.51237908422834011        13.122999999999999        1.5760883783908441       0.35502822930364353      -0.24532677257410757      -0.41551530779616119     
         129  0.51042216772203752        13.116000000000000        1.5699001576421718       0.35382301071226613      -0.24296898479036649      -0.41347215131472376     
         128  0.50846525121573494        13.109000000000000        1.5632440020652842       0.35251098584217977      -0.24053479423501539      -0.41137515675843062     
         127  0.50650833470943235        13.101000000000001        1.5565030132102853       0.35120522439322144      -0.23824611999557396      -0.40925903860948426     
         126  0.50455141820312988        13.103999999999999        1.5558827427338369       0.35098489611774469      -0.23213789856967762      -0.40797217917203332     
         125  0.50259450169682729        13.087999999999999        1.5435026978961133       0.34861779780587199      -0.23370723631848822      -0.40505201647836331     
         124  0.50063758519052470        13.083000000000000        1.5383945042144886       0.34759684583397110      -0.23025114424584198      -0.40315168511341776     
         123  0.49868066868422217        13.071999999999999        1.5300538985619714       0.34600321895590419      -0.22906990549158215      -0.40079705359467421     
         122  0.49672375217791959        13.045000000000000        1.5095864336360143       0.34208131213572868      -0.23646732633474779      -0.39671202901342878     
         121  0.49476683567161700        13.063000000000001        1.5203272168976709       0.34404051731537794      -0.22180319171828919      -0.39705339102044357     
         120  0.49280991916531447        13.053000000000001        1.5120053249941283       0.34241945461441947      -0.22074610556788207      -0.39469648252407763     
         119  0.49085300265901188        13.048999999999999        1.5075039097931351       0.34150468389468475      -0.21669473304529599      -0.39286869338122499     
         118  0.48889608615270930        13.025000000000000        1.4909843293323348       0.33838476017896979      -0.22084341589056053      -0.38937391906363883     
         117  0.48693916964640677        13.023999999999999        1.4886795140151241       0.33788761474142026      -0.21542793417686437      -0.38785256160400183     
         116  0.48498225314010418        13.032999999999999        1.4921892009324045       0.33845033316552270      -0.20593107274291672      -0.38711652664550078     
         115  0.48302533663380159        13.007000000000000        1.4744652725334189       0.33509878761468637      -0.21083358716322331      -0.38345526151397036     
         114  0.48106842012749906        12.978000000000000        1.4520455675397821       0.33074091547735868      -0.21995166449100148      -0.37903967587850951     
         113  0.47911150362119648        12.971000000000000        1.4490606982184326       0.33023915684882066      -0.21374678004948336      -0.37752235085156038     
         112  0.47715458711489395        12.956000000000000        1.4383726571349584       0.32818288456624128      -0.21381156222189204      -0.37483278622093741     
         111  0.47519767060859136        12.962000000000000        1.4401398822806137       0.32843399957665986      -0.20519390238252319      -0.37384270124367419     
         110  0.47324075410228883        12.960000000000001        1.4372465728919819       0.32782474251247418      -0.19986070388166691      -0.37221111219407121     
         109  0.47128383759598624        12.933999999999999        1.4195174948078910       0.32443174412124914      -0.20478928827413298      -0.36851990555656478     
         108  0.46932692108968366        12.945000000000000        1.4250938567093108       0.32542945712413873      -0.19335365138249369      -0.36806998382574074     
         107  0.46737000458338113        12.928000000000001        1.4132545036567750       0.32315024032311268      -0.19380658798353506      -0.36521376982799580     
         106  0.46541308807707854        12.923000000000000        1.4067237402611192       0.32178138826065061      -0.19153881345024276      -0.36298935216986750     
         105  0.46345617157077595        12.907000000000000        1.3977901618972115       0.32013423358102572      -0.18922245764561582      -0.36061059067189416     
         104  0.46149925506447342        12.896000000000001        1.3897678312504247       0.31856838878439819      -0.18715394774291053      -0.35826665260898394     
         103  0.45954233855817084        12.882999999999999        1.3821947076592385       0.31715215558827781      -0.18429172014896764      -0.35601948509419606     
         102  0.45758542205186825        12.879000000000000        1.3771891187362235       0.31610174114202821      -0.18037058660651642      -0.35403805654642506     
         101  0.45562850554556572        12.861000000000001        1.3650915198654598       0.31376354207186757      -0.18081999620798037      -0.35114102197649810     
         100  0.45367158903926313        12.852000000000000        1.3583576286477306       0.31243440920516963      -0.17762968974817556      -0.34896133887763747     
          99  0.45171467253296060        12.840000000000000        1.3502209057766690       0.31085313582895380      -0.17550475603267207      -0.34659168604803531     
          98  0.44975775602665802        12.821999999999999        1.3388087496278758       0.30865848343130731      -0.17508202811958254      -0.34380230265754397     
          97  0.44780083952035543        12.818000000000000        1.3321425418293089       0.30721744923842048      -0.17281991569986530      -0.34152399345286955     
          96  0.44584392301405290        12.803000000000001        1.3229970784104153       0.30546579618543063      -0.17095674115939022      -0.33903374206384718     
          95  0.44388700650775031        12.782999999999999        1.3128575162945437       0.30359894253934078      -0.16911138699457628      -0.33647263452836895     
          94  0.44193009000144773        12.770000000000000        1.3042628813766177       0.30191847275374978      -0.16694209042942529      -0.33402622553759342     
          93  0.43997317349514520        12.763999999999999        1.2966644934170244       0.30030064966920478      -0.16497555398364289      -0.33162461976895852     
          92  0.43801625698884261        12.744000000000000        1.2867957200194480       0.29848278861083566      -0.16254192183714694      -0.32909322652764594     
          91  0.43605934048254003        12.738000000000000        1.2818330594653164       0.29747171151349783      -0.15806346711100733      -0.32712500223492036     
          90  0.43410242397623749        12.715999999999999        1.2691812973707874       0.29504522677141792      -0.15818853490542223      -0.32415547747034990     
          89  0.43214550746993491        12.708000000000000        1.2630745953218527       0.29381045281445117      -0.15431090199626030      -0.32202035375330595     
          88  0.43018859096363238        12.662000000000001        1.2384184851335385       0.28912161770977129      -0.16286959928237410      -0.31748054097924272     
          87  0.42823167445732979        12.669000000000000        1.2403286894513164       0.28940757997235772      -0.15314372482199917      -0.31638839030315785     
          86  0.42627475795102726        12.645000000000000        1.2250033520091468       0.28637420196049335      -0.15602039193823802      -0.31299803291949435     
          85  0.42431784144472467        12.638999999999999        1.2217542474951819       0.28575023238898012      -0.14911941607570869      -0.31129443744297169     
          84  0.42236092493842209        12.615000000000000        1.2051595162342150       0.28240522528355583      -0.15331789723941075      -0.30767770915049464     
          82  0.41844709192581697        12.561999999999999        1.1793823312533078       0.27753085693835550      -0.15266029134866768      -0.30176302098455199     
          81  0.41649017541951439        12.577999999999999        1.1835471162603719       0.27815662598977409      -0.14164779603250149      -0.30086964396980664     
          80  0.41453325891321186        12.560000000000000        1.1754456392755652       0.27664852453196787      -0.13728827234024374      -0.29853672210709437     
          79  0.41257634240690927        12.532000000000000        1.1614292329369276       0.27396041491813183      -0.13819559120744032      -0.29539367004658312     
          78  0.41061942590060668        12.525000000000000        1.1533674585975562       0.27221083514361444      -0.13640347892125521      -0.29286692239613410     
          77  0.40866250939430415        12.504000000000000        1.1424090574868768       0.27007732362528142      -0.13458772707755073      -0.29010829276500760     
          76  0.40670559288800157        12.486000000000001        1.1327232082235670       0.26817353497913510      -0.13233904806200128      -0.28750478103885962     
          75  0.40474867638169898        12.468999999999999        1.1224849469849283       0.26611193276593725      -0.13105483834408863      -0.28477520354381569     
          74  0.40279175987539645        12.436999999999999        1.1100885586504281       0.26385020792896713      -0.12940600074203693      -0.28192775160120243     
          73  0.40083484336909392        12.395000000000000        1.0888384744654320       0.25967633670071816      -0.13529069407559510      -0.27779913907361314     
          72  0.39887792686279128        12.403000000000000        1.0899817294031198       0.25978132232083584      -0.12554652718488715      -0.27651541621673625     
          71  0.39692101035648875        12.375999999999999        1.0775314825831168       0.25737426287789972      -0.12346810122227435      -0.27356121783686310     
          70  0.39496409385018622        12.356000000000000        1.0651067827302632       0.25481835001289760      -0.12395961996541817      -0.27051169035681377     
          69  0.39300717734388357        12.334000000000000        1.0559771302030132       0.25308477340399482      -0.12091257214210741      -0.26801014285446439     
          68  0.39105026083758104        12.297000000000001        1.0380823194946098       0.24954453871676249      -0.12399563757571522      -0.26430538551376115     
          67  0.38909334433127851        12.295999999999999        1.0369847826957479       0.24930097523644540      -0.11425711446878721      -0.26276908399876797     
          66  0.38713642782497587        12.266999999999999        1.0230353614792025       0.24652883803575718      -0.11464400646349905      -0.25958369603251386     
          65  0.38517951131867334        12.218999999999999        1.0012865844525640       0.24223571815497283      -0.12035865633854567      -0.25539111625682409     
          64  0.38322259481237081        12.198000000000000       0.99286140848708970       0.24061098443133902      -0.11629515128209396      -0.25294982384101850     
          63  0.38126567830606822        12.192000000000000       0.98830327696533837       0.23962422977815884      -0.10949058302899942      -0.25091159181174238     
          62  0.37930876179976564        12.141999999999999       0.96666974865124389       0.23534411771077463      -0.11573101065603596      -0.24674703245983812     
          61  0.37735184529346311        12.143000000000001       0.96516151255915983       0.23495757376581719      -0.10644440702322115      -0.24509861321934120     
          60  0.37539492878716058        12.113000000000000       0.95194092713024059       0.23231311616994352      -0.10481145606975904      -0.24198553356477623     
          59  0.37343801228085793        12.071999999999999       0.93483898480678629       0.22891435984200800      -0.10658855084651239      -0.23838683927924076     
          58  0.37148109577455540        12.060000000000000       0.92866039398455025       0.22762767613166493      -0.10127257356384882      -0.23614464809535912     
          57  0.36952417926825287        12.032999999999999       0.91701817894181881       0.22527836061792045       -9.9175825276793014E-002 -0.23321515116057823     
          56  0.36756726276195023        12.004000000000000       0.90473763829980702       0.22279842670252431       -9.7915703873491244E-002 -0.23020628122901229     
          55  0.36561034625564770        11.981000000000000       0.89280978923934773       0.22028317316799137       -9.6277303283556381E-002 -0.22716532265924785     
          54  0.36365342974934517        11.943000000000000       0.87938087700270484       0.21766020480497117       -9.6665017607216477E-002 -0.22406381895325744     
          53  0.36169651324304253        11.881000000000000       0.85625867273890033       0.21304308189686430       -9.9656914982727759E-002 -0.21970951048792259     
          52  0.35973959673674000        11.882000000000000       0.85202987298999633       0.21197308591137040       -9.5355864970399037E-002 -0.21756693775455663     
          51  0.35778268023043747        11.835000000000001       0.83717802867757207       0.20910528442104381       -9.1795968617711110E-002 -0.21432769425447123     
          49  0.34457377683604135        11.769000000000000       0.80896503727761271       0.20319154750364676       -9.2439216860184456E-002 -0.20767580841818845     
          48  0.34060803940193729        11.744000000000000       0.79988002911203426       0.20133730901373947       -8.5320760530660400E-002 -0.20504311319549146     
          47  0.33713456016592680        11.699000000000000       0.78560794438055037       0.19850551364943458       -8.4173099329462819E-002 -0.20181300489153400     
          46  0.33525837484281512        11.660000000000000       0.77107311795559741       0.19548455979078838       -8.4689164780699031E-002 -0.19844627652374144     
          45  0.33375154711224603        11.637000000000000       0.76205735045783007       0.19358070656136719       -7.8465392633920203E-002 -0.19577369337314893     
          44  0.33145272466633469        11.577000000000000       0.74177403136352937       0.18940482592752397       -8.3529291656293359E-002 -0.19170555449178586     
          43  0.32824649383191717        11.550000000000001       0.73192364143685995       0.18732650894895805       -7.7570052190064895E-002 -0.18890581941666432     
          42  0.32475866520637647        11.509000000000000       0.71814239214330311       0.18445414648145056       -7.4878889048406547E-002 -0.18562171763641444     
          41  0.32165757596195910        11.465000000000000       0.70334592236273541       0.18134699498023749       -7.3655541607794084E-002 -0.18219636842479872     
          40  0.31918953409173989        11.425000000000001       0.68989476455263832       0.17850159003281751       -7.1215012766053978E-002 -0.17892216831534768     
          39  0.31712852161633781        11.375999999999999       0.67447642969785926       0.17526396905055372       -7.0331218766555917E-002 -0.17541606946057553     
          38  0.31501659426299738        11.289000000000000       0.64721298628641044       0.16947560708978657       -8.1014471673539090E-002 -0.17039888216984389     
          37  0.31247092187167436        11.297000000000001       0.64682930871968236       0.16925519596118749       -6.7000902189832776E-002 -0.16865432867429136     
          36  0.30937991412554039        11.250000000000000       0.63245214181789222       0.16618453023327340       -6.4526024458215744E-002 -0.16523774571825367     
          35  0.30591983607506884        11.173999999999999       0.61070545278001676       0.16156176135016001       -6.8844615940479803E-002 -0.16090305260239210     
          34  0.30242486932661633        11.132999999999999       0.59944344006151884       0.15916642118744762       -6.2247942165774700E-002 -0.15788260091217532     
          33  0.29920111190090393        11.060000000000000       0.58012872525687054       0.15505461315675437       -6.3686255107542028E-002 -0.15384408593049015     
          32  0.29637927616108206        11.034000000000001       0.56986810009006472       0.15267109334545387       -5.8475580914317274E-002 -0.15079372598074903     
          31  0.29386606733275905        10.946000000000000       0.54885004261735648       0.14822235426001296       -6.0607991305825643E-002 -0.14656423150725117     
          30  0.29140250709349697        10.913000000000000       0.53726652834393296       0.14553286472778260       -5.6367206180295379E-002 -0.14332305217988880     
          29  0.28869193383120090        10.843000000000000       0.52032331923612707       0.14185324687917866       -5.4934724996846901E-002 -0.13951329771948048     
          28  0.28553620675260005        10.757000000000000       0.49776259322115585       0.13678753906816288       -6.1317269050839687E-002 -0.13489917058511453     
          27  0.28192132156827732        10.667999999999999       0.47819780977403825       0.13250736694111268       -6.1465280420301693E-002 -0.13075205308593268     
          26  0.27801868300339849        10.625000000000000       0.46672908137460378       0.12985281592700534       -5.4574730743486392E-002 -0.12748877458283747     
          25  0.27410439312448964        10.563000000000001       0.45361081140994869       0.12694382082160977       -4.6746068980386350E-002 -0.12409011499847557     
          24  0.27043227493853572        10.493000000000000       0.43528739013750534       0.12262862592211246       -4.8918494193744194E-002 -0.11985297663640820     
          23  0.26711492323059904        10.393000000000001       0.41537675706245109       0.11814537160910084       -4.8538044945313934E-002 -0.11555193270733483     
          22  0.26406437055732002        10.327000000000000       0.40080359088927098       0.11472891206913931       -4.3539360335547971E-002 -0.11180975705783242     
          21  0.26102074499463518        10.236000000000001       0.38301686320975264       0.11061220925290831       -4.0946521203679809E-002 -0.10767365679537702     
          20  0.25766152365529360        10.105000000000000       0.35803191397752310       0.10473717863543855       -4.8714862878205312E-002 -0.10255363158409306     
          19  0.25374848647809595        10.005000000000001       0.34020467859448111       0.10051679612955329       -4.5450781017069383E-002  -9.8337451502043913E-002
          18  0.24924819468869849        9.9420000000000002       0.32723288969975284        9.7296817986239875E-002  -3.7001227529981515E-002  -9.4633074612360008E-002
          17  0.24436523979562833        9.8369999999999997       0.30893277904140931        9.2836074494747789E-002  -3.4505253315230480E-002  -9.0237202773169961E-002
          16  0.23945843533831193        9.7219999999999995       0.28991872941488767        8.8152798606779881E-002  -3.2788197325181151E-002  -8.5697755212537169E-002
          15  0.23486105516574388        9.5879999999999992       0.26758493503805358        8.2499075598937655E-002  -3.8963522228222018E-002  -8.0604393842347022E-002
          14  0.23067944946774177        9.4670000000000005       0.24901478918010822        7.7754979711163866E-002  -3.7187050787204599E-002  -7.5974254779193756E-002
          13  0.22667566840628622        9.3179999999999996       0.22916916412535948        7.2702429367017818E-002  -3.4337566036157542E-002  -7.1155478497861052E-002
          12  0.22232585677116756        9.1720000000000006       0.20946257666522067        6.7508404526345628E-002  -3.3686875551605822E-002  -6.6195041156700649E-002
          11  0.21707553348088479        8.9930000000000003       0.18869460693090545        6.2025509861367317E-002  -3.0696843599069372E-002  -6.1040864676274682E-002
          10  0.21069713845317614        8.8599999999999994       0.17182497829033064        5.7328162832910735E-002  -2.3237936334348393E-002  -5.6194953301440677E-002
           9  0.20353840784187127        8.6270000000000007       0.14823775378438023        5.0794241105617449E-002  -2.5416062911860573E-002  -5.0351400659348622E-002
           8  0.19640867873834572        8.3970000000000002       0.12653915891714493        4.4546771965701934E-002  -2.4687382768104667E-002  -4.4557790433185265E-002
           7  0.18997555579175787        8.1509999999999998       0.10570090978453688        3.8333924290433669E-002  -2.2588100746723214E-002  -3.8666476848725269E-002
           6  0.18389554387278689        7.8929999999999998        8.6109891723166229E-002   3.2249752714501277E-002  -1.9779815198991031E-002  -3.3676418679510850E-002
           5  0.17641247562436821        7.5579999999999998        6.6120362111595984E-002   2.5860908895082836E-002  -1.7587440714757048E-002  -2.7164349774553825E-002
           4  0.16547376735453140        7.0850000000000000        4.6299172922931252E-002   1.9317406859301903E-002  -1.4604076121959859E-002  -2.0107074555124681E-002
           3  0.15164362064377035        5.9699999999999998        2.2395131038066111E-002   1.1089059796206243E-002  -1.3010342040238694E-002  -1.1293191129786872E-002
           2  0.13942161601558301        2.4249999999999998        1.1757670977692698E-003   1.4332600921807398E-003  -2.0255139626560826E-015  -1.3617703221976525E-003
           1  0.12372781082532591       0.14199999999999999        2.2211330602903674E-007   4.6238281064773570E-006  -1.2711095131562032E-015  -3.5167899088668514E-016
