         600   1.4321298421905460        12.672000000000001        2.3135598608210013       0.53969826906379748       -2.6906994675767453      -0.86940745939927910     
         598   1.4282160091779408        12.673999999999999        2.3129815855825502       0.53947822633745757       -2.6742479601629427      -0.86848348366608352     
         597   1.4262590926716383        12.676000000000000        2.3126899932359830       0.53932510821671331       -2.6661052519454422      -0.86802041004420594     
         596   1.4243021761653356        12.677000000000000        2.3123970419674453       0.53921425304361559       -2.6579444212906864      -0.86759252369522355     
         595   1.4223452596590329        12.678000000000001        2.3121049925305259       0.53910362563453806       -2.6472902957177777      -0.86709063310837120     
         594   1.4203883431527307        12.679000000000000        2.3118057116214610       0.53899132967753050       -2.6417154564485932      -0.86662446955939632     
         593   1.4184314266464280        12.680000000000000        2.3115080768562284       0.53887943519659109       -2.6336634940185286      -0.86615734549196943     
         592   1.4164745101401255        12.680999999999999        2.3112087149964391       0.53876715575925382       -2.6252990712602564      -0.86568918351152346     
         591   1.4145175936338228        12.682000000000000        2.3109085141875649       0.53865469847634484       -2.6173443654252568      -0.86522011389577980     
         590   1.4125606771275201        12.683000000000000        2.3106059229751192       0.53854170178653904       -2.6092456374184705      -0.86475011749216513     
         589   1.4106037606212176        12.683999999999999        2.3103015513319991       0.53842830797490848       -2.6012095907979855      -0.86427907646627211     
         588   1.4086468441149151        12.685000000000000        2.3099957576881938       0.53831460066284009       -2.5933311231797096      -0.86380741909122505     
         586   1.4047330111023100        12.688000000000001        2.3093801424707627       0.53804389223315408       -2.5772272486606185      -0.86286038278808863     
         585   1.4027760945960075        12.689000000000000        2.3090691185578676       0.53792903259838820       -2.5691586583702235      -0.86238543584330307     
         584   1.4008191780897048        12.690000000000000        2.3087570209712305       0.53781394095882817       -2.5611641736436539      -0.86190953204999199     
         582   1.3969053450770998        12.692000000000000        2.3081277776631635       0.53758263633435510       -2.5450956483075067      -0.86095473515844945     
         581   1.3949484285707971        12.693000000000000        2.3078105310233989       0.53746640002324064       -2.5373894074406023      -0.86047598839619976     
         580   1.3929915120644947        12.694000000000001        2.3074915387443311       0.53734977551549146       -2.5292695919174921      -0.85999611058113490     
         579   1.3910345955581920        12.695000000000000        2.3071714487717969       0.53723291377929017       -2.5212324050448065      -0.85951527274864170     
         578   1.3890776790518893        12.696999999999999        2.3068493012231448       0.53707328881729599       -2.5134686634539194      -0.85903348379106004     
         577   1.3871207625455870        12.698000000000000        2.3065252149405451       0.53695554612973473       -2.5057518711144708      -0.85855067674639851     
         576   1.3851638460392843        12.699000000000000        2.3061998379330797       0.53683752153067388       -2.4975993550639992      -0.85806676368779233     
         575   1.3832069295329819        12.699999999999999        2.3058796289993806       0.53672071844837355       -2.4821911124267277      -0.85758185087856753     
         574   1.3812500130266792        12.701000000000001        2.3055372279939585       0.53659876869870404       -2.4883626275555999      -0.85709597462527232     
         573   1.3792930965203767        12.702000000000000        2.3052149976227438       0.53648153236479701       -2.4715371325266724      -0.85660902298858532     
         572   1.3773361800140740        12.702999999999999        2.3048814084905476       0.53636167122756007       -2.4650075526213069      -0.85612104689743840     
         571   1.3753792635077715        12.704000000000001        2.3045497103727084       0.53624226897748772       -2.4545282944878934      -0.85563212505816166     
         570   1.3734223470014690        12.705000000000000        2.3042093335556282       0.53612086624875666       -2.4505507827926087      -0.85514212836760739     
         569   1.3714654304951663        12.706000000000000        2.3038719335930300       0.53600017520037901       -2.4426947015116145      -0.85465122382061587     
         568   1.3695085139888639        12.708000000000000        2.3035325211228534       0.53583686633445382       -2.4346036025042728      -0.85415893483392991     
         566   1.3655946809762587        12.710000000000001        2.3028481488481880       0.53559337856856071       -2.4191422966596061      -0.85317158644636359     
         565   1.3636377644699562        12.711000000000000        2.3025025180240069       0.53547086232143937       -2.4116011456625746      -0.85267646855999180     
         564   1.3616808479636535        12.712000000000000        2.3021557164824813       0.53534809310894826       -2.4039312548784642      -0.85218014971109812     
         563   1.3597239314573510        12.712999999999999        2.3018070757715337       0.53522491555976837       -2.3961221450298185      -0.85168283737805006     
         562   1.3577670149510483        12.714000000000000        2.3014566619409051       0.53510134512717955       -2.3885706550494863      -0.85118445532834375     
         561   1.3558100984447459        12.715000000000000        2.3011044873998543       0.53497738478887324       -2.3807199102092098      -0.85068497722857872     
         560   1.3538531819384432        12.717000000000001        2.3007501818079956       0.53481089043705832       -2.3729484865324548      -0.85018437950510706     
         559   1.3518962654321407        12.718000000000000        2.3003936852582938       0.53468597760260339       -2.3655349727709343      -0.84968285836820645     
         558   1.3499393489258382        12.718999999999999        2.3000354157140390       0.53456067234113358       -2.3576472008625506      -0.84918007576560040     
         557   1.3479824324195355        12.720000000000001        2.2996761618845247       0.53443515803795560       -2.3499299137892620      -0.84867638724674721     
         556   1.3460255159132331        12.721000000000000        2.2993138294261226       0.53430894806389628       -2.3424945717852816      -0.84817153090554498     
         555   1.3440685994069304        12.722000000000000        2.2989502266588340       0.53418246276297066       -2.3351374423005216      -0.84766568317435920     
         554   1.3421116829006279        12.723000000000001        2.2985845328629404       0.53405551151322928       -2.3271809184525036      -0.84715853628269855     
         553   1.3401547663943254        12.724000000000000        2.2982171153160484       0.53392817975148443       -2.3195640643712840      -0.84665041053161116     
         552   1.3381978498880227        12.726000000000001        2.2978467510574343       0.53375823783059129       -2.3122382774304731      -0.84614110747775095     
         551   1.3362409333817202        12.727000000000000        2.2974756188361356       0.53363009664108030       -2.3044227456377975      -0.84563078268447733     
         550   1.3342840168754175        12.728000000000000        2.2971091187023442       0.53350305138812315       -2.2893582498434855      -0.84511925543462496     
         549   1.3323271003691151        12.728999999999999        2.2967267371519502       0.53337233793121619       -2.2893758147745165      -0.84460681785523506     
         548   1.3303701838628126        12.730000000000000        2.2963491157805205       0.53324275038734503       -2.2818856817526600      -0.84409310332883392     
         547   1.3284132673565101        12.731000000000000        2.2959692924449140       0.53311267191611800       -2.2743511023294127      -0.84357824728084296     
         546   1.3264563508502074        12.731999999999999        2.2955874808177148       0.53298215224302747       -2.2669199448888580      -0.84306231843038781     
         545   1.3244994343439047        12.733000000000001        2.2952043754096496       0.53285135270863737       -2.2593727606101579      -0.84254518325237993     
         544   1.3225425178376022        12.734000000000000        2.2948217838118405       0.53272069299368507       -2.2481098590297259      -0.84202703791601707     
         543   1.3205856013312995        12.736000000000001        2.2944308525335351       0.53254630043993945       -2.2444260580785214      -0.84150761095950144     
         542   1.3186286848249973        12.737000000000000        2.2940409304115170       0.53241399414039603       -2.2369776368596712      -0.84098708477443862     
         541   1.3166717683186946        12.738000000000000        2.2936493442028802       0.53228132243401860       -2.2293429733833916      -0.84046542908084065     
         540   1.3147148518123919        12.739000000000001        2.2932552410584144       0.53214808750386622       -2.2219386465187028      -0.83993787692575450     
         539   1.3127579353060894        12.740000000000000        2.2928595737755084       0.53201451056110172       -2.2145845772218418      -0.83941867631322464     
         538   1.3108010187997867        12.741000000000000        2.2924610889765180       0.53188030088660698       -2.2071259180898841      -0.83889351342935559     
         537   1.3088441022934842        12.742000000000001        2.2920609376764172       0.53174572565859479       -2.1998510667935793      -0.83836726556291408     
         536   1.3068871857871818        12.744000000000000        2.2916585203816320       0.53156893131176497       -2.1923983435651002      -0.83783980149512960     
         535   1.3049302692808793        12.744999999999999        2.2912538571314527       0.53143336569006339       -2.1851788329329072      -0.83731116795950988     
         534   1.3029733527745766        12.746000000000000        2.2908471387569982       0.53129734471215229       -2.1776171205690034      -0.83678128345660718     
         533   1.3010164362682739        12.747000000000000        2.2904378380612025       0.53116074622630960       -2.1702028926659152      -0.83625032196853144     
         532   1.2990595197619714        12.747999999999999        2.2900298554563876       0.53102447481708825       -2.1593186082688294      -0.83571806618784583     
         531   1.2971026032556687        12.749000000000001        2.2896135528343717       0.53088629564631462       -2.1556051519896604      -0.83518469001953877     
         530   1.2951456867493665        12.750000000000000        2.2892111975213951       0.53075137182063192       -2.1337545668437632      -0.83465020170994153     
         529   1.2931887702430638        12.752000000000001        2.2887819978116846       0.53056863583603942       -2.1387160245039598      -0.83411428607020544     
         527   1.2892749372304586        12.754000000000000        2.2879375995841831       0.53028972398391194       -2.1265032248805484      -0.83303913960857945     
         526   1.2873180207241559        12.755000000000001        2.2875132377646401       0.53014979963348552       -2.1193697832519192      -0.83249957875029945     
         525   1.2853611042178537        12.756000000000000        2.2870858366653497       0.53000919289906889       -2.1118734027630977      -0.83195889737904527     
         524   1.2834041877115510        12.757000000000000        2.2866568483171554       0.52986824040833536       -2.1046378807565693      -0.83141697769456746     
         523   1.2814472712052485        12.757999999999999        2.2862251534116287       0.52972668289475466       -2.0975958352745283      -0.83087385849356676     
         522   1.2794903546989458        12.759000000000000        2.2857920758239922       0.52958482722324696       -2.0902606118086720      -0.83032949203653983     
         521   1.2775334381926431        12.760999999999999        2.2853552678528062       0.52940064049980284       -2.0832812228649620      -0.82978385049140913     
         520   1.2755765216863406        12.762000000000000        2.2849241480338014       0.52925929720255593       -2.0685678902405438      -0.82923700196957439     
         519   1.2736196051800381        12.763000000000000        2.2844684601364595       0.52911228577120462       -2.0769219033877273      -0.82868892633962987     
         518   1.2716626886737357        12.763999999999999        2.2840335177623436       0.52897010192880911       -2.0606192713688327      -0.82813962183802714     
         517   1.2697057721674330        12.765000000000001        2.2835869864777876       0.52882525664334712       -2.0548766450071216      -0.82758886588870606     
         516   1.2677488556611305        12.766000000000000        2.2831385257950196       0.52867998728180421       -2.0474917107394410      -0.82703688430756073     
         515   1.2657919391548278        12.768000000000001        2.2826883036861694       0.52849293760331240       -2.0402628290979661      -0.82648370135786864     
         514   1.2638350226485251        12.769000000000000        2.2822353193496934       0.52834668115331229       -2.0332423913171422      -0.82592927118980275     
         513   1.2618781061422228        12.770000000000000        2.2817802532407150       0.52819996570857841       -2.0260467590905686      -0.82537372597219272     
         512   1.2599211896359201        12.771000000000001        2.2813219704994911       0.52805252869346819       -2.0191229593569013      -0.82481642241718434     
         511   1.2579642731296177        12.772000000000000        2.2808614952341175       0.52790460730693656       -2.0119293766670312      -0.82425808314784554     
         509   1.2540504401170123        12.773999999999999        2.2799330489873926       0.52760709940389905       -1.9981822065681378      -0.82313749954247506     
         508   1.2520935236107098        12.776000000000000        2.2794657551725193       0.52741638480131536       -1.9909573167412000      -0.82257513658257742     
         507   1.2501366071044073        12.776999999999999        2.2789866943160808       0.52726427114349284       -1.9921428613945364      -0.82201163027491098     
         506   1.2481796905981049        12.778000000000000        2.2785215765637554       0.52711540690567404       -1.9770810381171788      -0.82144674277477614     
         505   1.2462227740918022        12.779000000000000        2.2780460849975328       0.52696416626567666       -1.9700351358325485      -0.82088035534185733     
         503   1.2423089410791970        12.781000000000001        2.2770872978202767       0.52665995101354146       -1.9561080393366654      -0.81974396562082530     
         502   1.2403520245728943        12.782000000000000        2.2766035131209654       0.52650686356196663       -1.9492020144312372      -0.81916351228944040     
         501   1.2383951080665920        12.784000000000001        2.2761172061592432       0.52631204397662579       -1.9422565729964749      -0.81860203747201532     
         500   1.2364381915602893        12.785000000000000        2.2756279605823120       0.52615775702607415       -1.9353538745781618      -0.81802903958333550     
         499   1.2344812750539869        12.786000000000000        2.2751375956014921       0.52600323540729554       -1.9282036269036318      -0.81744994767858947     
         498   1.2325243585476842        12.787000000000001        2.2746431652062062       0.52584779812207205       -1.9214512124560410      -0.81687897316462355     
         497   1.2305674420413817        12.788000000000000        2.2741459777342841       0.52569174782068140       -1.9146235800548523      -0.81630187118203490     
         496   1.2286105255350792        12.789000000000000        2.2736467011819990       0.52553523904891530       -1.9076832380578423      -0.81575678170490218     
         493   1.2227397760161713        12.792999999999999        2.2721317195933040       0.52502085304438173       -1.8870572143090123      -0.81401287503148845     
         492   1.2207828595098689        12.794000000000000        2.2716204357930772       0.52486168358113339       -1.8803751501345494      -0.81339562212549721     
         491   1.2188259430035662        12.795000000000000        2.2711070021217528       0.52470204230535833       -1.8736094760081299      -0.81281005671703921     
         490   1.2168690264972637        12.795999999999999        2.2705908701248974       0.52454180262616878       -1.8668492466891340      -0.81221340881341986     
         489   1.2149121099909612        12.797000000000001        2.2700716760740485       0.52438088066348298       -1.8599405734526564      -0.81163485586056516     
         488   1.2129551934846585        12.798999999999999        2.2695497329932888       0.52417839104290453       -1.8530969252286453      -0.81104502203160433     
         487   1.2109982769783560        12.800000000000001        2.2690260231274788       0.52401649229035641       -1.8455042914958169      -0.81045391755297036     
         486   1.2090413604720534        12.801000000000000        2.2684961225906788       0.52385318924984303       -1.8398937246848968      -0.80986113963098205     
         485   1.2070844439657509        12.802000000000000        2.2679655764536895       0.52368976264765976       -1.8329981823053159      -0.80933694684786250     
         484   1.2051275274594484        12.803000000000001        2.2674330335732633       0.52352590054831549       -1.8264107280667521      -0.80867161134905263     
         483   1.2031706109531457        12.804000000000000        2.2668955686053942       0.52336092767613174       -1.8197863353229089      -0.80807453237148907     
         481   1.1992567779405405        12.807000000000000        2.2658133047563704       0.52298852696632214       -1.8062677334128254      -0.80687607901893355     
         480   1.1972998614342381        12.808000000000000        2.2652674349038846       0.52282170773215964       -1.7995067679213950      -0.80627454086231876     
         479   1.1953429449279354        12.808999999999999        2.2647186525228125       0.52265424238866209       -1.7931507974317189      -0.80567170722334325     
         476   1.1894721954090277        12.811999999999999        2.2630542428052136       0.52214783568532797       -1.7732333007233687      -0.80385386651958057     
         475   1.1875152789027252        12.814000000000000        2.2624850767980362       0.52193503772403271       -1.7745069986331485      -0.80324503695781746     
         473   1.1836014458901201        12.816000000000001        2.2613617217051210       0.52159447967302319       -1.7532835477086650      -0.80209171903449439     
         472   1.1816445293838176        12.817000000000000        2.2607911698244605       0.52142219375351806       -1.7466385646333049      -0.80140880572632589     
         471   1.1796876128775149        12.818000000000000        2.2602174320640764       0.52124919999132580       -1.7403712410542997      -0.80079372615949085     
         470   1.1777306963712124        12.819000000000001        2.2596417234583006       0.52107577874030697       -1.7326430319513515      -0.80017705954209872     
         468   1.1738168633586072        12.821999999999999        2.2584765185335418       0.52068522652659799       -1.7207625563179372      -0.79893907660342967     
         467   1.1718599468523048        12.823000000000000        2.2578901073188731       0.52050943609082412       -1.7140114763665506      -0.79831772238051635     
         466   1.1699030303460023        12.824000000000000        2.2573006190307803       0.52033296377116445       -1.7077782889089519      -0.79769471669444902     
         465   1.1679461138396996        12.824999999999999        2.2567064628683808       0.52015544305837413       -1.7011761823875080      -0.79707027358883564     
         464   1.1659891973333969        12.826000000000001        2.2561093038555500       0.51997725794439376       -1.6949406254142001      -0.79644407368191206     
         461   1.1601184478144895        12.830000000000000        2.2542987347264809       0.51939798380799540       -1.6756455913008499      -0.79455598789508963     
         460   1.1581615313081868        12.831000000000000        2.2536885366619086       0.51921692315586088       -1.6691602876876075      -0.79392346469763342     
         459   1.1562046148018843        12.832000000000001        2.2530752336445063       0.51903517544386557       -1.6627659658152598      -0.79328922389424950     
         458   1.1542476982955816        12.833000000000000        2.2524572111879082       0.51885236893651487       -1.6565876739191883      -0.79265339205744800     
         457   1.1522907817892789        12.834000000000000        2.2518290735984330       0.51866726108286487       -1.6577037856656203      -0.79204845393793932     
         456   1.1503338652829764        12.836000000000000        2.2512120048457027       0.51844433836275006       -1.6436779920756870      -0.79137669119982479     
         455   1.1483769487766740        12.837000000000000        2.2505879902106058       0.51826025497871908       -1.6337703789521221      -0.79073568455468435     
         454   1.1464200322703715        12.837999999999999        2.2499530160926975       0.51807367674452565       -1.6309691165326503      -0.79009327778744154     
         453   1.1444631157640688        12.839000000000000        2.2493194811321207       0.51788745892886001       -1.6226924806264940      -0.78944910173148652     
         452   1.1425061992577661        12.840000000000000        2.2486788840212379       0.51769964424323056       -1.6183578742244706      -0.78880321375816531     
         451   1.1405492827514636        12.840999999999999        2.2480367905735679       0.51751151434426912       -1.6121861644355306      -0.78815557104866496     
         450   1.1385923662451609        12.842000000000001        2.2473904460492378       0.51732243519739918       -1.6057215815672889      -0.78752020587268845     
         449   1.1366354497388587        12.843999999999999        2.2467428120647472       0.51709282608021623       -1.5973507309976109      -0.78685520884886329     
         448   1.1346785332325560        12.845000000000001        2.2460900092801870       0.51690233742179281       -1.5899207360218590      -0.78620254526461719     
         447   1.1327216167262535        12.846000000000000        2.2454305482242507       0.51671034624334433       -1.5870306692304688      -0.78554796573003971     
         446   1.1307647002199508        12.847000000000000        2.2447690338742956       0.51651791249396417       -1.5807648177593789      -0.78489179174285784     
         445   1.1288077837136481        12.848000000000001        2.2441038624198200       0.51632466727137838       -1.5748440897725879      -0.78423381572657147     
         444   1.1268508672073458        12.849000000000000        2.2434354818949074       0.51613071384095943       -1.5686335104383200      -0.78357420159748081     
         442   1.1229370341947407        12.852000000000000        2.2420862366438628       0.51569989666876803       -1.5559531110721576      -0.78224935569400234     
         440   1.1190232011821353        12.853999999999999        2.2407214131579134       0.51530578430066742       -1.5440227268625601      -0.78091529279893124     
         439   1.1170662846758328        12.855000000000000        2.2400334188824034       0.51510749037127967       -1.5377493485881824      -0.78024898443169854     
         438   1.1151093681695303        12.856000000000000        2.2393412083381135       0.51490825781254579       -1.5317062658335392      -0.77957844104319185     
         437   1.1131524516632278        12.856999999999999        2.2386451036024964       0.51470816089536819       -1.5254039721406385      -0.77890615693481446     
         436   1.1111955351569252        12.859000000000000        2.2379437277189842       0.51446687183427142       -1.5195693944189719      -0.77829974290507675     
         435   1.1092386186506227        12.859999999999999        2.2372436057320968       0.51426593248946406       -1.5097401869878040      -0.77755618670523030     
         434   1.1072817021443200        12.861000000000001        2.2365312873670384       0.51406222107950528       -1.5072677291167942      -0.77687842566995124     
         433   1.1053247856380173        12.862000000000000        2.2358187322784908       0.51385848693983360       -1.5012890381560267      -0.77619883295756087     
         432   1.1033678691317150        12.863000000000000        2.2351019354580903       0.51365380967575791       -1.4951313565940878      -0.77551735516202680     
         431   1.1014109526254123        12.864000000000001        2.2343809935299408       0.51344821171090016       -1.4891918538046269      -0.77483401233918781     
         430   1.0994540361191099        12.865000000000000        2.2336559168304699       0.51324169563502764       -1.4834348338201675      -0.77414879107539825     
         429   1.0974971196128072        12.867000000000001        2.2329264969455864       0.51299434168480795       -1.4772166553164527      -0.77346156679212308     
         428   1.0955402031065047        12.868000000000000        2.2321924031266507       0.51278583758724072       -1.4712588110315459      -0.77277036883453387     
         427   1.0935832866002020        12.869000000000000        2.2314542558603936       0.51257643479621673       -1.4651779477336710      -0.77208174093253767     
         426   1.0916263700938995        12.869999999999999        2.2307119509372093       0.51236610958560302       -1.4593190403318168      -0.77138880504136387     
         425   1.0896694535875970        12.871000000000000        2.2299651526358630       0.51215478506550061       -1.4532787608313431      -0.77069398085389873     
         424   1.0877125370812943        12.872000000000000        2.2292138055081643       0.51194244873504868       -1.4474058525942819      -0.76999724998531305     
         423   1.0857556205749919        12.872999999999999        2.2284581817899052       0.51172916334456564       -1.4413421737624099      -0.76929869091235037     
         422   1.0837987040686892        12.875000000000000        2.2276974923583572       0.51147501861928002       -1.4354264513589274      -0.76866477371529318     
         421   1.0818417875623865        12.875999999999999        2.2269355316835449       0.51126036438501354       -1.4276246446524077      -0.76789525811534987     
         420   1.0798848710560842        12.877000000000001        2.2261586099055943       0.51104230898320102       -1.4295780045069535      -0.76719087310490230     
         419   1.0779279545497815        12.878000000000000        2.2253908017534312       0.51082637942951337       -1.4179102094014426      -0.76648416853992540     
         418   1.0759710380434790        12.879000000000000        2.2246043731578133       0.51060620951801250       -1.4194915651663922      -0.76577551141901512     
         417   1.0740141215371763        12.880000000000001        2.2238295144878824       0.51038872919563405       -1.4061027143482567      -0.76506493289498101     
         416   1.0720572050308739        12.881000000000000        2.2230356576123835       0.51016692272156872       -1.4060491829315305      -0.76435233123923108     
         415   1.0701002885245714        12.882999999999999        2.2222349723498085       0.50990400107808431       -1.4094808318489922      -0.76363763709988841     
         414   1.0681433720182687        12.884000000000000        2.2214522659533200       0.50968484221343990       -1.3885681219508299      -0.76292099812024072     
         413   1.0661864555119662        12.885000000000000        2.2206510313022298       0.50946146661674341       -1.3828591948711355      -0.76220221829851376     
         412   1.0642295390056635        12.885999999999999        2.2198438669562477       0.50923676540529950       -1.3772397480874159      -0.76151459736004623     
         410   1.0603157059930584        12.888000000000000        2.2182168939757032       0.50878456741614109       -1.3653462818339088      -0.76003354579356019     
         409   1.0583587894867561        12.888999999999999        2.2173972752031963       0.50855711461682740       -1.3574990705480876      -0.75930654928459551     
         408   1.0564018729804534        12.890000000000001        2.2165690505702083       0.50832772351934274       -1.3540323188459336      -0.75857730814311308     
         407   1.0544449564741507        12.891999999999999        2.2157374973123916       0.50805819286128817       -1.3484742971464281      -0.75784609660204072     
         406   1.0524880399678482        12.893000000000001        2.2149011287273894       0.50782702661155799       -1.3428249603303020      -0.75711266758023210     
         405   1.0505311234615455        12.894000000000000        2.2140600706219415       0.50759482110002752       -1.3369435927718971      -0.75637717954139172     
         404   1.0485742069552431        12.895000000000000        2.2132162856263222       0.50736202648567896       -1.3290995505071790      -0.75563939577933115     
         403   1.0466172904489406        12.896000000000001        2.2123630772097314       0.50712710789878690       -1.3257647582519001      -0.75489960336213380     
         402   1.0446603739426379        12.897000000000000        2.2115064166873184       0.50689143449708962       -1.3198986355792848      -0.75415757585905840     
         400   1.0407465409300327        12.898999999999999        2.2097780549698318       0.50641675043375034       -1.3077621976308662      -0.75266695395464223     
         399   1.0387896244237302        12.901000000000000        2.2089047799239925       0.50613814412168168       -1.3029933717193054      -0.75191847917179544     
         398   1.0368327079174275        12.901999999999999        2.2080295277766697       0.50589837903599588       -1.2953440650006616      -0.75116750712900582     
         397   1.0348757914111253        12.903000000000000        2.2071293930974449       0.50565295053092529       -1.3066129565391140      -0.75041440476044374     
         396   1.0329188749048226        12.904000000000000        2.2062497706874220       0.50541225905803011       -1.2921150627337918      -0.74965914077019591     
         395   1.0309619583985199        12.904999999999999        2.2053624518150263       0.50516984190229397       -1.2807557135626899      -0.74890162185298736     
         393   1.0270481253859147        12.907000000000000        2.2035582102038451       0.50467834014320379       -1.2696508428696169      -0.74737961967730115     
         392   1.0250912088796122        12.907999999999999        2.2026475674524297       0.50443069475960189       -1.2641556826457403      -0.74661525965173026     
         391   1.0231342923733098        12.909000000000001        2.2017264734642832       0.50418069448027969       -1.2641717419177092      -0.74587942396247775     
         390   1.0211773758670071        12.910000000000000        2.2008100017541472       0.50393179131955002       -1.2531652529209694      -0.74511202818932776     
         389   1.0192204593607046        12.912000000000001        2.1998824338696070       0.50364137745516557       -1.2478580423270078      -0.74430825759244279     
         388   1.0172635428544019        12.913000000000000        2.1989497436687588       0.50338886111017001       -1.2421340538687053      -0.74353449449261400     
         387   1.0153066263480994        12.914000000000000        2.1980115306691412       0.50313511967808433       -1.2365952027759015      -0.74275849684464967     
         386   1.0133497098417970        12.914999999999999        2.1970667018529468       0.50287990326596588       -1.2312709291028348      -0.74198012302566396     
         385   1.0113927933354943        12.916000000000000        2.1961153057600900       0.50262322332570131       -1.2257710659654433      -0.74119942473519962     
         384   1.0094358768291918        12.917000000000000        2.1951668522230441       0.50236725653675274       -1.2138166893935451      -0.74041618158526168     
         383   1.0074789603228891        12.917999999999999        2.1941966821264876       0.50210635989449270       -1.2149501536330689      -0.73963065700971120     
         381   1.0035651273102841        12.920000000000000        2.1922543974347954       0.50158424287128967       -1.2041099943208247      -0.73805229314830334     
         380   1.0016082108039814        12.920999999999999        2.1912737943645970       0.50132108054146940       -1.1989475527998699      -0.73725937479646042     
         379  0.99965129429767885        12.923000000000000        2.1902875247830353       0.50101789018207932       -1.1933091675511247      -0.73649472041002073     
         378  0.99769437779137637        12.923999999999999        2.1892943006574086       0.50075194597770412       -1.1881768703315987      -0.73566635836023875     
         377  0.99573746128507379        12.925000000000001        2.1882992254244069       0.50048561955871973       -1.1794593994603764      -0.73486604482276929     
         376  0.99378054477877131        12.926000000000000        2.1872943619997396       0.50021709586479801       -1.1740348944227277      -0.73406348931571574     
         375  0.99182362827246873        12.927000000000000        2.1862781319768239       0.49994601446456172       -1.1721322582247675      -0.73325819985484286     
         374  0.98986671176616603        12.928000000000001        2.1852641413827545       0.49967548706203785       -1.1636174946967499      -0.73245037513779632     
         373  0.98790979525986355        12.929000000000000        2.1842361683996563       0.49940180458674405       -1.1615274203583210      -0.73164003826507285     
         372  0.98595287875356097        12.930000000000000        2.1832052972846028       0.49912750186934118       -1.1563535215776937      -0.73082747466068676     
         371  0.98399596224725838        12.930999999999999        2.1821681136713176       0.49885179851681538       -1.1510387773884563      -0.73001188351346169     
         370  0.98203904574095591        12.932000000000000        2.1811237454570325       0.49857449550354910       -1.1455737529671188      -0.72919380576818182     
         369  0.98008212923465332        12.933000000000000        2.1800656744211175       0.49829410334140606       -1.1477422184546162      -0.72837324166329009     
         368  0.97812521272835062        12.933999999999999        2.1790196884786983       0.49801651659344887       -1.1318566112099500      -0.72755001257917185     
         366  0.97421137971574556        12.936000000000000        2.1768707560429243       0.49744845548620803       -1.1350967165595904      -0.72589588357608270     
         365  0.97225446320944298        12.936999999999999        2.1758039443715518       0.49716623984371450       -1.1197819400580851      -0.72506481294776093     
         364  0.97029754670314050        12.938000000000001        2.1747207549514371       0.49688032583807923       -1.1134573673448767      -0.72423100116347050     
         363  0.96834063019683791        12.939000000000000        2.1736279266506675       0.49659225390477407       -1.1095007192506958      -0.72339458868708661     
         362  0.96638371369053533        12.940000000000000        2.1725293413546272       0.49630291134040794       -1.1043910090359716      -0.72255546969914908     
         361  0.96442679718423274        12.942000000000000        2.1714367038318989       0.49597664613505488       -1.0873170428353098      -0.72171374030310431     
         360  0.96246988067793016        12.943000000000000        2.1703112192389851       0.49568127462040351       -1.0941337084622162      -0.72086907727107141     
         359  0.96051296417162757        12.944000000000001        2.1691916448879338       0.49538729849058238       -1.0888773925388877      -0.72002174189396095     
         358  0.95855604766532509        12.945000000000000        2.1680648543026542       0.49509171990596507       -1.0837934991235665      -0.71917202253003487     
         357  0.95659913115902251        12.946000000000000        2.1669306644420741       0.49479449744249987       -1.0787977336300347      -0.71831895953012492     
         356  0.95464221465271992        12.946999999999999        2.1657891970264802       0.49449565927242234       -1.0737954747385965      -0.71746342926003936     
         355  0.95268529814641734        12.948000000000000        2.1646402925215025       0.49419516934781432       -1.0686918920901376      -0.71660508393791156     
         354  0.95072838164011475        12.949000000000000        2.1634837931461175       0.49389299203215759       -1.0636943490050166      -0.71574384817604830     
         353  0.94877146513381216        12.949999999999999        2.1623196400372007       0.49358911427976582       -1.0586050048974978      -0.71487992243470122     
         352  0.94681454862750969        12.951000000000001        2.1611484293542853       0.49328367255837141       -1.0535699341207800      -0.71401313477696970     
         351  0.94485763212120710        12.952000000000000        2.1599701458397287       0.49297666374792892       -1.0486708041988837      -0.71314328136126692     
         350  0.94290071561490463        12.952999999999999        2.1587834767501861       0.49266778862304533       -1.0435731925503398      -0.71227073822003140     
         349  0.94094379910860193        12.954000000000001        2.1575748969592561       0.49235396121111874       -1.0525952387817574      -0.71139526526638464     
         348  0.93898688260229934        12.955000000000000        2.1563860962309698       0.49204469543928703       -1.0335283228677883      -0.71051704750685696     
         347  0.93702996609599687        12.956000000000000        2.1551762009981790       0.49173066443081903       -1.0285879491692316      -0.70963548599369219     
         346  0.93507304958969428        12.957000000000001        2.1539575063459795       0.49141467435144637       -1.0237549317134480      -0.70875133896699571     
         345  0.93311613308339170        12.958000000000000        2.1527324169634197       0.49109727423021610       -1.0189472364869006      -0.70786408632588560     
         344  0.93115921657708922        12.959000000000000        2.1514976067421445       0.49077770567561418       -1.0138446175098124      -0.70697383715900985     
         343  0.92920230007078652        12.960000000000001        2.1502554129222586       0.49045650229584609       -1.0091643739497242      -0.70608083364291030     
         342  0.92724538356448394        12.961000000000000        2.1489863079112106       0.49012921072128934       -1.1714758294463650      -0.70521530178466174     
         341  0.92528846705818146        12.962000000000000        2.1477463296862438       0.48980861221472477      -0.99919869931270877      -0.70428536638187234     
         340  0.92333155055187888        12.962999999999999        2.1464793996307989       0.48948191709200134      -0.99430117525095862      -0.70338318242835229     
         339  0.92137463404557629        12.962999999999999        2.1452039826600413       0.48919107174587528      -0.98948322853932280      -0.70247785695567710     
         338  0.91941771753927382        12.964000000000000        2.1439198298259741       0.48886052228886268      -0.98473934071726510      -0.70156970436712562     
         337  0.91746080103297123        12.965000000000000        2.1426200719352986       0.48852646580379000      -0.98655686616108296      -0.70065814630351875     
         336  0.91550388452666853        12.965999999999999        2.1413282689402773       0.48819427445685870      -0.97322739544331605      -0.69974363693948205     
         335  0.91354696802036606        12.967000000000001        2.1400177836504564       0.48785787536087932      -0.96920997770554296      -0.69882594163838141     
         334  0.91159005151406347        12.968000000000000        2.1386983834269206       0.48751949597383820      -0.96551606741842766      -0.69790513498700568     
         333  0.90963313500776088        12.968999999999999        2.1373714385436604       0.48717944908573912      -0.96077019189195856      -0.69698118852647895     
         332  0.90767621850145841        12.970000000000001        2.1360278540120716       0.48683566218571583      -0.96257098604217517      -0.69605411959609276     
         331  0.90571930199515582        12.971000000000000        2.1346902968580594       0.48649330192619594      -0.95115089186320312      -0.69512364129152648     
         330  0.90376238548885313        12.972000000000000        2.1333363218090895       0.48614725312147733      -0.94636490409517582      -0.69419018186637749     
         329  0.90180546898255065        12.973000000000001        2.1319731431091626       0.48579916048843119      -0.94185978701126583      -0.69327768357683095     
         328  0.89984855247624806        12.974000000000000        2.1306005846729765       0.48544898437931006      -0.93710518863749492      -0.69231344887267721     
         327  0.89789163596994548        12.975000000000000        2.1292193165745239       0.48509687793780620      -0.93238621393228582      -0.69137017530441325     
         326  0.89593471946364300        12.975000000000000        2.1278284774934066       0.48478000513343517      -0.92759369696232030      -0.69042352349858938     
         325  0.89397780295734042        12.976000000000001        2.1264276866090723       0.48442352987769061      -0.92297037493602108      -0.68947371643196165     
         324  0.89202088645103772        12.977000000000000        2.1250182182565855       0.48406513289148767      -0.91829300370915123      -0.68852046850256632     
         323  0.89006396994473524        12.978000000000000        2.1235999763952926       0.48370479274331285      -0.91361367910263824      -0.68756399387760103     
         322  0.88810705343843266        12.978999999999999        2.1221699234876081       0.48334181805791132      -0.90914626778246810      -0.68660406256086337     
         321  0.88615013693213018        12.980000000000000        2.1207318785520033       0.48297707919033994      -0.90434104310287478      -0.68564080242429903     
         320  0.88419322042582760        12.981000000000000        2.1192861486259380       0.48261064646786989      -0.89678008280880150      -0.68467416754310884     
         319  0.88223630391952501        12.981999999999999        2.1178251006746978       0.48224078219665356      -0.89522138381418603      -0.68370421288128658     
         318  0.88027938741322242        12.981999999999999        2.1163566201569401       0.48190640085737380      -0.89064565854905875      -0.68273054914801712     
         317  0.87832247090691984        12.983000000000001        2.1148795074215800       0.48153296155751729      -0.88500110670407228      -0.68175358994705360     
         316  0.87636555440061725        12.984000000000000        2.1133900156818735       0.48115676144537844      -0.88151636653988208      -0.68077323353349972     
         315  0.87440863789431478        12.984999999999999        2.1118915027282421       0.48077856557007220      -0.87691028365410262      -0.67978928736902366     
         314  0.87245172138801219        12.986000000000001        2.1103825685316018       0.48039805569629251      -0.87240207991262009      -0.67880181265761430     
         313  0.87049480488170961        12.987000000000000        2.1088630828620736       0.48001520271590853      -0.86792835165985194      -0.67781097447396199     
         312  0.86853788837540713        12.987000000000000        2.1073338560015586       0.47966712315236831      -0.86341179161131987      -0.67681637500479497     
         311  0.86658097186910443        12.988000000000000        2.1057933627037739       0.47927957458073284      -0.85876142782215048      -0.67581834414991948     
         310  0.86462405536280185        12.989000000000001        2.1042421421266102       0.47888964433650927      -0.85442781700743453      -0.67481674068020270     
         309  0.86266713885649937        12.990000000000000        2.1026803271327070       0.47849736320468178      -0.85002601875819039      -0.67381143555545697     
         308  0.86071022235019679        12.991000000000000        2.1011087702713147       0.47810292572394553      -0.84558781257076931      -0.67280256094340429     
         307  0.85875330584389420        12.991000000000000        2.0995249299666732       0.47774252616051366      -0.84105106000627805      -0.67179000514390841     
         306  0.85679638933759172        12.992000000000001        2.0979313761851563       0.47734317217183925      -0.83663192765147709      -0.67077372698097659     
         305  0.85483947283128903        12.993000000000000        2.0963259168634436       0.47694117099146494      -0.83227989273223713      -0.66975384688240147     
         304  0.85288255632498644        12.994000000000000        2.0947092721712695       0.47653668706585234      -0.82778775458009102      -0.66873035496417943     
         303  0.85092563981868397        12.994000000000000        2.0930848026399498       0.47616712774849079      -0.82042324518838761      -0.66770311233915336     
         302  0.84896872331238138        12.994999999999999        2.0914443323313425       0.47575731471307220      -0.81711647344591287      -0.66667180013584182     
         301  0.84701180680607879        12.996000000000000        2.0897919163138563       0.47534484756982781      -0.81444498027471146      -0.66563695849018334     
         300  0.84505489029977632        12.997000000000000        2.0881306050967323       0.47493042074796665      -0.81015672135412042      -0.66459416747088551     
         299  0.84309797379347362        12.997000000000000        2.0864557231095011       0.47454948077948128      -0.80600818569662114      -0.66355583204180624     
         298  0.84114105728717103        12.997999999999999        2.0847700211427815       0.47412959995765869      -0.80173072879540075      -0.66250949419745753     
         297  0.83918414078086856        12.999000000000001        2.0830732270649186       0.47370726130440255      -0.79741709059999166      -0.66145941318040480     
         296  0.83722722427456597        13.000000000000000        2.0813640931733830       0.47328218167134672      -0.79294611204279897      -0.66040537068653826     
         295  0.83527030776826350        13.000000000000000        2.0796427777652813       0.47289077109865413      -0.78863424183666342      -0.65934730971950906     
         294  0.83331339126196091        13.000999999999999        2.0779085278981189       0.47246007627155073      -0.78440422177681590      -0.65828555278807843     
         293  0.83135647475565821        13.000999999999999        2.0761632931335607       0.47206325719173836      -0.78021438604357252      -0.65721976714715469     
         292  0.82939955824935574        13.002000000000001        2.0744049924926973       0.47162719106159434      -0.77585458149019249      -0.65614985638242829     
         291  0.82744264174305315        13.003000000000000        2.0726377649998815       0.47118916259109622      -0.76877375764668743      -0.65507615142590481     
         290  0.82548572523675057        13.003000000000000        2.0708519539418382       0.47078318001604391      -0.76721591569097081      -0.65399837769637936     
         289  0.82352880873044809        13.004000000000000        2.0690562993421793       0.47033878807120366      -0.76308768325508070      -0.65291659940289914     
         288  0.82157189222414551        13.005000000000001        2.0672474329411799       0.46989146138651272      -0.75895758735822816      -0.65183081278290345     
         287  0.81961497571784292        13.005000000000001        2.0654259742366188       0.46947743843071993      -0.75471222567619756      -0.65074089844821859     
         286  0.81765805921154033        13.006000000000000        2.0635818084186330       0.46902218932193679      -0.75978058106976365      -0.64964686210131162     
         285  0.81570114270523775        13.007000000000000        2.0617444081927814       0.46856854781644314      -0.74635349524374806      -0.64854872312378309     
         284  0.81374422619893516        13.007000000000000        2.0598840911808343       0.46814575727203694      -0.74229803495211655      -0.64744641505565337     
         283  0.81178730969263269        13.007999999999999        2.0580095074920872       0.46768376805501777      -0.73813327495155023      -0.64634002289407344     
         281  0.80787347668002751        13.009000000000000        2.0542213471704684       0.46678702197224553      -0.72982791085699161      -0.64411455526028139     
         280  0.80591656017372493        13.009000000000000        2.0523074994424224       0.46635213247861163      -0.72581221092752801      -0.64299545726355389     
         279  0.80395964366742234        13.010000000000000        2.0503791047726132       0.46587812545278262      -0.72157398462934086      -0.64187207255128098     
         277  0.80004581065481728        13.010999999999999        2.0464837962528781       0.46495731212114566      -0.71054949854625105      -0.63961262156599485     
         276  0.79808889414851469        13.010999999999999        2.0445100893595298       0.46450888958600195      -0.70937595639581097      -0.63847631366666424     
         275  0.79613197764221211        13.012000000000000        2.0425150617466490       0.46401995935695706      -0.71432111677748300      -0.63733580366391807     
         273  0.79221814462960694        13.013000000000000        2.0384991841830713       0.46307204148804826      -0.70986862554657693      -0.63504159729104415     
         272  0.79026122812330435        13.013000000000000        2.0364853816855506       0.46261457962546021      -0.69347097257904178      -0.63388775044353907     
         271  0.78830431161700187        13.013999999999999        2.0344422331439080       0.46211493962969707      -0.68936785306941184      -0.63272945078899401     
         270  0.78634739511069929        13.013999999999999        2.0323883598024657       0.46164841099608678      -0.68256872988257822      -0.63156685280048508     
         269  0.78439047860439681        13.015000000000001        2.0303123139799868       0.46114141172096729      -0.68126777401620697      -0.63039969350404346     
         268  0.78243356209809423        13.015000000000001        2.0282245589154835       0.46066722343419803      -0.67740907716491627      -0.62922802837176595     
         267  0.78047664559179153        13.015000000000001        2.0261086092306675       0.46018663135086785      -0.68582858466012331      -0.62805174430657740     
         266  0.77851972908548905        13.016000000000000        2.0240037685094467       0.45967324369979734      -0.66959938513555439      -0.62687093129776406     
         265  0.77656281257918647        13.016000000000000        2.0218700584091645       0.45918865495635142      -0.66549371533174861      -0.62568546675791481     
         264  0.77460589607288388        13.016000000000000        2.0197209107036018       0.45870056016503913      -0.66174455473044858      -0.62449560876495247     
         263  0.77264897956658141        13.016999999999999        2.0175556561982950       0.45817360654500844      -0.65773960395661890      -0.62330089586822590     
         262  0.77069206306027882        13.016999999999999        2.0153751631155821       0.45767843092163280      -0.65374989122429616      -0.62210160695289152     
         261  0.76873514655397612        13.016999999999999        2.0131675034998908       0.45717708595747403      -0.64988253301117738      -0.62089767576782251     
         260  0.76677823004767365        13.018000000000001        2.0109643313738967       0.45664167966401070      -0.64629811025649053      -0.61968904989295026     
         259  0.76482131354137106        13.018000000000001        2.0087247780708521       0.45613313092147750      -0.64236791879846866      -0.61847562680839219     
         257  0.76090748052876600        13.018000000000001        2.0042268037537654       0.45511174903260193      -0.63466877893693674      -0.61603445728762130     
         256  0.75895056402246341        13.019000000000000        2.0019477678463393       0.45455931698566460      -0.63087543909495736      -0.61480668257064541     
         255  0.75699364751616072        13.019000000000000        1.9996584949986000       0.45403951805845200      -0.62146518160435260      -0.61357406024290695     
         254  0.75503673100985824        13.019000000000000        1.9973392198563307       0.45351290685435153      -0.62335337817745062      -0.61236102409707005     
         253  0.75307981450355566        13.019000000000000        1.9950158609450874       0.45298536839567161      -0.61394117961875705      -0.61111913196137913     
         252  0.75112289799725307        13.020000000000000        1.9926622092473230       0.45241620124429954      -0.61574538904518228      -0.60984701490030291     
         251  0.74916598149095059        13.020000000000000        1.9902971975537287       0.45187924641003363      -0.61191699756853890      -0.60859480734357996     
         249  0.74525214847834531        13.020000000000000        1.9855144781777880       0.45079337258674379      -0.60457523295178373      -0.60607549192058630     
         248  0.74329523197204284        13.020000000000000        1.9830972057931064       0.45024455242817640      -0.60080230289503478      -0.60480831211053698     
         247  0.74133831546574025        13.020000000000000        1.9806612684250995       0.44969149455143820      -0.59709945032233036      -0.60353610925332846     
         246  0.73938139895943766        13.020000000000000        1.9782069570347927       0.44913426501663783      -0.59327885887249610      -0.60225885196620832     
         245  0.73742448245313519        13.020000000000000        1.9757347041551270       0.44857296202652586      -0.58963087031113559      -0.60097652178226457     
         243  0.73351064944052990        13.020000000000000        1.9707347253617964       0.44743776138816221      -0.58235768983090996      -0.59839661459640880     
         241  0.72959681642792484        13.020000000000000        1.9656589040411585       0.44628534137968257      -0.57506540510751003      -0.59579578245201303     
         240  0.72763989992162237        13.020000000000000        1.9630927700493153       0.44570272351947227      -0.57152109800788997      -0.59448763649215575     
         239  0.72568298341531978        13.020000000000000        1.9605108753446665       0.44511652732983753      -0.56530349037743577      -0.59317421230319889     
         238  0.72372606690901720        13.020000000000000        1.9579029322062005       0.44452441707537971      -0.56415633365536233      -0.59185548344404937     
         237  0.72176915040271472        13.020000000000000        1.9552781387021581       0.44392848109554389      -0.56078277595759951      -0.59053154320435441     
         236  0.71981223389641202        13.020000000000000        1.9526342171957367       0.44332820227318642      -0.55722643671645888      -0.58920228978387867     
         235  0.71785531739010944        13.020000000000000        1.9499639823877721       0.44272194925014846      -0.55849771895874434      -0.58786767234975235     
         234  0.71589840088380696        13.020000000000000        1.9472856931920215       0.44211386755012322      -0.55006427639465338      -0.58655057674770794     
         233  0.71394148437750438        13.020000000000000        1.9445817860317518       0.44149996951949388      -0.54647438683984628      -0.58518225157993986     
         232  0.71198456787120179        13.019000000000000        1.9418578777055644       0.44091539487199294      -0.54215582393519091      -0.58383144718090674     
         231  0.71002765136489931        13.019000000000000        1.9391117696090405       0.44029186760481176      -0.53934561443787032      -0.58247504527531946     
         230  0.70807073485859662        13.019000000000000        1.9363476134680633       0.43966424237519047      -0.53426892145467997      -0.58111345818355109     
         229  0.70611381835229403        13.019000000000000        1.9335587767801456       0.43903101321686527      -0.53248591813718815      -0.57974610049920239     
         228  0.70415690184599156        13.018000000000001        1.9307507294777908       0.43842709806737290      -0.52910094643412486      -0.57837330820193433     
         227  0.70219998533968897        13.018000000000001        1.9279207864613721       0.43778448600697495      -0.52560901940837601      -0.57699503323828250     
         226  0.70024306883338638        13.018000000000001        1.9250703321643274       0.43713721632759744      -0.52230089841279470      -0.57561116313827831     
         225  0.69828615232708391        13.016999999999999        1.9221861102227542       0.43651581053827515      -0.52979613600836217      -0.57422149336854067     
         224  0.69632923582078121        13.016999999999999        1.9193048065839646       0.43586148545153974      -0.51525238005658047      -0.57282637361062438     
         222  0.69241540280817615        13.016000000000000        1.9134452720924109       0.43456420810545277      -0.51255485080620866      -0.57001912301105218     
         220  0.68850156979557098        13.015000000000001        1.9075077511601852       0.43324901847951164      -0.50160553908054972      -0.56718889428083319     
         219  0.68654465328926850        13.015000000000001        1.9045021653505021       0.43256636484352556      -0.49824974682636064      -0.56576524591259691     
         218  0.68458773678296592        13.013999999999999        1.9014737564190809       0.43191171311714571      -0.49489093303356563      -0.56433574154431143     
         216  0.68067390377036074        13.013000000000000        1.8953473402470262       0.43055320747104647      -0.48828421885472645      -0.56145924378848222     
         215  0.67871698726405816        13.013000000000000        1.8922496589518136       0.42984952820917405      -0.48474514420735060      -0.56001227626784977     
         214  0.67676007075775568        13.012000000000000        1.8891189903100924       0.42917133563486831      -0.47398597192656156      -0.55855790000373751     
         213  0.67480315425145310        13.010999999999999        1.8859827017956927       0.42849176198683436      -0.47829552057247116      -0.55710062553178585     
         212  0.67284623774515051        13.010999999999999        1.8828005489182369       0.42776878277176827      -0.48579328051011217      -0.55563589533984281     
         211  0.67088932123884792        13.010000000000000        1.8796195946089340       0.42707890031772516      -0.47176561749780266      -0.55416506975985880     
         210  0.66893240473254534        13.009000000000000        1.8764017114565372       0.42638052034698154      -0.46845587211740564      -0.55268828410162274     
         209  0.66697548822624275        13.007999999999999        1.8731586833929432       0.42567631880464285      -0.46540927359322865      -0.55122673587979121     
         208  0.66501857171994028        13.007000000000000        1.8698918282844270       0.42496659385683766      -0.46207765904760489      -0.54971684238013385     
         207  0.66306165521363769        13.007000000000000        1.8666001784014510       0.42421850713985304      -0.45878794151630098      -0.54822222542984533     
         206  0.66110473870733510        13.006000000000000        1.8632827390453026       0.42349711847019395      -0.45550583493991126      -0.54672104343232952     
         205  0.65914782220103252        13.005000000000001        1.8599416238890323       0.42277023728087432      -0.45083341389419535      -0.54523522069092201     
         203  0.65523398918842735        13.003000000000000        1.8531791676783811       0.42129790110704224      -0.44525271213102713      -0.54218141392369656     
         202  0.65327707268212487        13.002000000000001        1.8497761953767649       0.42055661950072065      -0.42849989315890480      -0.54065583962511365     
         201  0.65132015617582228        13.000999999999999        1.8463121919272660       0.41980134703110472      -0.43965981108266572      -0.53912417286493430     
         200  0.64936323966951970        13.000000000000000        1.8428405809211541       0.41904422848049999      -0.43661815712310842      -0.53758619889740888     
         199  0.64740632316321711        12.999000000000001        1.8393415927669485       0.41828076766201683      -0.43322343971523414      -0.53604167550885218     
         198  0.64544940665691453        12.997999999999999        1.8358224390878566       0.41751260321792855      -0.42538150699855704      -0.53449121201889449     
         196  0.64153557364430946        12.994999999999999        1.8286844763228023       0.41598526074227993      -0.42419484550766662      -0.53137098358804069     
         195  0.63957865713800688        12.994000000000000        1.8250770702497892       0.41519660615966175      -0.42084204769712047      -0.52980132060226404     
         194  0.63762174063170429        12.993000000000000        1.8214460605591281       0.41440246005289955      -0.41544758510236413      -0.52822523150681255     
         193  0.63566482412540182        12.991000000000000        1.8177797882242799       0.41363200580979814      -0.41466424129692131      -0.52664286933076765     
         192  0.63370790761909912        12.990000000000000        1.8140897285165463       0.41282411810812542      -0.41180246309860835      -0.52505400081518239     
         191  0.63175099111279653        12.989000000000001        1.8103330538993401       0.41200094559284711      -0.44126361743724235      -0.52345889413178748     
         188  0.62588024159388900        12.984000000000000        1.7990443097414992       0.40958948767091052      -0.39976869408584575      -0.51863367462781074     
         187  0.62392332508758641        12.983000000000001        1.7952016409079206       0.40874610572647929      -0.40405010716699002      -0.51701232166420763     
         186  0.62196640858128371        12.981000000000000        1.7913489844845498       0.40793174249365727      -0.39356121888217666      -0.51538430539957858     
         185  0.62000949207498124        12.980000000000000        1.7874591020750497       0.40707728545196470      -0.38845260788301722      -0.51374972420213516     
         184  0.61805257556867865        12.978000000000000        1.7835344671986213       0.40624608184035782      -0.38773300483889678      -0.51210848302355083     
         183  0.61609565906237607        12.976000000000001        1.7795824479454070       0.40540838353962844      -0.38482436010902643      -0.51046059785300502     
         182  0.61413874255607359        12.974000000000000        1.7756004633747628       0.40456359948902049      -0.38194023083102524      -0.50880606834598729     
         181  0.61218182604977101        12.973000000000001        1.7715883308096199       0.40368056540492148      -0.37900801084165420      -0.50714485991180225     
         180  0.61022490954346831        12.971000000000000        1.7675461076645451       0.40282159125853595      -0.37534467579250069      -0.50549521099876105     
         179  0.60826799303716583        12.968999999999999        1.7634563490003188       0.40195151722346495      -0.38582611492906549      -0.50380234799584378     
         178  0.60631107653086325        12.967000000000001        1.7593675515430103       0.40108139391744457      -0.37023952553372208      -0.50213559969045518     
         177  0.60435416002456066        12.965000000000000        1.7552328912103832       0.40020054522828641      -0.36594921526727703      -0.50043251210943518     
         176  0.60239724351825819        12.962999999999999        1.7510624982867460       0.39931127629584140      -0.36453467703485271      -0.49873757412232139     
         175  0.60044032701195560        12.961000000000000        1.7468630544044801       0.39841510713283873      -0.36167942674071707      -0.49703566255866161     
         174  0.59848341050565290        12.959000000000000        1.7426320903937194       0.39751147130261699      -0.35873657779039908      -0.49532719315160378     
         173  0.59652649399935043        12.957000000000001        1.7383676806296937       0.39659992602588728      -0.35598045098203984      -0.49361142900261412     
         172  0.59456957749304784        12.954000000000001        1.7340719049097391       0.39571148728624800      -0.35315165622072581      -0.49188891344523539     
         171  0.59261266098674525        12.952000000000000        1.7297426897132522       0.39478452142480708      -0.35044285398680103      -0.49015947390491144     
         170  0.59065574448044278        12.949999999999999        1.7253847238269104       0.39385070636962421      -0.34534169712148627      -0.48842316532702390     
         169  0.58869882797414019        12.946999999999999        1.7209740682968393       0.39293492074925301      -0.35420679798665017      -0.48667999186780736     
         168  0.58674191146783761        12.945000000000000        1.7165587321550004       0.39198735837428295      -0.34182343746429306      -0.48492967866976777     
         167  0.58478499496153502        12.942000000000000        1.7120960232531739       0.39105889753810275      -0.33916478363986891      -0.48317231710949426     
         166  0.58282807845523243        12.940000000000000        1.7076004284124313       0.39009234439097973      -0.33632500863935211      -0.48140800091703240     
         165  0.58087116194892985        12.936999999999999        1.7030704410520650       0.38914771230060929      -0.33363882198649680      -0.47963666381199899     
         164  0.57891424544262737        12.935000000000000        1.6985053177459764       0.38816460047591317      -0.33094022260857697      -0.47785820568667475     
         163  0.57695732893632479        12.932000000000000        1.6939065089779579       0.38720342433707211      -0.32815253899223146      -0.47607265713276026     
         162  0.57500041243002220        12.929000000000000        1.6892720298110913       0.38623364649422393      -0.32546402704475380      -0.47427997979539366     
         160  0.57108657941741703        12.923000000000000        1.6798986425444571       0.38426885241504338      -0.32019726641259338      -0.47067118520191431     
         159  0.56912966291111455        12.920000000000000        1.6751449019615372       0.38327043081005813      -0.32659932678837605      -0.46885922727044760     
         158  0.56717274640481197        12.917000000000000        1.6703799658107210       0.38226898331144438      -0.31480263597275082      -0.46703776281540560     
         157  0.56521582989850938        12.914000000000000        1.6655627786322107       0.38125511002363421      -0.31560590316118398      -0.46520919447269776     
         156  0.56325891339220691        12.911000000000000        1.6607175157901557       0.38023433742462892      -0.30939539074311168      -0.46337326879046209     
         155  0.56130199688590421        12.907999999999999        1.6558302404101728       0.37920346900530688      -0.30692064172842293      -0.46153013799159986     
         154  0.55934508037960162        12.904000000000000        1.6509009956423790       0.37819181344494307      -0.30857332791545639      -0.45967961211043851     
         153  0.55738816387329915        12.901000000000000        1.6459610619419398       0.37714784483218505      -0.28920635837014191      -0.45782176937217639     
         150  0.55151741435439150        12.890000000000001        1.6308334684106938       0.37400046897844386      -0.29269905221479364      -0.45220384399362873     
         149  0.54956049784808880        12.887000000000000        1.6257295846237561       0.37291678294922553      -0.28176550407188583      -0.45031621834723456     
         148  0.54760358134178622        12.882999999999999        1.6205624442954680       0.37184693996124546      -0.28890051816067636      -0.44842124030144825     
         147  0.54564666483548374        12.879000000000000        1.6153712447285697       0.37077091018409863      -0.28405445853181827      -0.44651847750392715     
         146  0.54368974832918116        12.875000000000000        1.6101300538787939       0.36968273390444700      -0.28739387531598587      -0.44460834387814252     
         145  0.54173283182287857        12.871000000000000        1.6048602470469104       0.36858730905051629      -0.28104973366344299      -0.44269057976295378     
         144  0.53977591531657609        12.867000000000001        1.5995448352289028       0.36748072579461244      -0.27858200209712985      -0.44077811282366508     
         143  0.53781899881027351        12.863000000000000        1.5941767793790775       0.36636135606802506      -0.28468171831441375      -0.43883174406849484     
         142  0.53586208230397081        12.859000000000000        1.5887852940542697       0.36523590388999727      -0.27689722831241403      -0.43691581154643616     
         141  0.53390516579766834        12.853999999999999        1.5833492732719940       0.36412783592558812      -0.27119217752730174      -0.43494173059920543     
         140  0.53194824929136575        12.850000000000000        1.5778656247499658       0.36297969857453344      -0.26873953927282501      -0.43298516736753867     
         139  0.52999133278506316        12.845000000000001        1.5723257630564025       0.36184607863191548      -0.27718398408452394      -0.43102031978324140     
         138  0.52803441627876069        12.840999999999999        1.5667729682931977       0.36068050792362855      -0.26063269367083847      -0.42904746930161963     
         136  0.52412058326615540        12.831000000000000        1.5554932997961435       0.35836293789999879      -0.25891930691729459      -0.42510118429521560     
         135  0.52216366675985293        12.826000000000001        1.5497874576679347       0.35718758451003740      -0.25651811701674165      -0.42308042096024689     
         134  0.52020675025355034        12.821000000000000        1.5440352283590781       0.35600061911485542      -0.25404597538496981      -0.42107480602897857     
         133  0.51824983374724787        12.816000000000001        1.5382366113647625       0.35480202800718558      -0.25121950074456129      -0.41906081665297135     
         132  0.51629291724094528        12.811000000000000        1.5323999202477530       0.35359371588840655      -0.24107719631932129      -0.41703659790257969     
         130  0.51237908422834011        12.800000000000001        1.5205473400228597       0.35116031079359961      -0.24453894888495883      -0.41296699779290769     
         129  0.51042216772203752        12.794000000000000        1.5145384655057721       0.34993663392371227      -0.25035732854783010      -0.41091817073804160     
         128  0.50846525121573494        12.789000000000000        1.5084903269899297       0.34867546667892380      -0.24797570337791366      -0.40886029753017317     
         127  0.50650833470943235        12.782999999999999        1.5024003608520273       0.34743081801655762      -0.23754505329386888      -0.40679289682712727     
         124  0.50063758519052470        12.763999999999999        1.4837690832554817       0.34363308467443182      -0.23075180957128033      -0.40053440411937596     
         123  0.49868066868422217        12.757999999999999        1.4774465526306035       0.34232973961965130      -0.22740373711327977      -0.39842867785035557     
         122  0.49672375217791959        12.750999999999999        1.4710635815344923       0.34103790108890081      -0.22614938303315527      -0.39633296212003899     
         120  0.49280991916531447        12.738000000000000        1.4581143183854355       0.33838085128915263      -0.22166675151954315      -0.39207061102444857     
         119  0.49085300265901188        12.731000000000000        1.4515463568592519       0.33704185820852350      -0.21839587366614127      -0.38990203115551397     
         118  0.48889608615270930        12.724000000000000        1.4449011989759444       0.33568345738469146      -0.22476019553509885      -0.38774342420686608     
         117  0.48693916964640677        12.715999999999999        1.4382111223260505       0.33433941046162152      -0.21501833733915390      -0.38557781466966395     
         116  0.48498225314010418        12.709000000000000        1.4314435735075703       0.33294945011852944      -0.21270165740511460      -0.38339198187787665     
         115  0.48302533663380159        12.701000000000001        1.4246099065605660       0.33156867408361740      -0.20778802448880615      -0.38119882755284107     
         114  0.48106842012749906        12.693000000000000        1.4177017108747991       0.33016880051794073      -0.20556750441406094      -0.37899373112002760     
         113  0.47911150362119648        12.685000000000000        1.4107233064668219       0.32875080001292156      -0.20275843282443076      -0.37677652751675894     
         112  0.47715458711489395        12.677000000000000        1.4036657224687628       0.32731254638690915      -0.20398139265530962      -0.37454712615582264     
         110  0.47324075410228883        12.660000000000000        1.3893367883541201       0.32440629910220420      -0.19970627059853785      -0.37005095821728501     
         109  0.47128383759598624        12.651000000000000        1.3820594420232697       0.32293663465962663      -0.19753404703705729      -0.36778401605774885     
         108  0.46932692108968366        12.641999999999999        1.3747032776400769       0.32144644767045483      -0.26590066019577907      -0.36550448233095229     
         107  0.46737000458338113        12.632999999999999        1.3672764501555048       0.31993760250086550      -0.19326269213548480      -0.36321228535645128     
         106  0.46541308807707854        12.622999999999999        1.3597706994047820       0.31843334946074553      -0.19113725785921404      -0.36090761535836186     
         105  0.46345617157077595        12.614000000000001        1.3521894625456361       0.31688389610707079      -0.18906803042079293      -0.35859010911960454     
         104  0.46149925506447342        12.603999999999999        1.3445315218037153       0.31533925883179287      -0.18534357955078104      -0.35626017723862724     
         103  0.45954233855817084        12.593999999999999        1.3367936541099710       0.31377340805726001      -0.18494436802361838      -0.35391784330403264     
         101  0.45562850554556572        12.573000000000000        1.3210958782408757       0.31060673652039261      -0.18022099775639780      -0.34919585268914605     
         100  0.45367158903926313        12.561999999999999        1.3131311217129553       0.30900446430644996      -0.17880201057510711      -0.34681644055616911     
          99  0.45171467253296060        12.551000000000000        1.3050915558783882       0.30738176408598566      -0.17676888976835653      -0.34442475042546605     
          98  0.44975775602665802        12.539999999999999        1.2969762274454046       0.30573835738003780      -0.17450204651524212      -0.34202078929539453     
          97  0.44780083952035543        12.529000000000000        1.2887848088947351       0.30407411237556897      -0.17203730281839610      -0.33960473408018499     
          96  0.44584392301405290        12.516999999999999        1.2805168743587290       0.30241303182631457      -0.17057495522781729      -0.33717644526077734     
          95  0.44388700650775031        12.505000000000001        1.2721714889174651       0.30073045454631708      -0.16850898905056227      -0.33473607905430447     
          94  0.44193009000144773        12.493000000000000        1.2637504830119028       0.29902675170650850      -0.16651119009944473      -0.33228353779274516     
          93  0.43997317349514520        12.481000000000000        1.2552522137040372       0.29730147324935191      -0.16453900713252015      -0.32981881678742647     
          92  0.43801625698884261        12.468000000000000        1.2466782614452803       0.29557863664596218      -0.16258095937208322      -0.32734203991235045     
          91  0.43605934048254003        12.455000000000000        1.2380244158035592       0.29383324166571706      -0.16023827590426346      -0.32485279574121062     
          90  0.43410242397623749        12.442000000000000        1.2292927250457997       0.29206570424286787      -0.15851078787239584      -0.32235129670468243     
          89  0.43214550746993491        12.429000000000000        1.2204834717840227       0.29027602211392345      -0.15677700678545101      -0.31983754931055014     
          88  0.43018859096363238        12.414999999999999        1.2115843675288642       0.28848443489672870      -0.16112714263482183      -0.31731138732459446     
          87  0.42823167445732979        12.401000000000000        1.2026230493431949       0.28667397230765135      -0.15284366095163190      -0.31477252787165816     
          86  0.42627475795102726        12.387000000000000        1.1935714282717313       0.28483786710489689      -0.15127480710924354      -0.31222111503879107     
          85  0.42431784144472467        12.372000000000000        1.1844392575137659       0.28300123489775342      -0.14899176681193865      -0.30965678208629566     
          84  0.42236092493842209        12.358000000000001        1.1752243692454682       0.28111760619172177      -0.14719535523961758      -0.30707961092446368     
          83  0.42040400843211956        12.342000000000001        1.1659118083127269       0.27925155961416659      -0.15510734297298090      -0.30448945530059179     
          82  0.41844709192581697        12.327000000000000        1.1565387796037490       0.27734366617320938      -0.14363458922978498      -0.30188593259621460     
          81  0.41649017541951439        12.311000000000000        1.1470591639463561       0.27542790334357276      -0.15006324011925656      -0.29926918117310292     
          80  0.41453325891321186        12.295000000000000        1.1375127541186796       0.27349109513065273      -0.13987751824792008      -0.29663896604271256     
          79  0.41257634240690927        12.279000000000000        1.1278720491698626       0.27152653862283582      -0.13786518287288729      -0.29399523041406539     
          78  0.41061942590060668        12.262000000000000        1.1181322699795870       0.26955495432881321      -0.14212699559514508      -0.29133809950021622     
          77  0.40866250939430415        12.244999999999999        1.1083101773677380       0.26755802430072156      -0.14349310750525113      -0.28866692905647162     
          76  0.40670559288800157        12.227000000000000        1.0984196205194861       0.26556070824626971      -0.12973680726879439      -0.28598195358261636     
          75  0.40474867638169898        12.209000000000000        1.0884222830285113       0.26353164880854341      -0.12936212917397966      -0.28328325632267293     
          74  0.40279175987539645        12.191000000000001        1.0783267496576561       0.26147278701453985      -0.13333931591466208      -0.28057058004735930     
          73  0.40083484336909392        12.173000000000000        1.0681577123690393       0.25938998682258341      -0.12712740044098642      -0.27784357843427304     
          72  0.39887792686279128        12.154000000000000        1.0578791107391119       0.25729553992744120      -0.13096283375174131      -0.27510236695540508     
          71  0.39692101035648875        12.134000000000000        1.0475139446616777       0.25519447700393677      -0.13216245212634053      -0.27234637036191545     
          70  0.39496409385018622        12.114000000000001        1.0370684377332071       0.25306687155953361      -0.12156961214676046      -0.26957568567431855     
          69  0.39300717734388357        12.093999999999999        1.0265175841159160       0.25090647986319298      -0.11933525299010701      -0.26678991773986643     
          68  0.39105026083758104        12.073000000000000        1.0158655565139842       0.24873476144885909      -0.11807023411136441      -0.26398861230698178     
          67  0.38909334433127851        12.052000000000000        1.0051144107515306       0.24653116343862685      -0.11594101072878059      -0.26117166670250314     
          66  0.38713642782497587        12.029999999999999       0.99425987819583950       0.24431477717687167      -0.11556296297429723      -0.25833862128914764     
          65  0.38517951131867334        12.007999999999999       0.98329498624588241       0.24206310180436347      -0.12071494104379638      -0.25548905152761892     
          64  0.38322259481237081        11.984999999999999       0.97224465517036918       0.23980209587256979      -0.11059122419266655      -0.25262282659641733     
          63  0.38126567830606822        11.962000000000000       0.96107544865030325       0.23750301846421543      -0.11030606585944364      -0.24973947659667264     
          62  0.37930876179976564        11.938000000000001       0.94978942874794636       0.23518585907070577      -0.11641052023340520      -0.24683896819562912     
          61  0.37735184529346311        11.914000000000000       0.93841530127576211       0.23283750308198323      -0.10613591969357677      -0.24392073614994486     
          60  0.37539492878716058        11.888999999999999       0.92692519831858500       0.23047021663887721      -0.10279291601708949      -0.24098530403984100     
          59  0.37343801228085793        11.864000000000001       0.91532224517265526       0.22806483529153376      -0.10028357593818767      -0.23803187726906380     
          58  0.37148109577455540        11.837999999999999       0.90360684867866570       0.22564027835848846      -0.10194278369102108      -0.23506099133689734     
          57  0.36952417926825287        11.811000000000000       0.89178000831067994       0.22319605351511243      -0.10619199799743584      -0.23207197382659348     
          56  0.36756726276195023        11.784000000000001       0.87985386068894333       0.22071571633028411      -0.10023330887269723      -0.22906478591671878     
          55  0.36561034625564770        11.756000000000000       0.86780780908534716       0.21821239956124255      -0.10361988290942950      -0.22603948059474346     
          54  0.36365342974934517        11.727000000000000       0.85566732197588846       0.21569171815552779       -9.4590810646656268E-002 -0.22299534968389842     
          53  0.36169651324304253        11.698000000000000       0.84339656146749176       0.21312561894682985       -9.3516384607928354E-002 -0.21993253687661288     
          52  0.35973959673674000        11.667000000000000       0.83102196872916401       0.21055654977381189       -9.3448013468141522E-002 -0.21685043834957182     
          51  0.35778268023043747        11.637000000000000       0.81852578096306883       0.20792503204953197       -8.9634789693417913E-002 -0.21374801773556903     
          50  0.34513425400573761        11.605000000000000       0.80590939545911455       0.20528467179507126       -29.443591703893937      -0.21061222983543326     
          49  0.34457377683604135        11.571999999999999       0.79315665829250925       0.20261238927255695       -9.4054462393260027E-002 -0.20748015986119350     
          48  0.34060803940193729        11.539000000000000       0.78028996445636223       0.19989562844963521       -8.3488859685172973E-002 -0.20431248855261103     
          47  0.33713456016592680        11.505000000000001       0.76728088987237753       0.19714383802950788       -8.3499988854531249E-002 -0.20112223092680842     
          46  0.33525837484281512        11.470000000000001       0.75412465035444587       0.19435475377476186       -8.9733363973630326E-002 -0.19790728098550833     
          45  0.33375154711224603        11.433000000000000       0.74084269469740160       0.19154959929394047       -8.0973046551669745E-002 -0.19466683079537755     
          44  0.33145272466633469        11.396000000000001       0.72740208557651587       0.18868507547565805       -8.3601137389735070E-002 -0.19140053155617884     
          43  0.32824649383191717        11.358000000000001       0.71382281448638274       0.18578216026878269       -7.6760824580699161E-002 -0.18810720454404861     
          42  0.32475866520637647        11.318000000000000       0.70008622552035582       0.18285097977602807       -7.5363216033492844E-002 -0.18478662435553211     
          41  0.32165757596195910        11.276999999999999       0.68620297723096724       0.17987651555538098       -7.3202136627853617E-002 -0.18143837060668694     
          40  0.31918953409173989        11.234999999999999       0.67216314708282077       0.17685488874168662       -7.7239715170414863E-002 -0.17806217465052790     
          39  0.31712852161633781        11.192000000000000       0.65798770183819100       0.17379029625726683       -7.0719136950674194E-002 -0.17465765403462527     
          38  0.31501659426299738        11.148000000000000       0.64366173042559027       0.17067746230425426       -6.9306536875249652E-002 -0.17122488095953631     
          37  0.31247092187167436        11.102000000000000       0.62918624012601021       0.16753032920018876       -7.3865812415870369E-002 -0.16776367833702005     
          36  0.30937991412554039        11.055000000000000       0.61458476380700466       0.16433818685398383       -6.5512614021868032E-002 -0.16427336580123858     
          35  0.30591983607506884        11.006000000000000       0.59983088267433515       0.16110713033813695       -6.7413537953058766E-002 -0.16075377169509183     
          34  0.30242486932661633        10.956000000000000       0.58493745981912748       0.15782393223209448       -6.7656227249486250E-002 -0.15720370356752242     
          33  0.29920111190090393        10.904000000000000       0.56990570310545052       0.15450146747133570       -6.0715872759906246E-002 -0.15362176001808986     
          32  0.29637927616108206        10.850000000000000       0.55471313855408688       0.15113121115679928       -5.9191949686812718E-002 -0.15000644978880895     
          31  0.29386606733275905        10.795000000000000       0.53935569927766380       0.14769577570562481       -5.7744711167713077E-002 -0.14635473443242675     
          30  0.29140250709349697        10.737000000000000       0.52382463977466731       0.14421765130128522       -5.6350255928363090E-002 -0.14266442939763549     
          29  0.28869193383120090        10.677000000000000       0.50810092256336614       0.14067476207422519       -5.4141567760230686E-002 -0.13893152404503398     
          28  0.28553620675260005        10.615000000000000       0.49217187701699894       0.13706047869552757       -5.2845892080009921E-002 -0.13515305701715261     
          27  0.28192132156827732        10.550000000000001       0.47602033586557624       0.13337931889515006       -5.6619648556434414E-002 -0.13132527597384319     
          26  0.27801868300339849        10.481999999999999       0.45963949997188591       0.12962496039681287       -5.2479941454489323E-002 -0.12744454804905289     
          24  0.27043227493853572        10.337000000000000       0.42615416163764758       0.12186743381667882       -4.5781306555454135E-002 -0.11951301128705734     
          23  0.26711492323059904        10.260000000000000       0.40905080400046384       0.11785427440893480       -4.4728306935902469E-002 -0.11545819029280611     
          22  0.26406437055732002        10.179000000000000       0.39171692588008244       0.11375818957372676       -4.2877172814775218E-002 -0.11134253819498141     
          21  0.26102074499463518        10.093999999999999       0.37416549150344769       0.10957611009471509       -4.9156841672740460E-002 -0.10716600705902257     
          20  0.25766152365529360        10.005000000000001       0.35643509208360341       0.10531223036791983       -4.2909648760272770E-002 -0.10292821717804454     
          19  0.25374848647809595        9.9109999999999996       0.33853309583743540       0.10097156909268962       -3.9047867908751047E-002  -9.8629144509050817E-002
          18  0.24924819468869849        9.8140000000000001       0.32047701152744273        9.6530882601486165E-002  -3.6761832523943411E-002  -9.4267421907821627E-002
          17  0.24436523979562833        9.7110000000000003       0.30227123851109816        9.2012815506301554E-002  -3.7940127859427943E-002  -8.9839444370449190E-002
          16  0.23945843533831193        9.6029999999999998       0.28391092029419723        8.7395811070360208E-002  -3.3124113576759567E-002  -8.5338108990522771E-002
          15  0.23486105516574388        9.4870000000000001       0.26535495382731467        8.2682528210717740E-002  -3.5681377676485049E-002  -8.0752716708182015E-002
          14  0.23067944946774177        9.3640000000000008       0.24656485855652852        7.7836844751974582E-002  -2.9555286152280306E-002  -7.6067143059961304E-002
          13  0.22667566840628622        9.2309999999999999       0.22745500010227823        7.2838699970462800E-002  -3.5690645329397842E-002  -7.1261306716565276E-002
          12  0.22232585677116756        9.0860000000000003       0.20797403849754517        6.7663092213474663E-002  -2.6723741925563618E-002  -6.6310448956427362E-002
          11  0.21707553348088479        8.9260000000000002       0.18804806157709775        6.2276963211575082E-002  -2.5408705404804596E-002  -6.1189884613581200E-002
          10  0.21069713845317614        8.7500000000000000       0.16767282722200272        5.6646108883460763E-002  -2.6459544752725359E-002  -5.5877395149710601E-002
           9  0.20353840784187127        8.5549999999999997       0.14693512597667904        5.0771625075571182E-002  -2.2234181079400679E-002  -5.0359727003002508E-002
           8  0.19640867873834572        8.3390000000000004       0.12604055000050235        4.4679855959076024E-002  -2.2280485640668493E-002  -4.4638595815987121E-002
           7  0.18997555579175787        8.0990000000000002       0.10532084498252921        3.8441328167888630E-002  -2.2893784487637212E-002  -3.8729725299982101E-002
           6  0.18389554387278689        7.8310000000000004        8.5149065992710188E-002   3.2142386062367613E-002  -2.0669228829914382E-002  -3.2646982564518041E-002
           5  0.17641247562436821        7.5119999999999996        6.5669930094670065E-002   2.5842017918610464E-002  -1.7108096195294971E-002  -2.6345450249581188E-002
           4  0.16547376735453140        7.0490000000000004        4.6083069279332624E-002   1.9325437511690052E-002  -1.4630610410902144E-002  -1.9538247124272715E-002
           3  0.15164362064377035        5.9520000000000000        2.2411048483736644E-002   1.1130500696666969E-002  -1.1183899176854585E-002  -1.1004456481377500E-002
           2  0.13942161601558301        2.4140000000000001        1.1314471719170106E-003   1.3855189307061214E-003  -2.0255139626560826E-015  -1.3611008397638436E-003
           1  0.12372781082532591       0.14199999999999999        2.1790997216637294E-007   4.5363254998007802E-006  -1.2711095131562032E-015  -3.5167899088668514E-016
