   1.0000000000000000E-002   1.5046605216545038E-003   1.3231230633414619E-003   1.4149686185367514     
   2.0000000000000000E-002   3.0093210433090076E-003   4.0899951195352705E-003   2.8322343935279384     
   2.9999999999999999E-002   4.5139815649635111E-003   7.9449492034210645E-003   4.2511892519323053     
   4.0000000000000001E-002   6.0186420866180151E-003   1.2746944423772536E-002   5.6715995019252832     
   5.0000000000000003E-002   7.5233026082725182E-003   1.8387123710089232E-002   7.0933218878608111     
   5.9999999999999998E-002   9.0279631299270222E-003   2.4758715100196001E-002   8.5162500630828148     
   7.0000000000000007E-002   1.0532623651581526E-002   3.1749396819658264E-002   9.9402952294801405     
   8.0000000000000002E-002   1.2037284173236030E-002   3.9240561815510298E-002   11.365377572779026     
   8.9999999999999997E-002   1.3541944694890532E-002   4.7109133157003900E-002   12.791422146104011     
  0.10000000000000001        1.5046605216545036E-002   5.5230263587096637E-002   14.218356870528723     
  0.11000000000000000        1.6551265738199542E-002   6.3480164255515947E-002   15.646111627501694     
  0.12000000000000000        1.8055926259854044E-002   7.1738699289335253E-002   17.074617935073292     
  0.13000000000000000        1.9560586781508547E-002   7.9891580478184690E-002   18.503808935059791     
  0.14000000000000001        2.1065247303163052E-002   8.7832105678922107E-002   19.933619537028036     
  0.14999999999999999        2.2569907824817551E-002   9.5462446723271199E-002   21.363986629867423     
  0.16000000000000000        2.4074568346472060E-002  0.10269452662487299        22.794849309275151     
  0.17000000000000001        2.5579228868126563E-002  0.10945054222681973        24.226149092044679     
  0.17999999999999999        2.7083889389781065E-002  0.11566319359459587        25.657830101857648     
  0.19000000000000000        2.8588549911435571E-002  0.12127567983220611        27.089839219822718     
  0.20000000000000001        3.0093210433090073E-002  0.12624151556549068        28.522126198167886     
  0.20999999999999999        3.1597870954744575E-002  0.13052421501916017        29.954643738471812     
  0.22000000000000000        3.3102531476399084E-002  0.13409688292395253        31.387347537557773     
  0.23000000000000001        3.4607191998053580E-002  0.13694174387181221        32.820196304844210     
  0.23999999999999999        3.6111852519708089E-002  0.13904963506276793        34.253151755285650     
  0.25000000000000000        3.7616513041362591E-002  0.14041948140332181        35.686178581819021     
  0.26000000000000001        3.9121173563017093E-002  0.14105776707878118        37.119244411043063     
  0.27000000000000002        4.0625834084671596E-002  0.14097801364969820        38.552319745382754     
  0.28000000000000003        4.2130494606326105E-002  0.14020812366911475        39.985377893615173     
  0.28999999999999998        4.3635155127980600E-002  0.13876038848720917        41.418394897880141     
  0.29999999999999999        4.5139815649635102E-002  0.13667266019103802        42.851349446277510     
  0.31000000000000000        4.6644476171289612E-002  0.13398170094721626        44.284222788702252     
  0.32000000000000001        4.8149136692944121E-002  0.13072895502161150        45.716998646306635     
  0.33000000000000002        4.9653797214598623E-002  0.12696014289042792        47.149663119770743     
  0.34000000000000002        5.1158457736253125E-002  0.12272487606935965        48.582204596722292     
  0.35000000000000003        5.2663118257907635E-002  0.11807629145403498        50.014613659043107     
  0.35999999999999999        5.4167778779562130E-002  0.11307070377578922        51.446882990515732     
  0.37000000000000000        5.5672439301216632E-002  0.10776727485222100        52.879007285367273     
  0.38000000000000000        5.7177099822871141E-002  0.10222769825409900        54.310983157943589     
  0.39000000000000001        5.8681760344525644E-002   9.6515898153877136E-002   55.742809053788626     
  0.40000000000000002        6.0186420866180146E-002   9.0697741254921277E-002   57.174485162288093     
  0.41000000000000003        6.1691081387834648E-002   8.4840760820637129E-002   58.606013331002572     
  0.41999999999999998        6.3195741909489150E-002   7.9013892019726001E-002   60.037396981733124     
  0.42999999999999999        6.4700402431143653E-002   7.3287217996785961E-002   61.468641028477684     
  0.44000000000000000        6.6205062952798169E-002   6.7731726140032034E-002   62.899751797136695     
  0.45000000000000001        6.7709723474452671E-002   6.2419074330375822E-002   64.330736947162691     
  0.46000000000000002        6.9214383996107159E-002   5.7421366969562952E-002   65.761605395054261     
  0.47000000000000003        7.0719044517761662E-002   5.2810940792795996E-002   67.192367239734082     
  0.47999999999999998        7.2223705039416178E-002   4.8660160576706496E-002   68.623033689866148     
  0.48999999999999999        7.3728365561070680E-002   4.5041224891097471E-002   70.053616992994023     
  0.50000000000000000        7.5233026082725182E-002   4.2025982234794805E-002   71.484130366694302     
  0.51000000000000001        7.6737686604379685E-002   3.9685757808943969E-002   72.914587931578680     
  0.52000000000000002        7.8242347126034187E-002   3.8091191359717988E-002   74.345004646361701     
  0.53000000000000003        7.9747007647688689E-002   3.7312086380000373E-002   75.775396244825416     
  0.54000000000000004        8.1251668169343191E-002   3.7417271092664427E-002   77.205779174850164     
  0.55000000000000004        8.2756328690997707E-002   3.8474471522394318E-002   78.636170539502913     
  0.56000000000000005        8.4260989212652210E-002   4.0550196931316743E-002   80.066588040163012     
  0.57000000000000006        8.5765649734306712E-002   4.3709637901558171E-002   81.497049921883288     
  0.57999999999999996        8.7270310255961200E-002   4.8016577150717617E-002   82.927574920820689     
  0.58999999999999997        8.8774970777615703E-002   5.3533313186808713E-002   84.358182213859152     
  0.59999999999999998        9.0279631299270205E-002   6.0320596827244929E-002   85.788891370582562     
  0.60999999999999999        9.1784291820924707E-002   6.8437580373904572E-002   87.219722307324744     
  0.62000000000000000        9.3288952342579223E-002   7.7941779357721244E-002   88.650695243694159     
  0.63000000000000000        9.4793612864233739E-002   8.8889046432024207E-002   90.081830661206027     
  0.64000000000000001        9.6298273385888242E-002  0.10133355711443988        91.513149264341692     
  0.65000000000000002        9.7802933907542744E-002  0.11532780686370872        92.944671943914983     
  0.66000000000000003        9.9307594429197246E-002  0.13092261888867887        94.376419742615838     
  0.67000000000000004       0.10081225495085175       0.14816716214324260        95.808413822965463     
  0.68000000000000005       0.10231691547250625       0.16710897875232616        97.240675437462272     
  0.69000000000000006       0.10382157599416077       0.18779402016456490        98.673225900976703     
  0.70000000000000007       0.10532623651581527       0.21020249406502414        100.10608633093730     
  0.70999999999999996       0.10683089703746976       0.23429988072992644        101.53927625645102     
  0.71999999999999997       0.10833555755912426       0.26019545621722373        102.97281564474901     
  0.72999999999999998       0.10984021808077876       0.28794777952112444        104.40672499784523     
  0.73999999999999999       0.11134487860243326       0.31760434860421854        105.84102496940298     
  0.75000000000000000       0.11284953912408777       0.34920750606563583        107.27573625860015     
  0.76000000000000001       0.11435419964574228       0.38279632685238224        108.71087955407076     
  0.77000000000000002       0.11585886016739678       0.41840750466721510        110.14647549797667     
  0.78000000000000003       0.11736352068905129       0.45607584170405774        111.58254466030631     
  0.79000000000000004       0.11886818121070579       0.49583457608654707        113.01910751956204     
  0.80000000000000004       0.12037284173236029       0.53771561988633676        114.45618444816587     
  0.81000000000000005       0.12187750225401479       0.58174974606032437        115.89379570100549     
  0.82000000000000006       0.12338216277566930       0.62796674377745976        117.33196140682779     
  0.83000000000000007       0.12488682329732381       0.67639555259332529        118.77070156159989     
  0.83999999999999997       0.12639148381897830       0.72706438172468346        120.21003602387945     
  0.84999999999999998       0.12789614434063279       0.78000081809270239        121.64998451174517     
  0.85999999999999999       0.12940080486228731       0.83523192542360114        123.09056660100740     
  0.87000000000000000       0.13090546538394179       0.89278433603583685        124.53180172458400     
  0.88000000000000000       0.13241012590559634       0.95268433627782412        125.97370917311331     
  0.89000000000000001       0.13391478642725083        1.0149579462841789        127.41630809626967     
  0.90000000000000002       0.13541944694890534        1.0796309946118881        128.85961750499158     
  0.91000000000000003       0.13692410747055983        1.1467291880873818        130.30365627439184     
  0.92000000000000004       0.13842876799221432        1.2162781771496942        131.74844314728378     
  0.93000000000000005       0.13993342851386883        1.2883036169119491        133.19399673824114     
  0.94000000000000006       0.14143808903552332        1.3628312241151486        134.64033553809429     
  0.95000000000000007       0.14294274955717784        1.4398868301804288        136.08747791894211     
  0.95999999999999996       0.14444741007883236        1.5194964303785699        137.53544213924965     
  0.96999999999999997       0.14595207060048684        1.6016862293972574        138.98424634944064     
  0.97999999999999998       0.14745673112214136        1.6864826833593201        140.43390859772168     
  0.98999999999999999       0.14896139164379585        1.7739125383221823        141.88444683584839     
   1.0000000000000000       0.15046605216545036        1.8640028655264482        143.33587892525611     
   1.0100000000000000       0.15197071268710485        1.9567810934258030        144.78822264329241     
   1.0200000000000000       0.15347537320875937        2.0522750365015909        146.24149568923363     
   1.0300000000000000       0.15498003373041389        2.1505129212022980        147.69571569073821     
   1.0400000000000000       0.15648469425206837        2.2515234088025857        149.15090020984948     
   1.0500000000000000       0.15798935477372289        2.3553356155866698        150.60706674938953     
   1.0600000000000001       0.15949401529537738        2.4619791301912555        152.06423275901335     
   1.0700000000000001       0.16099867581703189        2.5714840282950298        153.52241564117540     
   1.0800000000000001       0.16250333633868638        2.6838808848561642        154.98163275729527     
   1.0900000000000001       0.16400799686034090        2.7992007836938417        156.44190143335359     
   1.1000000000000001       0.16551265738199541        2.9174753248388927        157.90323896580591     
   1.1100000000000001       0.16701731790364990        3.0387366294350282        159.36566262704190     
   1.1200000000000001       0.16852197842530442        3.1630173423760390        160.82918967066894     
   1.1300000000000001       0.17002663894695891        3.2903506328669643        162.29383733690997     
   1.1400000000000001       0.17153129946861342        3.4207701927320064        163.75962285748966     
   1.1500000000000001       0.17303595999026791        3.5543102327386804        165.22656346051627     
   1.1599999999999999       0.17454062051192240        3.6910054768349023        166.69467637495114     
   1.1699999999999999       0.17604528103357692        3.8308911545854603        168.16397883520204     
   1.1799999999999999       0.17754994155523141        3.9739443914509001        169.63448806857633     
   1.1899999999999999       0.17905460207688592        4.1203239427635854        171.10622136639583     
   1.2000000000000000       0.18055926259854041        4.2700024997921204        172.57919598588424     
   1.2100000000000000       0.18206392312019493        4.4230171636680256        174.05342922211580     
   1.2200000000000000       0.18356858364184941        4.5794054750982234        175.52893839394906     
   1.2300000000000000       0.18507324416350393        4.7392053963230243        177.00574084706642     
   1.2400000000000000       0.18657790468515845        4.9024552914031458        178.48385395653472     
   1.2500000000000000       0.18808256520681296        5.0691939051611188        179.96329512949683     
   1.2600000000000000       0.18958722572846748        5.2394603404836655        181.44408180722289     
   1.2700000000000000       0.19109188625012197        5.4132940342944664        182.92623146709684     
   1.2800000000000000       0.19259654677177648        5.5907347321679168        184.40976162434899     
   1.2900000000000000       0.19410120729343097        5.7718224615370630        185.89468983332205     
   1.3000000000000000       0.19560586781508549        5.9565975038400287        187.38103368889278     
   1.3100000000000001       0.19711052833674000        6.1451003652775205        188.86881082722314     
   1.3200000000000001       0.19861518885839449        6.3373717465252088        190.35803892646095     
   1.3300000000000001       0.20011984938004901        6.5334525113672859        191.84873570718719     
   1.3400000000000001       0.20162450990170350        6.7333836542034149        193.34091893238829     
   1.3500000000000001       0.20312917042335801        6.9372062668118337        194.83460640761842     
   1.3600000000000001       0.20463383094501250        7.1449615040065897        196.32981598047084     
   1.3700000000000001       0.20613849146666702        7.3566905485754637        197.82656554002230     
   1.3800000000000001       0.20764315198832153        7.5724345754629701        199.32487301603888     
   1.3900000000000001       0.20914781250997602        7.7922347151489975        200.82475637770224     
   1.4000000000000001       0.21065247303163054        8.0161320166495660        202.32623363257514     
   1.4099999999999999       0.21215713355328500        8.2441674097430795        203.82932282486234     
   1.4199999999999999       0.21366179407493952        8.4763816668768168        205.33404203372965     
   1.4299999999999999       0.21516645459659400        8.7128153645379491        206.84040937110342     
   1.4399999999999999       0.21667111511824852        8.9535088445683559        208.34844297975445     
   1.4500000000000000       0.21817577563990304        9.1985021750365572        209.85816103067043     
   1.4600000000000000       0.21968043616155752        9.4478351110532728        211.36958172052616     
   1.4700000000000000       0.22118509668321204        9.7015470554386987        212.88272326864094     
   1.4800000000000000       0.22268975720486653        9.9596770196562474        214.39760391427203     
   1.4900000000000000       0.22419441772652104        10.222263584593263        215.91424191319663     
   1.5000000000000000       0.22569907824817553        10.489344861707321        217.43265553443405     
   1.5100000000000000       0.22720373876983005        10.760958454284685        218.95286305646886     
   1.5200000000000000       0.22870839929148457        11.037141419361932        220.47488276386633     
   1.5300000000000000       0.23021305981313905        11.317930229843807        221.99873294323828     
   1.5400000000000000       0.23171772033479357        11.603360737156070        223.52443187904927     
   1.5500000000000000       0.23322238085644806        11.893635261614540        225.05199790445280     
   1.5600000000000001       0.23472704137810257        12.188471810066904        226.58144918334514     
   1.5700000000000001       0.23623170189975706        12.488054400583078        228.11280401854302     
   1.5800000000000001       0.23773636242141158        12.792416022219502        229.64608064401185     
   1.5900000000000001       0.23924102294306610        13.101588864571644        231.18129726979157     
   1.6000000000000001       0.24074568346472058        13.415604285436016        232.71847207710579     
   1.6100000000000001       0.24225034398637510        13.734492779884317        234.25762321395516     
   1.6200000000000001       0.24375500450802959        14.058283950210964        235.79876879007847     
   1.6300000000000001       0.24525966502968410        14.387006477110651        237.34192687183923     
   1.6400000000000001       0.24676432555133859        14.720688092515001        238.88711547771445     
   1.6500000000000001       0.24826898607299311        15.059355553250356        240.43435257275669     
   1.6600000000000001       0.24977364659464762        15.403034616648830        241.98365606401751     
   1.6699999999999999       0.25127830711630206        15.751750017257482        243.53504379528326     
   1.6799999999999999       0.25278296763795660        16.105525445043988        245.08853354178575     
   1.6899999999999999       0.25428762815961109        16.464383525526234        246.64414300560492     
   1.7000000000000000       0.25579228868126558        16.828345800907623        248.20188981003028     
   1.7100000000000000       0.25729694920292012        17.197432713397419        249.76179149499379     
   1.7200000000000000       0.25880160972457461        17.571663589774751        251.32386551181995     
   1.7300000000000000       0.26030627024622910        17.951056627601961        252.88812921799857     
   1.7400000000000000       0.26181093076788359        18.335628883499403        254.45459987273304     
   1.7500000000000000       0.26331559128953813        18.725396262494272        256.02329463143491     
   1.7600000000000000       0.26482025181119268        19.120373509698009        257.59423054146663     
   1.7700000000000000       0.26632491233284716        19.520574202999494        259.16742453674368     
   1.7800000000000000       0.26782957285450165        19.926010748099895        260.74289343363478     
   1.7900000000000000       0.26933423337615614        20.336694374528147        262.32065392570274     
   1.8000000000000000       0.27083889389781068        20.752635133988402        263.90072257978807     
   1.8100000000000001       0.27234355441946517        21.173841899635462        265.48311583091902     
   1.8200000000000001       0.27384821494111966        21.600322367653188        267.06784997860660     
   1.8300000000000001       0.27535287546277415        22.032083059691530        268.65494118194681     
   1.8400000000000001       0.27685753598442864        22.469129327559695        270.24440545615050     
   1.8500000000000001       0.27836219650608318        22.911465358692901        271.83625866786144     
   1.8600000000000001       0.27986685702773767        23.359094183813408        273.43051653194266     
   1.8700000000000001       0.28137151754939216        23.812017685265218        275.02719460702946     
   1.8800000000000001       0.28287617807104665        24.270236607467726        276.62630829258785     
   1.8900000000000001       0.28438083859270119        24.733750567932194        278.22787282472069     
   1.9000000000000001       0.28588549911435568        25.202558070308861        279.83190327351411     
   1.9100000000000001       0.28739015963601017        25.676656517876999        281.43841453910733     
   1.9199999999999999       0.28889482015766471        26.156042228966040        283.04742134933969     
   1.9299999999999999       0.29039948067931920        26.640710452748948        284.65893825618934     
   1.9399999999999999       0.29190414120097369        27.130655386550426        286.27297963325816     
   1.9500000000000000       0.29340880172262818        27.625870194155592        287.88955967343463     
   1.9600000000000000       0.29491346224428272        28.126347024513496        289.50869238574359     
   1.9700000000000000       0.29641812276593721        28.632077032069045        291.13039159378411     
   1.9800000000000000       0.29792278328759170        29.143050397057024        292.75467093277638     
   1.9900000000000000       0.29942744380924624        29.659256347360419        294.38154384831540     
   2.0000000000000000       0.30093210433090073        30.180683180194574        296.01102359370600     
   2.0100000000000002       0.30243676485255527        30.707318285241538        297.64312322903061     
   2.0200000000000000       0.30394142537420971        31.239148167476163        299.27785561877141     
   2.0300000000000002       0.30544608589586431        31.776158471327410        300.91523343118911     
   2.0400000000000000       0.30695074641751874        32.318334004463814        302.55526913633037     
   2.0499999999999998       0.30845540693917323        32.865658762465451        304.19797500518945     
   2.0600000000000001       0.30996006746082777        33.418115953823744        305.84336310903927     
   2.0699999999999998       0.31146472798248226        33.975688024623430        307.49144531783423     
   2.0800000000000001       0.31296938850413675        34.538356684262823        309.14223330034969     
   2.0899999999999999       0.31447404902579124        35.106102930415055        310.79573852274427     
   2.1000000000000001       0.31597870954744578        35.678907074987315        312.45197224898220     
   2.1099999999999999       0.31748337006910027        36.256748769212564        314.11094553964386     
   2.1200000000000001       0.31898803059075476        36.839607029648995        315.77266925262313     
   2.1299999999999999       0.32049269111240930        37.427460263278689        317.43715404228880     
   2.1400000000000001       0.32199735163406379        38.020286293071933        319.10441035986906     
   2.1499999999999999       0.32350201215571828        38.618062383443679        320.77444845398423     
   2.1600000000000001       0.32500667267737277        39.220765264931707        322.44727837012459     
   2.1699999999999999       0.32651133319902731        39.828371159567432        324.12290995198521     
   2.1800000000000002       0.32801599372068180        40.440855805027432        325.80135284103392     
   2.1899999999999999       0.32952065424233629        41.058194479550757        327.48261647807334     
   2.2000000000000002       0.33102531476399083        41.680362025436324        329.16671010299564     
   2.2100000000000000       0.33252997528564532        42.307332873329550        330.85364275655530     
   2.2200000000000002       0.33403463580729981        42.939081065099217        332.54342328029890     
   2.2300000000000000       0.33553929632895430        43.575580277330872        334.23606031853154     
   2.2400000000000002       0.33704395685060884        44.216803843437702        335.93156231840629     
   2.2500000000000000       0.33854861737226333        44.862724776328172        337.62993753207178     
   2.2600000000000002       0.34005327789391782        45.513315789719357        339.33119401703181     
   2.2700000000000000       0.34155793841557236        46.168549319599570        341.03533963781786     
   2.2800000000000002       0.34306259893722685        46.828397545247206        342.74238206776477     
   2.2900000000000000       0.34456725945888134        47.492832409113845        344.45232878953749     
   2.3000000000000003       0.34607191998053582        48.161825637191811        346.16518709768593     
   2.3100000000000001       0.34757658050219037        48.835348757839796        347.88096409915187     
   2.3199999999999998       0.34908124102384480        49.513373121149854        349.59966671595384     
   2.3300000000000001       0.35058590154549935        50.195869916750020        351.32130168578550     
   2.3399999999999999       0.35209056206715383        50.882810192148590        353.04587556481903     
   2.3500000000000001       0.35359522258880838        51.574164869496116        354.77339472838145     
   2.3599999999999999       0.35509988311046281        52.269904762895521        356.50386537386299     
   2.3700000000000001       0.35660454363211735        52.970000594116811        358.23729352145801     
   2.3799999999999999       0.35810920415377184        53.674423008870960        359.97368501716642     
   2.3900000000000001       0.35961386467542639        54.383142591479576        361.71304553358704     
   2.3999999999999999       0.36111852519708082        55.096129880119975        363.45538057300104     
   2.4100000000000001       0.36262318571873542        55.813355380459740        365.20069546820446     
   2.4199999999999999       0.36412784624038985        56.534789579887345        366.94899538566443     
   2.4300000000000002       0.36563250676204440        57.260402960129255        368.70028532637849     
   2.4399999999999999       0.36713716728369883        57.990166010486377        370.45457012909344     
   2.4500000000000002       0.36864182780535343        58.724049239457571        372.21185447118256     
   2.4600000000000000       0.37014648832700786        59.462023187007574        373.97214287191565     
   2.4700000000000002       0.37165114884866240        60.204058435225683        375.73543969334588     
   2.4800000000000000       0.37315580937031689        60.950125619584412        377.50174914346843     
   2.4900000000000002       0.37466046989197144        61.700195439020973        379.27107527787626     
   2.5000000000000000       0.37616513041362593        62.454238665579275        381.04342200141173     
   2.5100000000000002       0.37766979093528041        63.212226154313598        382.81879307136677     
   2.5200000000000000       0.37917445145693496        63.974128851691248        384.59719209836300     
   2.5300000000000002       0.38067911197858945        64.739917804728350        386.37862254972879     
   2.5400000000000000       0.38218377250024393        65.509564168547300        388.16308775035793     
   2.5500000000000003       0.38368843302189848        66.283039214707273        389.95059088610680     
   2.5600000000000001       0.38519309354355297        67.060314337961671        391.74113500462448     
   2.5699999999999998       0.38669775406520740        67.841361063747797        393.53472301859694     
   2.5800000000000001       0.38820241458686194        68.626151054557539        395.33135770736845     
   2.5899999999999999       0.38970707510851643        69.414656115958294        397.13104171854508     
   2.6000000000000001       0.39121173563017098        70.206848202998174        398.93377757123545     
   2.6099999999999999       0.39271639615182541        71.002699425154432        400.73956765680288     
   2.6200000000000001       0.39422105667348001        71.802182052159665        402.54841424227226     
   2.6299999999999999       0.39572571719513444        72.605268518291339        404.36031947103226     
   2.6400000000000001       0.39723037771678898        73.411931427500846        406.17528536606926     
   2.6499999999999999       0.39873503823844342        74.222143557476031        407.99331383148234     
   2.6600000000000001       0.40023969876009802        75.035877863416204        409.81440665397861     
   2.6699999999999999       0.40174435928175245        75.853107482299833        411.63856550608034     
   2.6800000000000002       0.40324901980340699        76.673805735721302        413.46579194671068     
   2.6899999999999999       0.40475368032506148        77.497946133637384        415.29608742438609     
   2.7000000000000002       0.40625834084671603        78.325502377082231        417.12945327863474     
   2.7100000000000000       0.40776300136837046        79.156448360640596        418.96589074138529     
   2.7200000000000002       0.40926766189002500        79.990758175479058        420.80540094012991     
   2.7300000000000000       0.41077232241167949        80.828406110966355        422.64798489836647     
   2.7400000000000002       0.41227698293333404        81.669366657276498        424.49364353874375     
   2.7500000000000000       0.41378164345498847        82.513614506984396        426.34237768435941     
   2.7600000000000002       0.41528630397664307        83.361124556466535        428.19418806003512     
   2.7700000000000000       0.41679096449829750        84.211871907836453        430.04907529523200     
   2.7800000000000002       0.41829562501995204        85.065831869974787        431.90703992528267     
   2.7900000000000000       0.41980028554160648        85.922979959383767        433.76808239258912     
   2.8000000000000003       0.42130494606326108        86.783291901609729        435.63220304949425     
   2.8100000000000001       0.42280960658491551        87.646743631770718        437.49940215943894     
   2.8199999999999998       0.42431426710657000        88.513311294941005        439.36967989808568     
   2.8300000000000001       0.42581892762822454        89.382971247200871        441.24303635633692     
   2.8399999999999999       0.42732358814987903        90.255700055318798        443.11947154044145     
   2.8500000000000001       0.42882824867153352        91.131474497546819        444.99898537499155     
   2.8599999999999999       0.43033290919318801        92.010271563456428        446.88157770394719     
   2.8700000000000001       0.43183756971484255        92.892068453652826        448.76724829162328     
   2.8799999999999999       0.43334223023649704        93.776842580136829        450.65599682544786     
   2.8900000000000001       0.43484689075815153        94.664571565800102        452.54782291691021     
   2.8999999999999999       0.43635155127980607        95.555233243813902        454.44272610246793     
   2.9100000000000001       0.43785621180146056        96.448805657692276        456.34070584626085     
   2.9199999999999999       0.43936087232311505        97.345267060408759        458.24176154077406     
   2.9300000000000002       0.44086553284476954        98.244595913936564        460.14589250869898     
   2.9399999999999999       0.44237019336642408        99.146770888201573        462.05309800353905     
   2.9500000000000002       0.44387485388807857        100.05177086080610        463.96337721225586     
   2.9600000000000000       0.44537951440973306        100.95957491591433        465.87672925603874     
   2.9700000000000002       0.44688417493138766        101.87016234306215        467.79315319103551     
   2.9800000000000000       0.44838883545304209        102.78351263668793        469.71264801095720     
   2.9900000000000002       0.44989349597469663        103.69960549481941        471.63521264777205     
   3.0000000000000000       0.45139815649635107        104.61842081769700        473.56084597235673     
   3.0100000000000002       0.45290281701800567        105.53993870714378        475.48954679706532     
   3.0200000000000000       0.45440747753966010        106.46413946499737        477.42131387612477     
   3.0300000000000002       0.45591213806131464        107.39100359202871        479.35614590730734     
   3.0400000000000000       0.45741679858296913        108.32051178628717        481.29404153227313     
   3.0500000000000003       0.45892145910462367        109.25264494229013        483.23499933907669     
   3.0600000000000001       0.46042611962627811        110.18738414937941        485.17901786269101     
   3.0700000000000003       0.46193078014793265        111.12471069003429        487.12609558549065     
   3.0800000000000001       0.46343544066958714        112.06460603897065        489.07623093972632     
   3.0899999999999999       0.46494010119124163        113.00705186130413        491.02942230774869     
   3.1000000000000001       0.46644476171289612        113.95203001123072        492.98566802355549     
   3.1099999999999999       0.46794942223455066        114.89952253013551        494.94496637296129     
   3.1200000000000001       0.46945408275620515        115.84951164559592        496.90731559602165     
   3.1299999999999999       0.47095874327785964        116.80197976944679        498.87271388716289     
   3.1400000000000001       0.47246340379951413        117.75690949637783        500.84115939666395     
   3.1499999999999999       0.47396806432116867        118.71428360196492        502.81265023073422     
   3.1600000000000001       0.47547272484282316        119.67408504160855        504.78718445389057     
   3.1699999999999999       0.47697738536447765        120.63629694853499        506.76476008899880     
   3.1800000000000002       0.47848204588613219        121.60090263234274        508.74537511869283     
   3.1899999999999999       0.47998670640778668        122.56788557698266        510.72902748536308     
   3.2000000000000002       0.48149136692944117        123.53722943966204        512.71571509349337     
   3.2100000000000000       0.48299602745109566        124.50891804880909        514.70543580961578     
   3.2200000000000002       0.48450068797275020        125.48293540259405        516.69818746367127     
   3.2300000000000000       0.48600534849440469        126.45926566687780        518.69396784891217     
   3.2400000000000002       0.48751000901605918        127.43789317411240        520.69277472420515     
   3.2500000000000000       0.48901466953771372        128.41880242128357        522.69460581389910     
   3.2600000000000002       0.49051933005936821        129.40197806843040        524.69945880913599     
   3.2700000000000000       0.49202399058102270        130.38740493658372        526.70733136766728     
   3.2800000000000002       0.49352865110267718        131.37506800667646        528.71822111612789     
   3.2900000000000000       0.49503331162433173        132.36495241748867        530.73212564982452     
   3.3000000000000003       0.49653797214598622        133.35704346405629        532.74904253374211     
   3.3100000000000001       0.49804263266764071        134.35132659619478        534.76896930354496     
   3.3200000000000003       0.49954729318929525        135.34778741632616        536.79190346529811     
   3.3300000000000001       0.50105195371094968        136.34641167850143        538.81784249770544     
   3.3399999999999999       0.50255661423260412        137.34718528634568        540.84678385180064     
   3.3500000000000001       0.50406127475425877        138.35009429162128        542.87872495215379     
   3.3599999999999999       0.50556593527591320        139.35469135121741        544.91366303219718     
   3.3700000000000001       0.50707059579756775        140.36183619064963        546.95159579524307     
   3.3799999999999999       0.50857525631922218        141.37107536009191        548.99252042360320     
   3.3900000000000001       0.51007991684087672        142.38239548834372        551.03643424135873     
   3.3999999999999999       0.51158457736253116        143.39578334429876        553.08333454940077     
   3.4100000000000001       0.51308923788418581        144.41122583496318        555.13321862498822     
   3.4199999999999999       0.51459389840584024        145.42871000449037        557.18608372394112     
   3.4300000000000002       0.51609855892749479        146.44822303222003        559.24192708017529     
   3.4399999999999999       0.51760321944914922        147.46975223123147        561.30074590654829     
   3.4500000000000002       0.51910787997080376        148.49328504691186        563.36253739569895     
   3.4600000000000000       0.52061254049245820        149.51880905502196        565.42729871952690     
   3.4700000000000002       0.52211720101411274        150.54631196080513        567.49502703136420     
   3.4800000000000000       0.52362186153576717        151.57578159707592        569.56571946542965     
   3.4900000000000002       0.52512652205742183        152.60720592283982        571.63937313762801     
   3.5000000000000000       0.52663118257907626        153.64057302182101        573.71598514606558     
   3.5100000000000002       0.52813584310073081        154.67587110110921        575.79555257183631     
   3.5200000000000000       0.52964050362238535        155.71308848929539        577.87807247840851     
   3.5300000000000002       0.53114516414403978        156.75221363566973        579.96354191377668     
   3.5400000000000000       0.53264982466569433        157.79323510838438        582.05195790982964     
   3.5500000000000003       0.53415448518734887        158.83614159315408        584.14331748309644     
   3.5600000000000001       0.53565914570900330        159.88092189197388        586.23761763549112     
   3.5700000000000003       0.53716380623065785        160.92756492131454        588.33485535362024     
   3.5800000000000001       0.53866846675231228        161.97605971140177        590.43502761093862     
   3.5899999999999999       0.54017312727396682        163.02639540444170        592.53813136703798     
   3.6000000000000001       0.54167778779562137        164.07856125339276        594.64416356835750     
   3.6099999999999999       0.54318244831727580        165.13254662064622        596.75312114859969     
   3.6200000000000001       0.54468710883893035        166.18834097672041        598.86500102913681     
   3.6299999999999999       0.54619176936058489        167.24593389907744        600.97980011970287     
   3.6400000000000001       0.54769642988223932        168.30531507041093        603.09751531761492     
   3.6499999999999999       0.54920109040389387        169.36647427803609        605.21814350991235     
   3.6600000000000001       0.55070575092554830        170.42940141220393        607.34168157256192     
   3.6699999999999999       0.55221041144720284        171.49408646497588        609.46812637111873     
   3.6800000000000002       0.55371507196885728        172.56051952900168        611.59747476108691     
   3.6899999999999999       0.55521973249051193        173.62869079642368        613.72972358857442     
   3.7000000000000002       0.55672439301216636        174.69859055723970        615.86486968943643     
   3.7100000000000000       0.55822905353382091        175.77020919878879        618.00290989142115     
   3.7200000000000002       0.55973371405547534        176.84353720414254        620.14384101329688     
   3.7300000000000000       0.56123837457712988        177.91856515106343        622.28765986548149     
   3.7400000000000002       0.56274303509878432        178.99528371086680        624.43436325035998     
   3.7500000000000000       0.56424769562043886        180.07368364729595        626.58394796259881     
   3.7600000000000002       0.56575235614209329        181.15375581552445        628.73641078976289     
   3.7700000000000000       0.56725701666374795        182.23549116060488        630.89174851137614     
   3.7800000000000002       0.56876167718540238        183.31888071706462        633.04995790107500     
   3.7900000000000000       0.57026633770705693        184.40391560738044        635.21103572565767     
   3.8000000000000003       0.57177099822871136        185.49058704103396        637.37497874567737     
   3.8100000000000001       0.57327565875036590        186.57888631346748        639.54178371571834     
   3.8200000000000003       0.57478031927202033        187.66880480504986        641.71144738466785     
   3.8300000000000001       0.57628497979367499        188.76033398017495        643.88396649630147     
   3.8399999999999999       0.57778964031532942        189.85346538578824        646.05933778826432     
   3.8500000000000001       0.57929430083698397        190.94819065109201        648.23755799424555     
   3.8599999999999999       0.58079896135863840        192.04450148609683        650.41862384294723     
   3.8700000000000001       0.58230362188029294        193.14238968076910        652.60253205865115     
   3.8799999999999999       0.58380828240194738        194.24184710407371        654.78927936145601     
   3.8900000000000001       0.58531294292360192        195.34286570302987        656.97886246751489     
   3.8999999999999999       0.58681760344525635        196.44543750177672        659.17127808926352     
   3.9100000000000001       0.58832226396691101        197.54955460077119        661.36652293597422     
   3.9199999999999999       0.58982692448856544        198.65520917540383        663.56459371266089     
   3.9300000000000002       0.59133158501021998        199.76239347581418        665.76548712227043     
   3.9399999999999999       0.59283624553187442        200.87109982552761        667.96919986457590     
   3.9500000000000002       0.59434090605352896        201.98132062070135        670.17572863671330     
   3.9600000000000000       0.59584556657518339        203.09304832925827        672.38507013338722     
   3.9700000000000002       0.59735022709683805        204.20627549003669        674.59722104706441     
   3.9800000000000000       0.59885488761849248        205.32099471194780        676.81217806817233     
   3.9900000000000002       0.60035954814014703        206.43719867314476        679.02993788528784     
   4.0000000000000000       0.60186420866180146        207.55488012032501        681.25049718566481     
   4.0099999999999998       0.60336886918345589        208.67403186743374        683.47385265405467     
   4.0200000000000005       0.60487352970511055        209.79464679559604        685.70000097492698     
   4.0300000000000002       0.60637819022676498        210.91671785184090        687.92893883128420     
   4.0400000000000000       0.60788285074841941        212.04023804844553        690.16066290517153     
   4.0499999999999998       0.60938751127007396        213.16520046216746        692.39516987784646     
   4.0600000000000005       0.61089217179172861        214.29159823348522        694.63245642994173     
   4.0700000000000003       0.61239683231338304        215.41942456585227        696.87251924162661     
   4.0800000000000001       0.61390149283503748        216.54867272495818        699.11535499276351     
   4.0899999999999999       0.61540615335669191        217.67933603812398        701.36096036341473     
   4.0999999999999996       0.61691081387834645        218.81140789308398        703.60933203258401     
   4.1100000000000003       0.61841547440000111        219.94488173802631        705.86046668047697     
   4.1200000000000001       0.61992013492165554        221.07975108039182        708.11436098723652     
   4.1299999999999999       0.62142479544330997        222.21600948630919        710.37101163343743     
   4.1399999999999997       0.62292945596496452        223.35365057991143        712.63041530022258     
   4.1500000000000004       0.62443411648661906        224.49266804266355        714.89256866944015     
   4.1600000000000001       0.62593877700827349        225.63305561269800        717.15746842377325     
   4.1699999999999999       0.62744343752992793        226.77480708415882        719.42511124687258     
   4.1799999999999997       0.62894809805158247        227.91791630655553        721.69549382348123     
   4.1900000000000004       0.63045275857323713        229.06237718412376        723.96861283955843     
   4.2000000000000002       0.63195741909489156        230.20818367532411        726.24446498276552     
   4.2100000000000000       0.63346207961654599        231.35532979170495        728.52304694112456     
   4.2199999999999998       0.63496674013820054        232.50380959806256        730.80435540532631     
   4.2300000000000004       0.63647140065985508        233.65361721131887        733.08838706738072     
   4.2400000000000002       0.63797606118150951        234.80474680005329        735.37513862109336     
   4.2500000000000000       0.63948072170316395        235.95719258391301        737.66460676217571     
   4.2599999999999998       0.64098538222481860        237.11094883303073        739.95678818835040     
   4.2700000000000005       0.64249004274647314        238.26600986744992        742.25167959945293     
   4.2800000000000002       0.64399470326812758        239.42237005655770        744.54927769753510     
   4.2900000000000000       0.64549936378978201        240.58002381852606        746.84957918696409     
   4.2999999999999998       0.64700402431143655        241.73896561975900        749.15258077451836     
   4.3100000000000005       0.64850868483309110        242.89918997448152        751.45827916986332     
   4.3200000000000003       0.65001334535474553        244.06069144366754        753.76667108412244     
   4.3300000000000001       0.65151800587640007        245.22346463530957        756.07775323224951     
   4.3399999999999999       0.65302266639805462        246.38750420336194        758.39152233159666     
   4.3500000000000005       0.65452732691970916        247.55280484735636        760.70797510237958     
   4.3600000000000003       0.65603198744136360        248.71936131189096        763.02710826776183     
   4.3700000000000001       0.65753664796301803        249.88716838612842        765.34891855394005     
   4.3799999999999999       0.65904130848467257        251.05622090329828        767.67340269022247     
   4.3899999999999997       0.66054596900632701        252.22651374020487        770.00055740910693     
   4.4000000000000004       0.66205062952798166        253.39804181674509        772.33037944635998     
   4.4100000000000001       0.66355529004963609        254.57080009542855        774.66286554108888     
   4.4199999999999999       0.66505995057129064        255.74478358090772        776.99801243581953     
   4.4299999999999997       0.66656461109294507        256.91998731951037        779.33581687656260     
   4.4400000000000004       0.66806927161459961        258.09640639891995        781.67627561328527     
   4.4500000000000002       0.66957393213625405        259.27403594716827        784.01938539838943     
   4.4600000000000000       0.67107859265790859        260.45287113301646        786.36514298915984     
   4.4699999999999998       0.67258325317956313        261.63290716496067        788.71354514624068     
   4.4800000000000004       0.67408791370121768        262.81413929093418        791.06458863409898     
   4.4900000000000002       0.67559257422287222        263.99656279787627        793.41827022108430     
   4.5000000000000000       0.67709723474452665        265.18017301130726        795.77458667948781     
   4.5099999999999998       0.67860189526618109        266.36496529490955        798.13353478560600     
   4.5200000000000005       0.68010655578783563        267.55093505011132        800.49511131979261     
   4.5300000000000002       0.68161121630949029        268.73807771568033        802.85931306651958     
   4.5400000000000000       0.68311587683114472        269.92638876731763        805.22613681442738     
   4.5499999999999998       0.68462053735279915        271.11586371726111        807.59557935638213     
   4.5600000000000005       0.68612519787445370        272.30649811389060        809.96763748952560     
   4.5700000000000003       0.68762985839610824        273.49828754134001        812.34230801532624     
   4.5800000000000001       0.68913451891776267        274.69122761925689        814.71958774004349     
   4.5899999999999999       0.69063917943941711        275.88531400185133        817.09947347311584     
   4.6000000000000005       0.69214383996107165        277.08054237838132        819.48196202969871     
   4.6100000000000003       0.69364850048272630        278.27690847221072        821.86705022904903     
   4.6200000000000001       0.69515316100438074        279.47440804058817        824.25473489498518     
   4.6299999999999999       0.69665782152603517        280.67303687428711        826.64501285592917     
   4.6399999999999997       0.69816248204768960        281.87279079725204        829.03788094495269     
   4.6500000000000004       0.69966714256934426        283.07366566624563        831.43333599981281     
   4.6600000000000001       0.70117180309099869        284.27565737050361        833.83137486299461     
   4.6699999999999999       0.70267646361265312        285.47876183139374        836.23199438175141     
   4.6799999999999997       0.70418112413430767        286.68297500207620        838.63519140813958     
   4.6900000000000004       0.70568578465596232        287.88829286717220        841.04096279905809     
   4.7000000000000002       0.70719044517761676        289.09471144243344        843.44930541628196     
   4.7100000000000000       0.70869510569927119        290.30222677441873        845.86021612650006     
   4.7199999999999998       0.71019976622092562        291.51083494016979        848.27369180134281     
   4.7300000000000004       0.71170442674258028        292.72053204689877        850.68972931742474     
   4.7400000000000002       0.71320908726423471        293.93131423182081        853.10832555680156     
   4.7500000000000000       0.71471374778588925        295.14317766124861        855.52947740526406     
   4.7599999999999998       0.71621840830754369        296.35611853118479        857.95318175498301     
   4.7700000000000005       0.71772306882919834        297.57013306642136        860.37943550279294     
   4.7800000000000002       0.71922772935085277        298.78521752039200        862.80823555065751     
   4.7900000000000000       0.72073238987250721        300.00136817487692        865.23957880569492     
   4.7999999999999998       0.72223705039416164        301.21858133971404        867.67346218020703     
   4.8100000000000005       0.72374171091581641        302.43685335251229        870.10988259170597     
   4.8200000000000003       0.72524637143747084        303.65618057836593        872.54883696293439     
   4.8300000000000001       0.72675103195912527        304.87655940957740        874.99032222189339     
   4.8399999999999999       0.72825569248077970        306.09798626537895        877.43433530186451     
   4.8500000000000005       0.72976035300243436        307.32045759166164        879.88087314143525     
   4.8600000000000003       0.73126501352408879        308.54396986070356        882.32993268451435     
   4.8700000000000001       0.73276967404574322        309.76851957090503        884.78151088036043     
   4.8799999999999999       0.73427433456739766        310.99410324652530        887.23560468359869     
   4.8899999999999997       0.73577899508905231        312.22071743742168        889.69221105423833     
   4.9000000000000004       0.73728365561070686        313.44835871879428        892.15132695769796     
   4.9100000000000001       0.73878831613236129        314.67702369093030        894.61294936481670     
   4.9199999999999999       0.74029297665401572        315.90670897895677        897.07707525187868     
   4.9299999999999997       0.74179763717567027        317.13741123274644        899.54370160108624     
   4.9400000000000004       0.74330229769732481        318.36912712604698        902.01282539873148     
   4.9500000000000002       0.74480695821897924        319.60185335718239        904.48444363798455     
   4.9600000000000000       0.74631161874063379        320.83558664818418        906.95855331705934     
   4.9699999999999998       0.74781627926228833        322.07032374471379        909.43515143968750     
   4.9800000000000004       0.74932093978394287        323.30606141583098        911.91423501514146     
   4.9900000000000002       0.75082560030559731        324.54279645375999        914.39580105823541     
   5.0000000000000000       0.75233026082725185        325.78052567366592        916.87984658934886     
   5.0099999999999998       0.75383492134890628        327.01924591342697        919.36636863442993     
   5.0200000000000005       0.75533958187056083        328.25895403341616        921.85536422501809     
   5.0300000000000002       0.75684424239221537        329.49964691627679        924.34683039824222     
   5.0400000000000000       0.75834890291386992        330.74132146671127        926.84076419684300     
   5.0499999999999998       0.75985356343552435        331.98397461126177        929.33716266917452     
   5.0600000000000005       0.76135822395717889        333.22760329810353        931.83602286922076     
   5.0700000000000003       0.76286288447883333        334.47220449683033        934.33734185659807     
   5.0800000000000001       0.76436754500048787        335.71777519825247        936.84111669657023     
   5.0899999999999999       0.76587220552214230        336.96431241418992        939.34734446005223     
   5.1000000000000005       0.76737686604379696        338.21181317727070        941.85602222361774     
   5.1100000000000003       0.76888152656545139        339.46027454073322        944.36714706951284     
   5.1200000000000001       0.77038618708710593        340.70969357822634        946.88071608565485     
   5.1299999999999999       0.77189084760876037        341.96006738361581        949.39672636564194     
   5.1399999999999997       0.77339550813041480        343.21139307079329        951.91517500876125     
   5.1500000000000004       0.77490016865206934        344.46366777348265        954.43605911999043     
   5.1600000000000001       0.77640482917372389        345.71688864505364        956.95937581000487     
   5.1699999999999999       0.77790948969537843        346.97105285850415        959.48512219567942     
   5.1799999999999997       0.77941415021703286        348.22615760560751        962.01329539811104     
   5.1900000000000004       0.78091881073868741        349.48220009773087        964.54389254559032     
   5.2000000000000002       0.78242347126034195        350.73917756499003        967.07691077162769     
   5.2100000000000000       0.78392813178199638        351.99708725623839        969.61234721545168     
   5.2199999999999998       0.78543279230365082        353.25592643889081        972.15019902201209     
   5.2300000000000004       0.78693745282530536        354.51569239875096        974.69046334198003     
   5.2400000000000002       0.78844211334696002        355.77638243983944        977.23313733175394     
   5.2500000000000000       0.78994677386861445        357.03799388422397        979.77821815345635     
   5.2599999999999998       0.79145143439026888        358.30052407185320        982.32570297494158     
   5.2700000000000005       0.79295609491192343        359.56397036038953        984.87558896979249     
   5.2800000000000002       0.79446075543357797        360.82833012504528        987.42787331732018     
   5.2900000000000000       0.79596541595523240        362.09360075842216        989.98255320256942     
   5.2999999999999998       0.79747007647688684        363.35977967035075        992.53962581631652     
   5.3100000000000005       0.79897473699854149        364.62686428773122        995.09908835506633     
   5.3200000000000003       0.80047939752019603        365.89485205437734        997.66093802105502     
   5.3300000000000001       0.80198405804185047        367.16374043086290        1000.2251720222519     
   5.3399999999999999       0.80348871856350490        368.43352689436711        1002.7917875723508     
   5.3500000000000005       0.80499337908515944        369.70420893852457        1005.3607818907769     
   5.3600000000000003       0.80649803960681399        370.97578407327495        1007.9321522026804     
   5.3700000000000001       0.80800270012846842        372.24824982471557        1010.5058957389361     
   5.3799999999999999       0.80950736065012296        373.52160373495462        1013.0820097361405     
   5.3899999999999997       0.81101202117177740        374.79584336196694        1015.6604914366117     
   5.4000000000000004       0.81251668169343205        376.07096627945225        1018.2413380883861     
   5.4100000000000001       0.81402134221508649        377.34697007668979        1020.8245469452112     
   5.4199999999999999       0.81552600273674092        378.62385235840497        1023.4101152665522     
   5.4299999999999997       0.81703066325839535        379.90161074462452        1025.9980403175782     
   5.4400000000000004       0.81853532378005001        381.18024287054317        1028.5883193691657     
   5.4500000000000002       0.82003998430170455        382.45974638638751        1031.1809496978901     
   5.4600000000000000       0.82154464482335898        383.74011895746196        1033.7759285865602     
   5.4699999999999998       0.82304930534501342        385.02135826330175        1036.3732533220798     
   5.4800000000000004       0.82455396586666807        386.30346199861151        1038.9729211986376     
   5.4900000000000002       0.82605862638832250        387.58642787242428        1041.5749295155751     
   5.5000000000000000       0.82756328690997694        388.87025360814931        1044.1792755779118     
   5.5099999999999998       0.82906794743163137        390.15493694344980        1046.7859566963464     
   5.5200000000000005       0.83057260795328614        391.44047563011327        1049.3949701872436     
   5.5300000000000002       0.83207726847494057        392.72686743392865        1052.0063133726298     
   5.5400000000000000       0.83358192899659500        394.01411013456641        1054.6199835801972     
   5.5499999999999998       0.83508658951824954        395.30220152545485        1057.2359781432851     
   5.5600000000000005       0.83659125003990409        396.59113941366036        1059.8542944008825     
   5.5700000000000003       0.83809591056155852        397.88092161976965        1062.4749296976181     
   5.5800000000000001       0.83960057108321295        399.17154597777227        1065.0978813837567     
   5.5899999999999999       0.84110523160486761        400.46301033494439        1067.7231468151901     
   5.6000000000000005       0.84260989212652215        401.75531255173422        1070.3507233534344     
   5.6100000000000003       0.84411455264817659        403.04845050164755        1072.9806083656174     
   5.6200000000000001       0.84561921316983102        404.34242207113681        1075.6127992244776     
   5.6299999999999999       0.84712387369148556        405.63722515948905        1078.2472933083538     
   5.6399999999999997       0.84862853421314000        406.93285767871629        1080.8840880011815     
   5.6500000000000004       0.85013319473479454        408.22931755344638        1083.5231806924787     
   5.6600000000000001       0.85163785525644908        409.52660272081516        1086.1645687773464     
   5.6699999999999999       0.85314251577810363        410.82471113036070        1088.8082496564557     
   5.6799999999999997       0.85464717629975806        412.12364074391758        1091.4542207360430     
   5.6900000000000004       0.85615183682141260        413.42338953551240        1094.1024794278997     
   5.7000000000000002       0.85765649734306704        414.72395549126009        1096.7530231493658     
   5.7100000000000000       0.85916115786472158        416.02533660926400        1099.4058493233229     
   5.7199999999999998       0.86066581838637601        417.32753089951132        1102.0609553781817     
   5.7300000000000004       0.86217047890803067        418.63053638377795        1104.7183387478815     
   5.7400000000000002       0.86367513942968510        419.93435109552263        1107.3779968718704     
   5.7500000000000000       0.86517979995133965        421.23897307979848        1110.0399271951107     
   5.7599999999999998       0.86668446047299408        422.54440039314585        1112.7041271680550     
   5.7700000000000005       0.86818912099464862        423.85063110350495        1115.3705942466522     
   5.7800000000000002       0.86969378151630305        425.15766329011558        1118.0393258923266     
   5.7900000000000000       0.87119844203795760        426.46549504342642        1120.7103195719767     
   5.7999999999999998       0.87270310255961214        427.77412446499898        1123.3835727579601     
   5.8100000000000005       0.87420776308126669        429.08354966742019        1126.0590829280920     
   5.8200000000000003       0.87571242360292112        430.39376877420648        1128.7368475656283     
   5.8300000000000001       0.87721708412457566        431.70477991971717        1131.4168641592616     
   5.8399999999999999       0.87872174464623010        433.01658124925802        1134.0991302036930     
   5.8500000000000005       0.88022640516788464        434.32917091821622        1136.7836431972842     
   5.8600000000000003       0.88173106568953907        435.64254709313877        1139.4704006455572     
   5.8700000000000001       0.88323572621119373        436.95670795086932        1142.1594000588484     
   5.8799999999999999       0.88474038673284816        438.27165167865536        1144.8506389528759     
   5.8899999999999997       0.88624504725450259        439.58737647406622        1147.5441148487387     
   5.9000000000000004       0.88774970777615714        440.90388054490694        1150.2398252728999     
   5.9100000000000001       0.88925436829781168        442.22116210913578        1152.9377677571811     
   5.9199999999999999       0.89075902881946611        443.53921939478170        1155.6379398387460     
   5.9299999999999997       0.89226368934112055        444.85805063986618        1158.3403390601015     
   5.9400000000000004       0.89376834986277531        446.17765409231805        1161.0449629690759     
   5.9500000000000002       0.89527301038442975        447.49802800989636        1163.7518091188142     
   5.9600000000000000       0.89677767090608418        448.81917066011118        1166.4608750677667     
   5.9699999999999998       0.89828233142773861        450.14108032014633        1169.1721583796800     
   5.9800000000000004       0.89978699194939327        451.46375527678049        1171.8856566235868     
   5.9900000000000002       0.90129165247104770        452.78719382631101        1174.6013673737887     
   6.0000000000000000       0.90279631299270213        454.11139427447881        1177.3192882098544     
   6.0099999999999998       0.90430097351435657        455.43635493639334        1180.0394167166055     
   6.0200000000000005       0.90580563403601133        456.76207413645864        1182.7617504841062     
   6.0300000000000002       0.90731029455766576        458.08855020829697        1185.4862871076493     
   6.0400000000000000       0.90881495507932020        459.41578149468046        1188.2130241877503     
   6.0499999999999998       0.91031961560097463        460.74376634745551        1190.9419593301345     
   6.0600000000000005       0.91182427612262928        462.07250312747414        1193.6730901457277     
   6.0700000000000003       0.91332893664428372        463.40199020451934        1196.4064142506375     
   6.0800000000000001       0.91483359716593826        464.73222595723962        1199.1419292661544     
   6.0899999999999999       0.91633825768759269        466.06320877307729        1201.8796328187339     
   6.1000000000000005       0.91784291820924735        467.39493704819989        1204.6195225399849     
   6.1100000000000003       0.91934757873090178        468.72740918743216        1207.3615960666593     
   6.1200000000000001       0.92085223925255622        470.06062360419048        1210.1058510406435     
   6.1299999999999999       0.92235689977421065        471.39457872041322        1212.8522851089444     
   6.1400000000000006       0.92386156029586530        472.72927296649823        1215.6008959236799     
   6.1500000000000004       0.92536622081751985        474.06470478123407        1218.3516811420643     
   6.1600000000000001       0.92687088133917428        475.40087261173852        1221.1046384264037     
   6.1699999999999999       0.92837554186082871        476.73777491339160        1223.8597654440769     
   6.1799999999999997       0.92988020238248326        478.07541014977392        1226.6170598675283     
   6.1900000000000004       0.93138486290413780        479.41377679260415        1229.3765193742586     
   6.2000000000000002       0.93288952342579223        480.75287332167454        1232.1381416468073     
   6.2100000000000000       0.93439418394744667        482.09269822479121        1234.9019243727450     
   6.2199999999999998       0.93589884446910132        483.43324999771352        1237.6678652446660     
   6.2300000000000004       0.93740350499075586        484.77452714409117        1240.4359619601669     
   6.2400000000000002       0.93890816551241030        486.11652817540681        1243.2062122218429     
   6.2500000000000000       0.94041282603406473        487.45925161091520        1245.9786137372748     
   6.2599999999999998       0.94191748655571927        488.80269597758456        1248.7531642190149     
   6.2700000000000005       0.94342214707737382        490.14685981003993        1251.5298613845803     
   6.2800000000000002       0.94492680759902825        491.49174165050249        1254.3087029564329     
   6.2900000000000000       0.94643146812068268        492.83734004873605        1257.0896866619805     
   6.2999999999999998       0.94793612864233734        494.18365356198751        1259.8728102335510     
   6.3100000000000005       0.94944078916399188        495.53068075493309        1262.6580714083921     
   6.3200000000000003       0.95094544968564632        496.87842019961982        1265.4454679286516     
   6.3300000000000001       0.95245011020730075        498.22687047541461        1268.2349975413733     
   6.3399999999999999       0.95395477072895529        499.57603016894598        1271.0266579984777     
   6.3500000000000005       0.95545943125060984        500.92589787405274        1273.8204470567564     
   6.3600000000000003       0.95696409177226438        502.27647219172928        1276.6163624778569     
   6.3700000000000001       0.95846875229391881        503.62775173007265        1279.4144020282711     
   6.3799999999999999       0.95997341281557336        504.97973510423111        1282.2145634793274     
   6.3900000000000006       0.96147807333722790        506.33242093634931        1285.0168446071727     
   6.4000000000000004       0.96298273385888233        507.68580785552086        1287.8212431927641     
   6.4100000000000001       0.96448739438053677        509.03989449773485        1290.6277570218610     
   6.4199999999999999       0.96599205490219131        510.39467950582554        1293.4363838850056     
   6.4299999999999997       0.96749671542384574        511.75016152942220        1296.2471215775161     
   6.4400000000000004       0.96900137594550040        513.10633922512000        1299.0599679001430     
   6.4500000000000002       0.97050603646715483        514.46321125555096        1301.8749206563809     
   6.4600000000000000       0.97201069698880938        515.82077629065407        1304.6919776564714     
   6.4699999999999998       0.97351535751046381        517.17903300674857        1307.5111367147133     
   6.4800000000000004       0.97502001803211835        518.53798008670537        1310.3323956501249     
   6.4900000000000002       0.97652467855377290        519.89761621989874        1313.1557522864239     
   6.5000000000000000       0.97802933907542744        521.25794010216168        1315.9812044520254     
   6.5099999999999998       0.97953399959708187        522.61895043573702        1318.8087499800220     
   6.5200000000000005       0.98103866011873642        523.98064592923311        1321.6383867081779     
   6.5300000000000002       0.98254332064039096        525.34302529757656        1324.4701124789115     
   6.5400000000000000       0.98404798116204539        526.70608726196861        1327.3039251392904     
   6.5499999999999998       0.98555264168369983        528.06983054983868        1330.1398225410121     
   6.5600000000000005       0.98705730220535437        529.43425389480115        1332.9778025403998     
   6.5700000000000003       0.98856196272700902        530.79935603661022        1335.8178629983840     
   6.5800000000000001       0.99006662324866346        532.16513572111774        1338.6600017804956     
   6.5899999999999999       0.99157128377031789        533.53159170022798        1341.5042167568504     
   6.6000000000000005       0.99307594429197243        534.89872273185631        1344.3505058021417     
   6.6100000000000003       0.99458060481362698        536.26652757988722        1347.1988667956236     
   6.6200000000000001       0.99608526533528141        537.63500501412955        1350.0492976211058     
   6.6299999999999999       0.99758992585693584        539.00415381027688        1352.9017961669313     
   6.6400000000000006       0.99909458637859050        540.37397274986631        1355.7563603259789     
   6.6500000000000004        1.0005992469002449        541.74446062023594        1358.6129879956372     
   6.6600000000000001        1.0021039074218994        543.11561621448584        1361.4716770778045     
   6.6699999999999999        1.0036085679435538        544.48743833143669        1364.3324254788697     
   6.6799999999999997        1.0051132284652082        545.85992577559000        1367.1952311097034     
   6.6900000000000004        1.0066178889868631        547.23307735708966        1370.0600918856487     
   6.7000000000000002        1.0081225495085175        548.60689189168022        1372.9270057265019     
   6.7100000000000000        1.0096272100301720        549.98136820067111        1375.7959705565097     
   6.7199999999999998        1.0111318705518264        551.35650511089625        1378.6669843043524     
   6.7300000000000004        1.0126365310734811        552.73230145467642        1381.5400449031365     
   6.7400000000000002        1.0141411915951355        554.10875606977970        1384.4151502903737     
   6.7500000000000000        1.0156458521167899        555.48586779938717        1387.2922984079823     
   6.7599999999999998        1.0171505126384444        556.86363549205282        1390.1714872022656     
   6.7700000000000005        1.0186551731600990        558.24205800166919        1393.0527146239065     
   6.7800000000000002        1.0201598336817534        559.62113418742797        1395.9359786279504     
   6.7900000000000000        1.0216644942034079        561.00086291378568        1398.8212771737981     
   6.7999999999999998        1.0231691547250623        562.38124305042788        1401.7086082251935     
   6.8100000000000005        1.0246738152467170        563.76227347223266        1404.5979697502119     
   6.8200000000000003        1.0261784757683716        565.14395305923517        1407.4893597212458     
   6.8300000000000001        1.0276831362900261        566.52628069659352        1410.3827761149967     
   6.8399999999999999        1.0291877968116805        567.90925527455329        1413.2782169124639     
   6.8500000000000005        1.0306924573333351        569.29287568841380        1416.1756800989301     
   6.8600000000000003        1.0321971178549896        570.67714083849387        1419.0751636639518     
   6.8700000000000001        1.0337017783766440        572.06204963009759        1421.9766656013499     
   6.8799999999999999        1.0352064388982984        573.44760097348058        1424.8801839091936     
   6.8900000000000006        1.0367110994199531        574.83379378381778        1427.7857165897924     
   6.9000000000000004        1.0382157599416075        576.22062698117020        1430.6932616496863     
   6.9100000000000001        1.0397204204632620        577.60809949045006        1433.6028170996281     
   6.9199999999999999        1.0412250809849164        578.99621024139299        1436.5143809545796     
   6.9299999999999997        1.0427297415065711        580.38495816852094        1439.4279512336943     
   6.9400000000000004        1.0442344020282255        581.77434221111412        1442.3435259603118     
   6.9500000000000002        1.0457390625498799        583.16436131317698        1445.2611031619404     
   6.9600000000000000        1.0472437230715343        584.55501442340744        1448.1806808702511     
   6.9699999999999998        1.0487483835931890        585.94630049516729        1451.1022571210628     
   6.9800000000000004        1.0502530441148437        587.33821848644868        1454.0258299543314     
   6.9900000000000002        1.0517577046364981        588.73076735984773        1456.9513974141444     
   7.0000000000000000        1.0532623651581525        590.12394608252907        1459.8789575486992     
   7.0099999999999998        1.0547670256798070        591.51775362619969        1462.8085084103025     
   7.0200000000000005        1.0562716862014616        592.91218896707835        1465.7400480553520     
   7.0300000000000002        1.0577763467231160        594.30725108586410        1468.6735745443284     
   7.0400000000000000        1.0592810072447707        595.70293896770966        1471.6090859417834     
   7.0499999999999998        1.0607856677664251        597.09925160219177        1474.5465803163318     
   7.0600000000000005        1.0622903282880796        598.49618798328027        1477.4860557406325     
   7.0700000000000003        1.0637949888097340        599.89374710931224        1480.4275102913869     
   7.0800000000000001        1.0652996493313887        601.29192798296197        1483.3709420493226     
   7.0899999999999999        1.0668043098530431        602.69072961121560        1486.3163490991847     
   7.1000000000000005        1.0683089703746977        604.09015100533713        1489.2637295297202     
   7.1100000000000003        1.0698136308963522        605.49019118084902        1492.2130814336749     
   7.1200000000000001        1.0713182914180066        606.89084915749709        1495.1644029077738     
   7.1299999999999999        1.0728229519396610        608.29212395923048        1498.1176920527205     
   7.1400000000000006        1.0743276124613157        609.69401461416635        1501.0729469731732     
   7.1500000000000004        1.0758322729829701        611.09652015457289        1504.0301657777477     
   7.1600000000000001        1.0773369335046246        612.49963961683443        1506.9893465789964     
   7.1699999999999999        1.0788415940262792        613.90337204142986        1509.9504874934032     
   7.1799999999999997        1.0803462545479336        615.30771647290396        1512.9135866413683     
   7.1900000000000004        1.0818509150695881        616.71267195984501        1515.8786421472025     
   7.2000000000000002        1.0833555755912427        618.11823755485466        1518.8456521391129     
   7.2100000000000000        1.0848602361128972        619.52441231452497        1521.8146147491916     
   7.2199999999999998        1.0863648966345516        620.93119529941487        1524.7855281134105     
   7.2300000000000004        1.0878695571562060        622.33858557402061        1527.7583903716027     
   7.2400000000000002        1.0893742176778607        623.74658220675462        1530.7331996674582     
   7.2500000000000000        1.0908788781995151        625.15518426992003        1533.7099541485120     
   7.2599999999999998        1.0923835387211698        626.56439083968519        1536.6886519661305     
   7.2700000000000005        1.0938881992428242        627.97420099606029        1539.6692912755047     
   7.2800000000000002        1.0953928597644786        629.38461382287335        1542.6518702356377     
   7.2900000000000000        1.0968975202861331        630.79562840774599        1545.6363870093339     
   7.2999999999999998        1.0984021808077877        632.20724384207051        1548.6228397631921     
   7.3100000000000005        1.0999068413294422        633.61945922098448        1551.6112266675884     
   7.3200000000000003        1.1014115018510966        635.03227364334930        1554.6015458966701     
   7.3300000000000001        1.1029161623727510        636.44568621172857        1557.5937956283508     
   7.3399999999999999        1.1044208228944057        637.85969603236003        1560.5879740442863     
   7.3500000000000005        1.1059254834160601        639.27430221513737        1563.5840793298757     
   7.3600000000000003        1.1074301439377146        640.68950387358620        1566.5821096742457     
   7.3700000000000001        1.1089348044593690        642.10530012484298        1569.5820632702478     
   7.3799999999999999        1.1104394649810239        643.52169008962971        1572.5839383144350     
   7.3900000000000006        1.1119441255026783        644.93867289223397        1575.5877330070625     
   7.4000000000000004        1.1134487860243327        646.35624766048704        1578.5934455520721     
   7.4100000000000001        1.1149534465459872        647.77441352574317        1581.6010741570876     
   7.4199999999999999        1.1164581070676418        649.19316962285598        1584.6106170333971     
   7.4299999999999997        1.1179627675892962        650.61251509015699        1587.6220723959477     
   7.4400000000000004        1.1194674281109507        652.03244906943667        1590.6354384633350     
   7.4500000000000002        1.1209720886326051        653.45297070592187        1593.6507134577901     
   7.4600000000000000        1.1224767491542598        654.87407914825644        1596.6678956051767     
   7.4699999999999998        1.1239814096759142        656.29577354847800        1599.6869831349720     
   7.4800000000000004        1.1254860701975686        657.71805306199826        1602.7079742802603     
   7.4900000000000002        1.1269907307192233        659.14091684758478        1605.7308672777253     
   7.5000000000000000        1.1284953912408777        660.56436406733849        1608.7556603676401     
   7.5099999999999998        1.1300000517625322        661.98839388667466        1611.7823517938534     
   7.5200000000000005        1.1315047122841866        663.41300547430217        1614.8109398037825     
   7.5300000000000002        1.1330093728058415        664.83819800220442        1617.8414226484017     
   7.5400000000000000        1.1345140333274959        666.26397064561911        1620.8737985822361     
   7.5499999999999998        1.1360186938491503        667.69032258302025        1623.9080658633454     
   7.5600000000000005        1.1375233543708048        669.11725299609634        1626.9442227533207     
   7.5700000000000003        1.1390280148924594        670.54476106973584        1629.9822675172741     
   7.5800000000000001        1.1405326754141139        671.97284599200009        1633.0221984238208     
   7.5899999999999999        1.1420373359357683        673.40150695411376        1636.0640137450800     
   7.6000000000000005        1.1435419964574227        674.83074315044030        1639.1077117566606     
   7.6100000000000003        1.1450466569790774        676.26055377846365        1642.1532907376466     
   7.6200000000000001        1.1465513175007318        677.69093803877354        1645.2007489706011     
   7.6299999999999999        1.1480559780223862        679.12189513504154        1648.2500847415399     
   7.6400000000000006        1.1495606385440407        680.55342427400865        1651.3012963399342     
   7.6500000000000004        1.1510652990656953        681.98552466546300        1654.3543820586958     
   7.6600000000000001        1.1525699595873500        683.41819552222557        1657.4093401941705     
   7.6699999999999999        1.1540746201090044        684.85143606012821        1660.4661690461237     
   7.6799999999999997        1.1555792806306588        686.28524549799931        1663.5248669177361     
   7.6900000000000004        1.1570839411523135        687.71962305764646        1666.5854321155916     
   7.7000000000000002        1.1585886016739679        689.15456796383535        1669.6478629496698     
   7.7100000000000000        1.1600932621956224        690.59007944427651        1672.7121577333303     
   7.7199999999999998        1.1615979227172768        692.02615672960826        1675.7783147833159     
   7.7300000000000004        1.1631025832389315        693.46279905337747        1678.8463324197314     
   7.7400000000000002        1.1646072437605859        694.90000565202070        1681.9162089660356     
   7.7500000000000000        1.1661119042822403        696.33777576485579        1684.9879427490421     
   7.7599999999999998        1.1676165648038948        697.77610863405482        1688.0615320988964     
   7.7700000000000005        1.1691212253255494        699.21500350463759        1691.1369753490796     
   7.7800000000000002        1.1706258858472038        700.65445962444505        1694.2142708363851     
   7.7900000000000000        1.1721305463688583        702.09447624413212        1697.2934169009225     
   7.7999999999999998        1.1736352068905127        703.53505261714690        1700.3744118861009     
   7.8100000000000005        1.1751398674121676        704.97618799971622        1703.4572541386244     
   7.8200000000000003        1.1766445279338220        706.41788165082778        1706.5419420084775     
   7.8300000000000001        1.1781491884554764        707.86013283221746        1709.6284738489207     
   7.8399999999999999        1.1796538489771309        709.30294080835154        1712.7168480164796     
   7.8500000000000005        1.1811585094987855        710.74630484641068        1715.8070628709343     
   7.8600000000000003        1.1826631700204400        712.19022421627744        1718.8991167753152     
   7.8700000000000001        1.1841678305420944        713.63469819051704        1721.9930080958870     
   7.8799999999999999        1.1856724910637488        715.07972604436702        1725.0887352021489     
   7.8900000000000006        1.1871771515854035        716.52530705571610        1728.1862964668169     
   7.9000000000000004        1.1886818121070579        717.97144050509621        1731.2856902658198     
   7.9100000000000001        1.1901864726287124        719.41812567566058        1734.3869149782895     
   7.9199999999999999        1.1916911331503668        720.86536185317357        1737.4899689865479     
   7.9300000000000006        1.1931957936720214        722.31314832599583        1740.5948506761076     
   7.9400000000000004        1.1947004541936761        723.76148438506777        1743.7015584356534     
   7.9500000000000002        1.1962051147153305        725.21036932389609        1746.8100906570403     
   7.9600000000000000        1.1977097752369850        726.65980243854051        1749.9204457352807     
   7.9699999999999998        1.1992144357586394        728.10978302759781        1753.0326220685370     
   7.9800000000000004        1.2007190962802941        729.56031039218828        1756.1466180581131     
   7.9900000000000002        1.2022237568019485        731.01138383594218        1759.2624321084447     
   8.0000000000000000        1.2037284173236029        732.46300266498577        1762.3800626270931     
   8.0099999999999998        1.2052330778452574        733.91516618792673        1765.4995080247338     
   8.0199999999999996        1.2067377383669118        735.36787371584160        1768.6207667151509     
   8.0299999999999994        1.2082423988885662        736.82112456226116        1771.7438371152236     
   8.0400000000000009        1.2097470594102211        738.27491804315787        1774.8687176449271     
   8.0500000000000007        1.2112517199318755        739.72925347693104        1777.9954067273102     
   8.0600000000000005        1.2127563804535300        741.18413018439480        1781.1239027884990     
   8.0700000000000003        1.2142610409751844        742.63954748876392        1784.2542042576827     
   8.0800000000000001        1.2157657014968388        744.09550471564251        1787.3863095671070     
   8.0899999999999999        1.2172703620184935        745.55200119300810        1790.5202171520657     
   8.0999999999999996        1.2187750225401479        747.00903625120111        1793.6559254508911     
   8.1099999999999994        1.2202796830618023        748.46660922291096        1796.7934329049463     
   8.1200000000000010        1.2217843435834572        749.92471944316310        1799.9327379586166     
   8.1300000000000008        1.2232890041051117        751.38336624930673        1803.0738390593003     
   8.1400000000000006        1.2247936646267661        752.84254898100232        1806.2167346574056     
   8.1500000000000004        1.2262983251484205        754.30226698020886        1809.3614232063344     
   8.1600000000000001        1.2278029856700750        755.76251959117258        1812.5079031624800     
   8.1699999999999999        1.2293076461917294        757.22330616041063        1815.6561729852162     
   8.1799999999999997        1.2308123067133838        758.68462603670514        1818.8062311368915     
   8.1899999999999995        1.2323169672350383        760.14647857108548        1821.9580760828160     
   8.1999999999999993        1.2338216277566929        761.60886311681963        1825.1117062912610     
   8.2100000000000009        1.2353262882783476        763.07177902939952        1828.2671202334423     
   8.2200000000000006        1.2368309488000022        764.53522566653237        1831.4243163835190     
   8.2300000000000004        1.2383356093216566        765.99920238812501        1834.5832932185813     
   8.2400000000000002        1.2398402698433111        767.46370855627686        1837.7440492186465     
   8.2500000000000000        1.2413449303649655        768.92874353526292        1840.9065828666460     
   8.2599999999999998        1.2428495908866199        770.39430669152500        1844.0708926484176     
   8.2699999999999996        1.2443542514082744        771.86039739366299        1847.2369770527075     
   8.2799999999999994        1.2458589119299290        773.32701501241809        1850.4048345711476     
   8.2900000000000009        1.2473635724515837        774.79415892066345        1853.5744636982556     
   8.3000000000000007        1.2488682329732381        776.26182849339477        1856.7458629314294     
   8.3100000000000005        1.2503728934948926        777.73002310771824        1859.9190307709341     
   8.3200000000000003        1.2518775540165470        779.19874214283573        1863.0939657198937     
   8.3300000000000001        1.2533822145382014        780.66798498004050        1866.2706662842895     
   8.3399999999999999        1.2548868750598559        782.13775100270186        1869.4491309729492     
   8.3499999999999996        1.2563915355815103        783.60803959625321        1872.6293582975320     
   8.3599999999999994        1.2578961961031649        785.07885014818498        1875.8113467725341     
   8.3700000000000010        1.2594008566248198        786.55018204803127        1878.9950949152733     
   8.3800000000000008        1.2609055171464743        788.02203468736036        1882.1806012458767     
   8.3900000000000006        1.2624101776681287        789.49440745976233        1885.3678642872846     
   8.4000000000000004        1.2639148381897831        790.96729976084293        1888.5568825652358     
   8.4100000000000001        1.2654194987114376        792.44071098820677        1891.7476546082592     
   8.4199999999999999        1.2669241592330920        793.91464054145229        1894.9401789476683     
   8.4299999999999997        1.2684288197547464        795.38908782215856        1898.1344541175533     
   8.4399999999999995        1.2699334802764011        796.86405223387715        1901.3304786547769     
   8.4499999999999993        1.2714381407980555        798.33953318211832        1904.5282510989593     
   8.4600000000000009        1.2729428013197102        799.81553007434616        1907.7277699924762     
   8.4700000000000006        1.2744474618413646        801.29204231996482        1910.9290338804519     
   8.4800000000000004        1.2759521223630190        802.76906933030705        1914.1320413107474     
   8.4900000000000002        1.2774567828846735        804.24661051863052        1917.3367908339576     
   8.5000000000000000        1.2789614434063279        805.72466530010183        1920.5432810034004     
