   1.0000000000000000E-002   1.5034613560786184E-003   1.3154231306993251E-003   1.4148686558163091     
   2.0000000000000000E-002   3.0069227121572368E-003   4.0912443960756315E-003   2.8320270068922713     
   2.9999999999999999E-002   4.5103840682358554E-003   8.0194524161290789E-003   4.2508913092065210     
   4.0000000000000001E-002   6.0138454243144736E-003   1.2991030616256191E-002   5.6712500518317919     
   5.0000000000000003E-002   7.5173067803930918E-003   1.8900255567345363E-002   7.0929760081531184     
   5.9999999999999998E-002   9.0207681364717109E-003   2.5619347951313494E-002   8.5159703597842693     
   7.0000000000000007E-002   1.0524229492550330E-002   3.2972660138066059E-002   9.9401423972779952     
   8.0000000000000002E-002   1.2027690848628947E-002   4.0769605703279831E-002   11.365401233408868     
   8.9999999999999997E-002   1.3531152204707566E-002   4.8789854894793400E-002   12.791652914803928     
  0.10000000000000001        1.5034613560786184E-002   5.6822832978662106E-002   14.218800277338595     
  0.11000000000000000        1.6538074916864803E-002   6.4654457608852495E-002   15.646744189980067     
  0.12000000000000000        1.8041536272943422E-002   7.2101129610695688E-002   17.075385389954619     
  0.13000000000000000        1.9544997629022041E-002   7.8993474284841048E-002   18.504626419529657     
  0.14000000000000001        2.1048458985100660E-002   8.5203456725198884E-002   19.934373376051031     
  0.14999999999999999        2.2551920341179275E-002   9.0624366788236779E-002   21.364537327717279     
  0.16000000000000000        2.4055381697257894E-002   9.5190638358995314E-002   22.795035344433472     
  0.17000000000000001        2.5558843053336517E-002   9.8847854238296992E-002   24.225791155009077     
  0.17999999999999999        2.7062304409415133E-002  0.10157194588132412        25.656735476865162     
  0.19000000000000000        2.8565765765493748E-002  0.10337240559646331        27.087806079651685     
  0.20000000000000001        3.0069227121572367E-002  0.10425917932377921        28.518947646606417     
  0.20999999999999999        3.1572688477650983E-002  0.10425161063419976        29.950111492189020     
  0.22000000000000000        3.3076149833729605E-002  0.10340439811015420        31.381255185720477     
  0.23000000000000001        3.4579611189808228E-002  0.10175958559414432        32.812342120742976     
  0.23999999999999999        3.6083072545886843E-002   9.9355625763348152E-002   34.243341060319089     
  0.25000000000000000        3.7586533901965459E-002   9.6325913978068070E-002   35.674233332667526     
  0.26000000000000001        3.9089995258044082E-002   9.2633183230811766E-002   37.104984818868580     
  0.27000000000000002        4.0593456614122697E-002   8.8376433806744162E-002   38.535583198280229     
  0.28000000000000003        4.2096917970201320E-002   8.3612712011698981E-002   39.966014468461033     
  0.28999999999999998        4.3600379326279935E-002   7.8418120143199460E-002   41.396267922415404     
  0.29999999999999999        4.5103840682358551E-002   7.2854149137503724E-002   42.826335814136748     
  0.31000000000000000        4.6607302038437173E-002   6.6996037229760788E-002   44.256213054904777     
  0.32000000000000001        4.8110763394515789E-002   6.0884712272709071E-002   45.685896938998546     
  0.33000000000000002        4.9614224750594411E-002   5.4592070486052025E-002   47.115386896920896     
  0.34000000000000002        5.1117686106673034E-002   4.8183466324150721E-002   48.544684273882645     
  0.35000000000000003        5.2621147462751650E-002   4.1718466677146619E-002   49.973792131399584     
  0.35999999999999999        5.4124608818830265E-002   3.5255718010694763E-002   51.402715069751189     
  0.37000000000000000        5.5628070174908888E-002   2.8843387967053939E-002   52.831459069135207     
  0.38000000000000000        5.7131531530987496E-002   2.2556344702929946E-002   54.260031347625329     
  0.39000000000000001        5.8634992887066119E-002   1.6434214458086564E-002   55.688440234130574     
  0.40000000000000002        6.0138454243144734E-002   1.0548275420372321E-002   57.116695054641482     
  0.41000000000000003        6.1641915599223357E-002   4.9488009273961041E-003   58.544806030383675     
  0.41999999999999998        6.3145376955301966E-002  -3.3065544614160089E-004   59.972784186490806     
  0.42999999999999999        6.4648838311380588E-002  -5.2107299493407847E-003   61.400641270137292     
  0.44000000000000000        6.6152299667459211E-002  -9.6601817342641307E-003   62.828389676975057     
  0.45000000000000001        6.7655761023537833E-002  -1.3627201798716255E-002   64.256042385002146     
  0.46000000000000002        6.9159222379616456E-002  -1.7050309419134244E-002   65.683612895132370     
  0.47000000000000003        7.0662683735695078E-002  -1.9890010266171661E-002   67.111115177604646     
  0.47999999999999998        7.2166145091773687E-002  -2.2092320802735738E-002   68.538563623647136     
  0.48999999999999999        7.3669606447852296E-002  -2.3626479736005374E-002   69.965973001923743     
  0.50000000000000000        7.5173067803930918E-002  -2.4429208210142953E-002   71.393358419079249     
  0.51000000000000001        7.6676529160009541E-002  -2.4465651749655769E-002   72.820735284050244     
  0.52000000000000002        7.8179990516088163E-002  -2.3694357139119621E-002   74.248119275699437     
  0.53000000000000003        7.9683451872166786E-002  -2.2057296258094654E-002   75.675526313454966     
  0.54000000000000004        8.1186913228245394E-002  -1.9527682831133601E-002   77.102972530476990     
  0.55000000000000004        8.2690374584324017E-002  -1.6054487012033904E-002   78.530474249288261     
  0.56000000000000005        8.4193835940402639E-002  -1.1594448294431504E-002   79.958047959453040     
  0.57000000000000006        8.5697297296481262E-002  -6.1147068831970139E-003   81.385710297034052     
  0.57999999999999996        8.7200758652559870E-002   4.3373227739808691E-004   82.813478025840453     
  0.58999999999999997        8.8704220008638479E-002   8.0834748188413387E-003   84.241368019968604     
  0.59999999999999998        9.0207681364717102E-002   1.6872944788579855E-002   85.669397247795246     
  0.60999999999999999        9.1711142720795724E-002   2.6846611736488699E-002   87.097582757026885     
  0.62000000000000000        9.3214604076874347E-002   3.8037438681409005E-002   88.525941660816954     
  0.63000000000000000        9.4718065432952969E-002   5.0488354195748902E-002   89.954491124844978     
  0.64000000000000001        9.6221526789031578E-002   6.4228976619341849E-002   91.383248355116365     
  0.65000000000000002        9.7724988145110200E-002   7.9301356959244187E-002   92.812230586709731     
  0.66000000000000003        9.9228449501188823E-002   9.5734637375917545E-002   94.241455073016311     
  0.67000000000000004       0.10073191085726745       0.11356719542554437        95.670939075742510     
  0.68000000000000005       0.10223537221334607       0.13283068822665337        97.100699855443310     
  0.69000000000000006       0.10373883356942469       0.15356678011400848        98.530754662734054     
  0.70000000000000007       0.10524229492550330       0.17655197350319077        100.05430408949769     
  0.70999999999999996       0.10674575628158191       0.19994607874554510        101.48633760754632     
  0.71999999999999997       0.10824921763766053       0.22512940948205318        102.91871314682344     
  0.72999999999999998       0.10975267899373915       0.25217937701566573        104.35145130547876     
  0.73999999999999999       0.11125614034981778       0.28112295122244335        105.78457283355583     
  0.75000000000000000       0.11275960170589638       0.31200242859870309        107.21809858889127     
  0.76000000000000001       0.11426306306197499       0.34487292566397210        108.65204923158920     
  0.77000000000000002       0.11576652441805362       0.37975865580671730        110.08644556024406     
  0.78000000000000003       0.11726998577413224       0.41670898134086837        111.52130823903167     
  0.79000000000000004       0.11877344713021085       0.45572680298519119        112.95665783974133     
  0.80000000000000004       0.12027690848628947       0.49687867301356392        114.39251482695093     
  0.81000000000000005       0.12178036984236809       0.54017930958611904        115.82889954663582     
  0.82000000000000006       0.12328383119844671       0.58566357901482002        117.26583221742231     
  0.83000000000000007       0.12478729255452534       0.63334949939951113        118.70333292400854     
  0.83999999999999997       0.12629075391060393       0.68327204208481063        120.14142161252488     
  0.84999999999999998       0.12779421526668255       0.73546549852332233        121.58011808724859     
  0.85999999999999999       0.12929767662276118       0.78996237794552926        123.01944200896622     
  0.87000000000000000       0.13080113797883980       0.84676433207325552        124.45941289432682     
  0.88000000000000000       0.13230459933491842       0.90590237288751418        125.90005011623205     
  0.89000000000000001       0.13380806069099704       0.96742582424438717        127.34137290534055     
  0.90000000000000002       0.13531152204707567        1.0313463667750091        128.78340035216078     
  0.91000000000000003       0.13681498340315429        1.0976932575006135        130.22615140995788     
  0.92000000000000004       0.13831844475923291        1.1664864761561458        131.66964489825449     
  0.93000000000000005       0.13982190611531151        1.2377439571742661        133.11389950684193     
  0.94000000000000006       0.14132536747139016        1.3115058329142564        134.55893380037438     
  0.95000000000000007       0.14282882882746875        1.3878093471807078        136.00476622311402     
  0.95999999999999996       0.14433229018354737        1.4666522038691934        137.45141510425134     
  0.96999999999999997       0.14583575153962600        1.5480743671500086        138.89889866335341     
  0.97999999999999998       0.14733921289570459        1.6321059604854495        140.34723501619243     
  0.98999999999999999       0.14884267425178324        1.7187698901814485        141.79644218046698     
   1.0000000000000000       0.15034613560786184        1.8080817471776229        143.24653808204670     
   1.0100000000000000       0.15184959696394046        1.9000843395878575        144.69754056092103     
   1.0200000000000000       0.15335305832001908        1.9948161636321595        146.14946737746718     
   1.0300000000000000       0.15485651967609768        2.0922769536665071        147.60233621875417     
   1.0400000000000000       0.15635998103217633        2.1925013937411539        149.05616470455962     
   1.0500000000000000       0.15786344238825492        2.2955455979579504        150.51097039375000     
   1.0600000000000001       0.15936690374433357        2.4014062738123703        151.96677079032315     
   1.0700000000000001       0.16087036510041217        2.5101371318335159        153.42358334936586     
   1.0800000000000001       0.16237382645649079        2.6217451391732598        154.88142548320943     
   1.0900000000000001       0.16387728781256941        2.7362904947978302        156.34031456701780     
   1.1000000000000001       0.16538074916864803        2.8537679442969712        157.80026794469606     
   1.1100000000000001       0.16688421052472666        2.9742477456715379        159.26130293434241     
   1.1200000000000001       0.16838767188080528        3.0977376297607928        160.72343683352963     
   1.1300000000000001       0.16989113323688387        3.2242926963052438        162.18668692469885     
   1.1400000000000001       0.17139459459296252        3.3539186922319861        163.65107048004535     
   1.1500000000000001       0.17289805594904112        3.4866670323075462        165.11660476639889     
   1.1599999999999999       0.17440151730511974        3.6225762548703941        166.58330704969586     
   1.1699999999999999       0.17590497866119834        3.7616565999206970        168.05119459957439     
   1.1799999999999999       0.17740844001727696        3.9039756257753804        169.52028443483536     
   1.1899999999999999       0.17891190137335558        4.0495617423574881        170.99059438903603     
   1.2000000000000000       0.18041536272943420        4.1984362512124322        172.46214147959887     
   1.2100000000000000       0.18191882408551283        4.3506415621447436        173.93494302985508     
   1.2200000000000000       0.18342228544159145        4.5062139613870942        175.40901638521018     
   1.2300000000000000       0.18492574679767004        4.6652072140787322        176.88437891615516     
   1.2400000000000000       0.18642920815374869        4.8276449302472297        178.36104802103219     
   1.2500000000000000       0.18793266950982729        4.9935752485917497        179.83904112835296     
   1.2600000000000000       0.18943613086590594        5.1630296648503009        181.31837569925108     
   1.2700000000000000       0.19093959222198453        5.3360535919152721        182.79906922929092     
   1.2800000000000000       0.19244305357806316        5.5126598710471511        184.28113925025633     
   1.2900000000000000       0.19394651493414178        5.6929394824460982        185.76460333143532     
   1.3000000000000000       0.19544997629022040        5.8768927107429176        187.24947908106171     
   1.3100000000000001       0.19695343764629902        6.0645705589630223        188.73578414708766     
   1.3200000000000001       0.19845689900237765        6.2560172179081128        190.22353621790720     
   1.3300000000000001       0.19996036035845624        6.4512740319721456        191.71275302282706     
   1.3400000000000001       0.20146382171453489        6.6503823278869589        193.20345233206498     
   1.3500000000000001       0.20296728307061349        6.8533872925552322        194.69565195693804     
   1.3600000000000001       0.20447074442669214        7.0602950402192413        196.18936974936179     
   1.3700000000000001       0.20597420578277073        7.2711854607047481        197.68462360132506     
   1.3800000000000001       0.20747766713884938        7.4861116649830164        199.18143144412372     
   1.3900000000000001       0.20898112849492798        7.7050513902760960        200.67981124712097     
   1.4000000000000001       0.21048458985100660        7.9281237337438579        202.17978101674433     
   1.4099999999999999       0.21198805120708519        8.1553131810205226        203.68135879478004     
   1.4199999999999999       0.21349151256316382        8.3866906889287787        205.18456265667731     
   1.4299999999999999       0.21499497391924241        8.6222941330216987        206.68941070963473     
   1.4399999999999999       0.21649843527532106        8.8621217514598225        208.19592109021852     
   1.4500000000000000       0.21800189663139966        9.1062770244829832        209.70411196227531     
   1.4600000000000000       0.21950535798747831        9.3547580763452736        211.21400151419007     
   1.4700000000000000       0.22100881934355690        9.6076130670401128        212.72560795593219     
   1.4800000000000000       0.22251228069963555        9.8649100279302004        214.23894951639096     
   1.4900000000000000       0.22401574205571415        10.126624024271795        215.75404443999687     
   1.5000000000000000       0.22551920341179277        10.392857394405777        217.27091098348691     
   1.5100000000000000       0.22702266476787139        10.663602585666663        218.78956741216794     
   1.5200000000000000       0.22852612612394999        10.938926865444893        220.31003199657710     
   1.5300000000000000       0.23002958748002861        11.218848678936070        221.83232300848937     
   1.5400000000000000       0.23153304883610723        11.503422200214555        223.35645871676783     
   1.5500000000000000       0.23303651019218585        11.792651081109373        224.88245779422201     
   1.5600000000000001       0.23453997154826448        12.086602302927295        226.41033771086953     
   1.5700000000000001       0.23604343290434310        12.385300795854096        227.94011707418369     
   1.5800000000000001       0.23754689426042169        12.688780016721617        229.47181409985922     
   1.5900000000000001       0.23905035561650034        12.997051195306838        231.00544697911960     
   1.6000000000000001       0.24055381697257894        13.310146793764975        232.54103387386999     
   1.6100000000000001       0.24205727832865759        13.628133347006909        234.07859291233481     
   1.6200000000000001       0.24356073968473618        13.951023135093422        235.61814218406286     
   1.6300000000000001       0.24506420104081483        14.278822980788533        237.15969973485778     
   1.6400000000000001       0.24656766239689343        14.611593352647978        238.70328356224314     
   1.6500000000000001       0.24807112375297205        14.949355932650755        240.24891161030257     
   1.6600000000000001       0.24957458510905067        15.292084140285137        241.79660176447513     
   1.6699999999999999       0.25107804646512927        15.639891323661596        243.34637184700310     
   1.6799999999999999       0.25258150782120786        15.992726937844656        244.89823961134903     
   1.6899999999999999       0.25408496917728651        16.350673329318905        246.45222273770597     
   1.7000000000000000       0.25558843053336511        16.713698179903904        248.00833882739764     
   1.7100000000000000       0.25709189188944376        17.081827153589639        249.56660539835167     
   1.7200000000000000       0.25859535324552235        17.455114571615841        251.12703987988610     
   1.7300000000000000       0.26009881460160100        17.833559842215934        252.68965960751987     
   1.7400000000000000       0.26160227595767960        18.217190485056523        254.25448181855751     
   1.7500000000000000       0.26310573731375825        18.606019329006127        255.82152364661715     
   1.7600000000000000       0.26460919866983684        19.000016328130616        257.39080211740907     
   1.7700000000000000       0.26611266002591549        19.399262343729482        258.96233414336859     
   1.7800000000000000       0.26761612138199409        19.803745247109170        260.53613651958949     
   1.7900000000000000       0.26911958273807268        20.213441755831763        262.11222591859342     
   1.8000000000000000       0.27062304409415133        20.628428576039962        263.69061888644455     
   1.8100000000000001       0.27212650545022993        21.048653825077675        265.27133183768615     
   1.8200000000000001       0.27362996680630858        21.474144494485547        266.85438105166202     
   1.8300000000000001       0.27513342816238717        21.904951323240255        268.43978266764424     
   1.8400000000000001       0.27663688951846582        22.340979393869947        270.02755268138799     
   1.8500000000000001       0.27814035087454442        22.782331149392050        271.61770694047033     
   1.8600000000000001       0.27964381223062301        23.228978777005697        273.21026114109952     
   1.8700000000000001       0.28114727358670166        23.680912457866903        274.80523082368660     
   1.8800000000000001       0.28265073494278031        24.138120286779181        276.40263136992451     
   1.8900000000000001       0.28415419629885891        24.600614174351591        278.00247799860836     
   1.9000000000000001       0.28565765765493750        25.068430148251888        279.60478576300113     
   1.9100000000000001       0.28716111901101610        25.541541833746319        281.20956954691627     
   1.9199999999999999       0.28866458036709475        26.019914394690961        282.81684406237855     
   1.9299999999999999       0.29016804172317334        26.503538664515400        284.42662384598140     
   1.9399999999999999       0.29167150307925199        26.992494761641709        286.03892325685229     
   1.9500000000000000       0.29317496443533059        27.486669700844807        287.65375647328909     
   1.9600000000000000       0.29467842579140918        27.986152290182901        289.27113749103847     
   1.9700000000000000       0.29618188714748783        28.490832399641221        290.89108012031284     
   1.9800000000000000       0.29768534850356648        29.000771007512935        292.51359798389450     
   1.9900000000000000       0.29918880985964508        29.515951292705811        294.13870451541646     
   2.0000000000000000       0.30069227121572367        30.036353847253402        295.76641295679622     
   2.0100000000000002       0.30219573257180232        30.561931858853473        297.39673635730884     
   2.0200000000000000       0.30369919392788092        31.092704538326117        299.02968757120749     
   2.0300000000000002       0.30520265528395957        31.628718232491238        300.66527925710739     
   2.0400000000000000       0.30670611664003816        32.169824290187663        302.30352387588465     
   2.0499999999999998       0.30820957799611676        32.716083063671753        303.94443369036446     
   2.0600000000000001       0.30971303935219535        33.267499952126222        305.58802076349343     
   2.0699999999999998       0.31121650070827400        33.824009235576206        307.23429695832272     
   2.0800000000000001       0.31271996206435265        34.385628402300632        308.88327393655408     
   2.0899999999999999       0.31422342342043125        34.952296773635688        310.53496315826681     
   2.1000000000000001       0.31572688477650984        35.524035067721250        312.18937588180722     
   2.1099999999999999       0.31723034613258844        36.100821924869322        313.84652316269552     
   2.1200000000000001       0.31873380748866714        36.682604060592567        315.50641585432112     
   2.1299999999999999       0.32023726884474574        37.269406597992678        317.16906460698038     
   2.1400000000000001       0.32174073020082433        37.861139197007503        318.83447986882885     
   2.1499999999999999       0.32324419155690293        38.457825680450462        320.50267188514420     
   2.1600000000000001       0.32474765291298158        39.059499837813789        322.17365069952280     
   2.1699999999999999       0.32625111426906023        39.665987213959760        323.84742615347079     
   2.1800000000000002       0.32775457562513882        40.277377422310899        325.52400788724117     
   2.1899999999999999       0.32925803698121742        40.893637566793508        327.20340534080566     
   2.2000000000000002       0.33076149833729607        41.514717521762336        328.88562775371491     
   2.2100000000000000       0.33226495969337466        42.140579807324343        330.57068416686468     
   2.2200000000000002       0.33376842104945331        42.771268325804662        332.25858342241122     
   2.2300000000000000       0.33527188240553191        43.406663467742135        333.94933416573355     
   2.2400000000000002       0.33677534376161056        44.046790608165907        335.64294484550624     
   2.2500000000000000       0.33827880511768915        44.691552732326727        337.33942371584277     
   2.2600000000000002       0.33978226647376775        45.341098896902409        339.03877883651126     
   2.2700000000000000       0.34128572782984640        45.995216532307694        340.74101807524261     
   2.2800000000000002       0.34278918918592505        46.653991327113857        342.44614910807547     
   2.2900000000000000       0.34429265054200364        47.317293243173992        344.15417942181608     
   2.3000000000000003       0.34579611189808224        47.985169339248188        345.86511631449520     
   2.3100000000000001       0.34729957325416083        48.657609940837553        347.57896689796706     
   2.3199999999999998       0.34880303461023948        49.334481726221448        349.29573809846414     
   2.3300000000000001       0.35030649596631813        50.015923725290676        351.01543665932144     
   2.3399999999999999       0.35180995732239667        50.701681427128968        352.73806914161526     
   2.3500000000000001       0.35331341867847532        51.391962115162286        354.46364192699929     
   2.3599999999999999       0.35481688003455392        52.086525867700992        356.19216121841458     
   2.3700000000000001       0.35632034139063262        52.785567996300038        357.92363304302620     
   2.3799999999999999       0.35782380274671116        53.488847786895704        359.65806325298917     
   2.3900000000000001       0.35932726410278981        54.196394854608819        361.39545752847465     
   2.3999999999999999       0.36083072545886841        54.908280344192690        363.13582137848226     
   2.4100000000000001       0.36233418681494706        55.624385332359687        364.87916014394085     
   2.4199999999999999       0.36383764817102565        56.344663948754167        366.62547899855821     
   2.4300000000000002       0.36534110952710430        57.069140632013692        368.37478295198707     
   2.4399999999999999       0.36684457088318290        57.797785020393924        370.12707685069677     
   2.4500000000000002       0.36834803223926155        58.530555838155351        371.88236538119901     
   2.4600000000000000       0.36985149359534009        59.267395301569962        373.64065307093085     
   2.4700000000000002       0.37135495495141879        60.008253681678170        375.40194429152990     
   2.4800000000000000       0.37285841630749739        60.753189549667894        377.16624325971969     
   2.4900000000000002       0.37436187766357604        61.502126036506127        378.93355404062584     
   2.5000000000000000       0.37586533901965458        62.255033154757356        380.70388054865595     
   2.5100000000000002       0.37736880037573323        63.011904618002170        382.47722655084868     
   2.5200000000000000       0.37887226173181188        63.772637600083193        384.25359566773909     
   2.5300000000000002       0.38037572308789053        64.537246794846709        386.03299137657518     
   2.5400000000000000       0.38187918444396907        65.305778183050776        387.81541701295953     
   2.5500000000000003       0.38338264580004772        66.078062948717402        389.60087577248697     
   2.5600000000000001       0.38488610715612631        66.854264401999728        391.38937071396867     
   2.5699999999999998       0.38638956851220491        67.634085818183848        393.18090476025378     
   2.5800000000000001       0.38789302986828356        68.417750705819429        394.97548070162293     
   2.5899999999999999       0.38939649122436215        69.205075436147752        396.77310119657159     
   2.6000000000000001       0.39089995258044080        69.996115733621451        398.57376877504441     
   2.6099999999999999       0.39240341393651934        70.790821897668408        400.37748584001315     
   2.6200000000000001       0.39390687529259805        71.589135401498183        402.18425466903466     
   2.6299999999999999       0.39541033664867664        72.391095976140974        403.99407741747228     
   2.6400000000000001       0.39691379800475529        73.196565444686897        405.80695611918281     
   2.6499999999999999       0.39841725936083383        74.005643033781070        407.62289268989974     
   2.6600000000000001       0.39992072071691248        74.818178607561606        409.44188892786417     
   2.6699999999999999       0.40142418207299113        75.634243469228167        411.26394651702952     
   2.6800000000000002       0.40292764342906978        76.453773562264502        413.08906702851579     
   2.6899999999999999       0.40443110478514832        77.276801394547945        414.91725192203802     
   2.7000000000000002       0.40593456614122697        78.103130515530381        416.74850254908336     
   2.7100000000000000       0.40743802749730557        78.932916963199588        418.58282015340779     
   2.7200000000000002       0.40894148885338427        79.766062809147684        420.42020587419603     
   2.7300000000000000       0.41044495020946281        80.602546363490333        422.26066074740760     
   2.7400000000000002       0.41194841156554146        81.442303133385735        424.10418570709015     
   2.7500000000000000       0.41345187292162006        82.285422462852011        425.95078158832109     
   2.7600000000000002       0.41495533427769876        83.131730016141731        427.80044912848359     
   2.7700000000000000       0.41645879563377730        83.981278670972145        429.65318896851221     
   2.7800000000000002       0.41796225698985595        84.834083861132754        431.50900165578781     
   2.7900000000000000       0.41946571834593455        85.690082257145789        433.36788764534191     
   2.8000000000000003       0.42096917970201320        86.549175814460568        435.22984730102951     
   2.8100000000000001       0.42247264105809174        87.411491496134431        437.09488089856876     
   2.8199999999999998       0.42397610241417039        88.276875105085580        438.96298862571200     
   2.8300000000000001       0.42547956377024904        89.145396808910419        440.83417058526351     
   2.8399999999999999       0.42698302512632763        90.016924925973029        442.70842679615407     
   2.8500000000000001       0.42848648648240623        90.891426485164203        444.58575719447953     
   2.8599999999999999       0.42998994783848482        91.769084957736368        446.46616163628420     
   2.8700000000000001       0.43149340919456353        92.649707152429798        448.34963989855839     
   2.8799999999999999       0.43299687055064212        93.533284092328188        450.23619168019815     
   2.8900000000000001       0.43450033190672072        94.419807207997565        452.12581660474382     
   2.8999999999999999       0.43600379326279931        95.309287510574890        454.01851422129965     
   2.9100000000000001       0.43750725461887802        96.201715250995818        455.91428400541554     
   2.9199999999999999       0.43901071597495661        97.096947452753994        457.81312536177978     
   2.9300000000000002       0.44051417733103521        97.995099523406168        459.71503762485594     
   2.9399999999999999       0.44201763868711380        98.896027237648440        461.62002006072055     
   2.9500000000000002       0.44352110004319245        99.799863199934151        463.52807186764255     
   2.9600000000000000       0.44502456139927110        100.70644976895353        465.43919217870956     
   2.9700000000000002       0.44652802275534970        101.61593221067980        467.35338006257126     
   2.9800000000000000       0.44803148411142829        102.52796959763263        469.27063452414728     
   2.9900000000000002       0.44953494546750694        103.44291279950062        471.19095450720988     
   3.0000000000000000       0.45103840682358554        104.36052287408701        473.11433889505486     
   3.0100000000000002       0.45254186817966413        105.28083123692390        475.04078651112849     
   3.0200000000000000       0.45404532953574278        106.20386041060753        476.97029612157633     
   3.0300000000000002       0.45554879089182143        107.12950600293436        478.90286643561689     
   3.0400000000000000       0.45705225224789997        108.05784577265260        480.83849610719159     
   3.0500000000000003       0.45855571360397862        108.98879058261885        482.77718373528273     
   3.0600000000000001       0.46005917496005722        109.92227357788170        484.71892786640473     
   3.0700000000000003       0.46156263631613592        110.85834224667573        486.66372699510367     
   3.0800000000000001       0.46306609767221446        111.79706759623178        488.61157956441758     
   3.0899999999999999       0.46456955902829306        112.73825111457573        490.56248396833672     
   3.1000000000000001       0.46607302038437171        113.68202920539737        492.51643855200138     
   3.1099999999999999       0.46757648174045030        114.62835785599754        494.47344161323355     
   3.1200000000000001       0.46907994309652895        115.57722025448541        496.43349140268202     
   3.1299999999999999       0.47058340445260755        116.52839324506954        498.39658612623236     
   3.1400000000000001       0.47208686580868620        117.48213728913495        500.36272394511616     
   3.1499999999999999       0.47359032716476479        118.43833010081065        502.33190297737235     
   3.1600000000000001       0.47509378852084339        119.39683264027806        504.30412129790636     
   3.1699999999999999       0.47659724987692204        120.35793522021690        506.27937694085364     
   3.1800000000000002       0.47810071123300069        121.32125917363493        508.25766789959744     
   3.1899999999999999       0.47960417258907928        122.28708068490955        510.23899212817571     
   3.2000000000000002       0.48110763394515788        123.25517889050799        512.22334754124438     
   3.2100000000000000       0.48261109530123647        124.22561856361560        514.21073201640752     
   3.2200000000000002       0.48411455665731518        125.19844014767291        516.20114339414704     
   3.2300000000000000       0.48561801801339377        126.17350143077256        518.19457947917238     
   3.2400000000000002       0.48712147936947237        127.15091144766411        520.19103804029874     
   3.2500000000000000       0.48862494072555096        128.13053581867996        522.19051681274607     
   3.2600000000000002       0.49012840208162967        129.11255834706355        524.19301349798127     
   3.2700000000000000       0.49163186343770826        130.09673237597394        526.19852576501967     
   3.2800000000000002       0.49313532479378686        131.08323788546019        528.20705125021800     
   3.2900000000000000       0.49463878614986545        132.07191144018174        530.21858755954543     
   3.3000000000000003       0.49614224750594410        133.06275059926176        532.23313226834784     
   3.3100000000000001       0.49764570886202275        134.05587830808051        534.25068292234437     
   3.3200000000000003       0.49914917021810135        135.05105370454007        536.27123703861241     
   3.3300000000000001       0.50065263157417994        136.04837814241773        538.29479210529405     
   3.3399999999999999       0.50215609293025854        137.04796238803468        540.32134558382484     
   3.3500000000000001       0.50365955428633724        138.04968066793450        542.35089490860707     
   3.3599999999999999       0.50516301564241572        139.05342724730735        544.38343748794716     
   3.3700000000000001       0.50666647699849443        140.05940825910551        546.41896853264575     
   3.3799999999999999       0.50816993835457303        141.06732437390775        548.45748975999231     
   3.3900000000000001       0.50967339971065173        142.07736403003980        550.49899631674077     
   3.3999999999999999       0.51117686106673021        143.08960217518046        552.54348551333942     
   3.4100000000000001       0.51268032242280892        144.10381131196090        554.59095463734695     
   3.4199999999999999       0.51418378377888752        145.12010230427100        556.64140095430116     
   3.4300000000000002       0.51568724513496611        146.13837469246448        558.69482170724802     
   3.4399999999999999       0.51719070649104470        147.15855317299889        560.75121411891996     
   3.4500000000000002       0.51869416784712341        148.18084606536885        562.81057539124345     
   3.4600000000000000       0.52019762920320201        149.20520450087403        564.87290270616234     
   3.4700000000000002       0.52170109055928060        150.23140061625452        566.93819322646073     
   3.4800000000000000       0.52320455191535920        151.25969168869938        569.00644409520930     
   3.4900000000000002       0.52470801327143790        152.28978979680952        571.07765243793142     
   3.5000000000000000       0.52621147462751650        153.32187549809993        573.15181536202613     
   3.5100000000000002       0.52771493598359509        154.35601121375947        575.22892995755058     
   3.5200000000000000       0.52921839733967369        155.39197186390774        577.30899329771512     
   3.5300000000000002       0.53072185869575228        156.42979751290491        579.39200243965422     
   3.5400000000000000       0.53222532005183099        157.46950468856645        581.47795442378072     
   3.5500000000000003       0.53372878140790958        158.51122929166760        583.56684627593779     
   3.5600000000000001       0.53523224276398818        159.55472810506569        585.65867500673494     
   3.5700000000000003       0.53673570412006677        160.60015954304478        587.75343761228157     
   3.5800000000000001       0.53823916547614536        161.64737941907225        589.85113107491304     
   3.5899999999999999       0.53974262683222396        162.69646108915640        591.95175236247553     
   3.6000000000000001       0.54124608818830267        163.74743575825133        594.05529843047645     
   3.6099999999999999       0.54274954954438126        164.80007593984143        596.16176622134481     
   3.6200000000000001       0.54425301090045985        165.85461620927759        598.27115266513238     
   3.6299999999999999       0.54575647225653845        166.91106788581527        600.38345467990996     
   3.6400000000000001       0.54725993361261716        167.96915236576521        602.49866917215934     
   3.6499999999999999       0.54876339496869575        169.02903699645697        604.61679303745234     
   3.6600000000000001       0.55026685632477434        170.09064146089796        606.73782315964763     
   3.6699999999999999       0.55177031768085294        171.15425633598753        608.86175641302748     
   3.6800000000000002       0.55327377903693165        172.21922999298107        610.98858966148055     
   3.6899999999999999       0.55477724039301013        173.28624686328698        613.11831975915106     
   3.7000000000000002       0.55628070174908884        174.35481733520442        615.25094355078420     
   3.7100000000000000       0.55778416310516743        175.42506502168490        617.38645787237056     
   3.7200000000000002       0.55928762446124602        176.49729016818708        619.52485955026498     
   3.7300000000000000       0.56079108581732462        177.57099934596894        621.66614540333535     
   3.7400000000000002       0.56229454717340333        178.64635435730844        623.81031224206640     
   3.7500000000000000       0.56379800852948192        179.72357706270816        625.95735686917772     
   3.7600000000000002       0.56530146988556063        180.80232665632880        628.10727607993090     
   3.7700000000000000       0.56680493124163911        181.88283445824928        630.26006666243018     
   3.7800000000000002       0.56830839259771782        182.96491793504757        632.41572539822948     
   3.7900000000000000       0.56981185395379641        184.04866526130976        634.57424906137180     
   3.8000000000000003       0.57131531530987500        185.13404352546516        636.73563442054785     
   3.8100000000000001       0.57281877666595360        186.22116842059850        638.89987823812100     
   3.8200000000000003       0.57432223802203219        187.30973449309010        641.06697727071457     
   3.8300000000000001       0.57582569937811079        188.39997352351619        643.23692826947456     
   3.8399999999999999       0.57732916073418949        189.49185377005134        645.40972798033215     
   3.8500000000000001       0.57883262209026809        190.58541924160585        647.58537314426053     
   3.8599999999999999       0.58033608344634668        191.68042240310390        649.76386049784276     
   3.8700000000000001       0.58183954480242539        192.77705896140458        651.94518677223357     
   3.8799999999999999       0.58334300615850398        193.87514743973611        654.12934869532774     
   3.8900000000000001       0.58484646751458258        194.97490391009700        656.31634299070868     
   3.8999999999999999       0.58634992887066117        196.07612037167999        658.50616637820167     
   3.9100000000000001       0.58785339022673977        197.17908142067654        660.69881557409599     
   3.9199999999999999       0.58935685158281836        198.28332498362585        662.89428729136978     
   3.9300000000000002       0.59086031293889696        199.38932146264801        665.09257823990401     
   3.9399999999999999       0.59236377429497566        200.49672876587303        667.29368512702615     
   3.9500000000000002       0.59386723565105437        201.60572266722951        669.49760465639008     
   3.9600000000000000       0.59537069700713297        202.71613447649645        671.70433353017165     
   3.9700000000000002       0.59687415836321156        203.82807532466097        673.91386844794010     
   3.9800000000000000       0.59837761971929015        204.94137019193872        676.12620610718295     
   3.9900000000000002       0.59988108107536875        206.05642141954559        678.34134320349813     
   4.0000000000000000       0.60138454243144734        207.17273736087634        680.55927643077905     
   4.0099999999999998       0.60288800378752594        208.29064596317542        682.78000248140097     
   4.0200000000000005       0.60439146514360464        209.41001717866732        685.00351804639638     
   4.0300000000000002       0.60589492649968335        210.53076498002395        687.22981981597457     
   4.0400000000000000       0.60739838785576183        211.65308562541887        689.45890447832016     
   4.0499999999999998       0.60890184921184043        212.77661893446171        691.69076872182200     
   4.0600000000000005       0.61040531056791913        213.90181030301139        693.92540923386332     
   4.0700000000000003       0.61190877192399773        215.02813279790593        696.16282270132456     
   4.0800000000000001       0.61341223328007632        216.15625866514210        698.40300581074302     
   4.0899999999999999       0.61491569463615492        217.28561570957700        700.64595524846709     
   4.0999999999999996       0.61641915599223351        218.41643488417409        702.89166770080624     
   4.1100000000000003       0.61792261734831222        219.54858632661021        705.14013985417796     
   4.1200000000000001       0.61942607870439070        220.68216041769821        707.39136839525304     
   4.1299999999999999       0.62092954006046930        221.81701156463055        709.64535001145498     
   4.1399999999999997       0.62243300141654800        222.95345553829873        711.90208138967080     
   4.1500000000000004       0.62393646277262671        224.09124055708321        714.16155921852476     
   4.1600000000000001       0.62543992412870530        225.23026310285579        716.42378018708632     
   4.1699999999999999       0.62694338548478390        226.37064587674689        718.68874098535707     
   4.1799999999999997       0.62844684684086249        227.51246950324105        720.95643830439360     
   4.1900000000000004       0.62995030819694120        228.65571145920080        723.22686883643860     
   4.2000000000000002       0.63145376955301968        229.80030387814767        725.50002927503328     
   4.2100000000000000       0.63295723090909828        230.94604158806300        727.77591631514417     
   4.2199999999999998       0.63446069226517687        232.09325866386530        730.05452665327505     
   4.2300000000000004       0.63596415362125569        233.24165873416871        732.33585698758247     
   4.2400000000000002       0.63746761497733428        234.39154954624729        734.61990401835396     
   4.2500000000000000       0.63897107633341288        235.54276647604274        736.90666444664009     
   4.2599999999999998       0.64047453768949147        236.69499215700446        739.19613497657849     
   4.2700000000000005       0.64197799904557018        237.84881252891077        741.48831231401959     
   4.2800000000000002       0.64348146040164866        239.00383861382133        743.78319316699628     
   4.2900000000000000       0.64498492175772726        240.16015674772416        746.08077424582461     
   4.2999999999999998       0.64648838311380585        241.31768138395736        748.38105226320181     
   4.3100000000000005       0.64799184446988456        242.47667494913051        750.68402393429665     
   4.3200000000000003       0.64949530582596315        243.63697443649428        752.98968597684882     
   4.3300000000000001       0.65099876718204186        244.79838203597288        755.29803511125374     
   4.3399999999999999       0.65250222853812045        245.96110973531287        757.60906806065611     
   4.3500000000000005       0.65400568989419916        247.12517431418598        759.92278155103190     
   4.3600000000000003       0.65550915125027764        248.29029530318417        762.23917231166320     
   4.3700000000000001       0.65701261260635624        249.45691634465950        764.55823707367517     
   4.3799999999999999       0.65851607396243483        250.62463698225795        766.87997257243012     
   4.3899999999999997       0.66001953531851343        251.79349986667251        769.20437554606804     
   4.4000000000000004       0.66152299667459213        252.96385207351145        771.53144273596592     
   4.4100000000000001       0.66302645803067073        254.13531044723877        773.86117088681192     
   4.4199999999999999       0.66452991938674932        255.30783016315354        776.19355674668316     
   4.4299999999999997       0.66603338074282781        256.48165100864196        778.52859706711456     
   4.4400000000000004       0.66753684209890662        257.65694440853446        780.86628860317012     
   4.4500000000000002       0.66904030345498522        258.83310101498574        783.20662811351110     
   4.4600000000000000       0.67054376481106381        260.01057739061793        785.54961236046086     
   4.4699999999999998       0.67204722616714241        261.18940603914911        787.89523811007518     
   4.4800000000000004       0.67355068752322111        262.36938016076800        790.24350213220009     
   4.4900000000000002       0.67505414887929971        263.55038138899965        792.59440120094087     
   4.5000000000000000       0.67655761023537830        264.73262410514980        794.94793209310978     
   4.5099999999999998       0.67806107159145679        265.91600811117092        797.30409159070325     
   4.5200000000000005       0.67956453294753549        267.10072268607729        799.66287647934632     
   4.5300000000000002       0.68106799430361420        268.28652813791490        802.02428354875315     
   4.5400000000000000       0.68257145565969279        269.47362114561469        804.38830959278278     
   4.5499999999999998       0.68407491701577139        270.66164185898236        806.75495140949056     
   4.5600000000000005       0.68557837837185009        271.85098254071420        809.12420580118157     
   4.5700000000000003       0.68708183972792869        273.04140603644737        811.49606957446247     
   4.5800000000000001       0.68858530108400728        274.23304174729606        813.87053954028977     
   4.5899999999999999       0.69008876244008577        275.42588355965870        816.24761251401583     
   4.6000000000000005       0.69159222379616447        276.61964217890653        818.62728531544110     
   4.6100000000000003       0.69309568515224307        277.81463497882538        821.00955476885736     
   4.6200000000000001       0.69459914650832166        279.01111216437738        823.39441770309190     
   4.6299999999999999       0.69610260786440037        280.20829645608484        825.78187095154988     
   4.6399999999999997       0.69760606922047896        281.40657488597753        828.17191135268411     
   4.6500000000000004       0.69910953057655767        282.60624292210957        830.56453574834154     
   4.6600000000000001       0.70061299193263626        283.80666106357495        832.95974098633712     
   4.6699999999999999       0.70211645328871475        285.00865143560475        835.35752391881044     
   4.6799999999999997       0.70361991464479334        286.21132848241746        837.75788140267741     
   4.6900000000000004       0.70512337600087205        287.41533937597751        840.16081029967381     
   4.7000000000000002       0.70662683735695064        288.62026656342306        842.56630747638644     
   4.7100000000000000       0.70813029871302924        289.82671567150351        844.97436980429143     
   4.7199999999999998       0.70963376006910783        291.03389395621377        847.38499415978595     
   4.7300000000000004       0.71113722142518665        292.24244852271568        849.79817742422290     
   4.7400000000000002       0.71264068278126524        293.45129040346694        852.21391648394365     
   4.7500000000000000       0.71414414413734373        294.66224975148691        854.63220823030281     
   4.7599999999999998       0.71564760549342232        295.87375411119024        857.05304955970973     
   4.7700000000000005       0.71715106684950103        297.08614264908664        859.47643737364524     
   4.7800000000000002       0.71865452820557962        298.30014455351403        861.90236857870013     
   4.7900000000000000       0.72015798956165822        299.51484129293823        864.33084008659785     
   4.7999999999999998       0.72166145091773681        300.73079557976553        866.76184881422080     
   4.8100000000000005       0.72316491227381552        301.94757138666807        869.19539168363860     
   4.8200000000000003       0.72466837362989411        303.16586395256411        871.63146562257907     
   4.8300000000000001       0.72617183498597260        304.38495147381974        874.07006756266571     
   4.8399999999999999       0.72767529634205130        305.60484772805881        876.51119444212043     
   4.8500000000000005       0.72917875769813001        306.82563397731155        878.95484320400078     
   4.8600000000000003       0.73068221905420860        308.04821395544388        881.40101079666761     
   4.8700000000000001       0.73218568041028720        309.27116207858677        883.84969417380682     
   4.8799999999999999       0.73368914176636579        310.49560735827396        886.30089029445310     
   4.8899999999999997       0.73519260312244439        311.72076305428317        888.75459612300153     
   4.9000000000000004       0.73669606447852309        312.94699243796185        891.21080862923600     
   4.9100000000000001       0.73819952583460158        314.17434904838797        893.66952478834276     
   4.9199999999999999       0.73970298719068017        315.40250822184828        896.13074158092763     
   4.9299999999999997       0.74120644854675877        316.63181179992341        898.59445599303706     
   4.9400000000000004       0.74270990990283758        317.86244055760039        901.06066501617181     
   4.9500000000000002       0.74421337125891618        319.09372680229149        903.52936564730169     
   4.9600000000000000       0.74571683261499477        320.32590326815694        906.00055488888302     
   4.9699999999999998       0.74722029397107337        321.55944593433105        908.47422974887468     
   4.9800000000000004       0.74872375532715207        322.79377891086943        910.95038724074868     
   4.9900000000000002       0.75022721668323056        324.02881371751647        913.42902438350620     
   5.0000000000000000       0.75173067803930915        325.26522270618511        915.91013820168882     
   5.0099999999999998       0.75323413939538775        326.50267387668634        918.39372572539378     
   5.0200000000000005       0.75473760075146645        327.74095927128582        920.87978399028179     
   5.0300000000000002       0.75624106210754516        328.98058133663488        923.36831003806617     
   5.0400000000000000       0.75774452346362375        330.22087121641158        925.85930091462569     
   5.0499999999999998       0.75924798481970235        331.46202861837298        928.35275367285806     
   5.0600000000000005       0.76075144617578105        332.70428581546963        930.84866537079449     
   5.0700000000000003       0.76225490753185954        333.94737368805914        933.34703307208633     
   5.0800000000000001       0.76375836888793813        335.19159244488003        935.84785384600684     
   5.0899999999999999       0.76526183024401673        336.43729888533670        938.35112476746690     
   5.1000000000000005       0.76676529160009543        337.68278090049409        940.85684291701909     
   5.1100000000000003       0.76826875295617403        338.92972880727604        943.36500538086284     
   5.1200000000000001       0.76977221431225262        340.17814962728778        945.87560925085700     
   5.1299999999999999       0.77127567566833133        341.42692604587893        948.38865162452191     
   5.1399999999999997       0.77277913702440981        342.67709095936300        950.90412960504932     
   5.1500000000000004       0.77428259838048852        343.92785005331586        953.42204030130165     
   5.1600000000000001       0.77578605973656711        345.17958760060185        955.94238082782636     
   5.1699999999999999       0.77728952109264571        346.43241232055942        958.46514830485228     
   5.1799999999999997       0.77879298244872430        347.68602200957019        960.99033985830033     
   5.1900000000000004       0.78029644380480301        348.94071613171479        963.51795261978270     
   5.2000000000000002       0.78179990516088160        350.19638299417966        966.04798372660991     
   5.2100000000000000       0.78330336651696020        351.45314903636876        968.58043032179239     
   5.2199999999999998       0.78480682787303868        352.71025788976038        971.11528955404754     
   5.2300000000000004       0.78631028922911750        353.96852351578229        973.65255857779334     
   5.2400000000000002       0.78781375058519609        355.22808424383652        976.19223455316092     
   5.2500000000000000       0.78931721194127469        356.48838968366789        978.73431464599003     
   5.2599999999999998       0.79082067329735328        357.74947228788835        981.27879602783196     
   5.2700000000000005       0.79232413465343199        359.01168956215935        983.82567587595315     
   5.2800000000000002       0.79382759600951058        360.27465014463831        986.37495137383996     
   5.2900000000000000       0.79533105736558918        361.53832356973066        988.92661970916981     
   5.2999999999999998       0.79683451872166766        362.80321522309362        991.48067807686107     
   5.3100000000000005       0.79833798007774637        364.06866558468863        994.03712367703679     
   5.3200000000000003       0.79984144143382496        365.33569844130454        996.59595371553803     
   5.3300000000000001       0.80134490278990367        366.60263395817390        999.15716540391566     
   5.3399999999999999       0.80284836414598226        367.87089460313996        1001.7207559594395     
   5.3500000000000005       0.80435182550206097        369.14083999468141        1004.2867226050860     
   5.3600000000000003       0.80585528685813956        370.41088736424206        1006.8550625695470     
   5.3700000000000001       0.80735874821421816        371.68138547715409        1009.4257730872203     
   5.3799999999999999       0.80886220957029664        372.95359554405866        1011.9988513982127     
   5.3899999999999997       0.81036567092637524        374.22663766663715        1014.5742947483358     
   5.4000000000000004       0.81186913228245394        375.50055759186665        1017.1521003891038     
   5.4100000000000001       0.81337259363853254        376.77510173488156        1019.7322655777291     
   5.4199999999999999       0.81487605499461113        378.05055685234964        1022.3147875771231     
   5.4299999999999997       0.81637951635068984        379.32686972954889        1024.8996636558932     
   5.4400000000000004       0.81788297770676854        380.60369143540834        1027.4868910883301     
   5.4500000000000002       0.81938643906284714        381.88180187382596        1030.0764671544187     
   5.4600000000000000       0.82088990041892562        383.16120278258381        1032.6683891398222     
   5.4699999999999998       0.82239336177500422        384.44074531487252        1035.2626543358836     
   5.4800000000000004       0.82389682313108292        385.72153092358843        1037.8592600396239     
   5.4900000000000002       0.82540028448716152        387.00276267564129        1040.4582035537271     
   5.5000000000000000       0.82690374584324011        388.28549346018366        1043.0594821865509     
   5.5099999999999998       0.82840720719931871        389.56862083375916        1045.6630932521070     
   5.5200000000000005       0.82991066855539752        390.85297942866015        1048.2690340700665     
   5.5300000000000002       0.83141412991147612        392.13773481533804        1050.8773019657494     
   5.5400000000000000       0.83291759126755460        393.42352691049922        1053.4878942701193     
   5.5499999999999998       0.83442105262363320        394.71013635562304        1056.1008083197814     
   5.5600000000000005       0.83592451397971190        395.99790434431821        1058.7160414569730     
   5.5700000000000003       0.83742797533579050        397.28591325667225        1061.3335910295602     
   5.5800000000000001       0.83893143669186909        398.57569820672626        1063.9534543910263     
   5.5899999999999999       0.84043489804794769        399.86510450591175        1066.5756289004748     
   5.6000000000000005       0.84193835940402639        401.15674396787239        1069.2001119226129     
   5.6100000000000003       0.84344182076010499        402.44844254800552        1071.8269008277537     
   5.6200000000000001       0.84494528211618347        403.74048745108382        1074.4559929923580     
   5.6299999999999999       0.84644874347226218        405.03409120145272        1077.0873857968124     
   5.6399999999999997       0.84795220482834077        406.32810957926586        1079.7210766287474     
   5.6500000000000004       0.84945566618441948        407.62331005357510        1082.3570628808097     
   5.6600000000000001       0.85095912754049807        408.91889232366452        1084.9953419512187     
   5.6699999999999999       0.85246258889657667        410.21605052313708        1087.6359112437474     
   5.6799999999999997       0.85396605025265526        411.51353271151618        1090.2787681677232     
   5.6900000000000004       0.85546951160873386        412.81115765371641        1092.9239101380176     
   5.7000000000000002       0.85697297296481245        414.11068539432875        1095.5713345750326     
   5.7100000000000000       0.85847643432089105        415.41032500109969        1098.2210389047050     
   5.7199999999999998       0.85997989567696964        416.71122436708424        1100.8730205584884     
   5.7300000000000004       0.86148335703304846        418.01296695242917        1103.5272769733458     
   5.7400000000000002       0.86298681838912705        419.31511168721340        1106.1838055917458     
   5.7500000000000000       0.86449027974520565        420.61855831776575        1108.8426038616485     
   5.7599999999999998       0.86599374110128424        421.92196038946048        1111.5036692365027     
   5.7700000000000005       0.86749720245736284        423.22746195729974        1114.1669991752335     
   5.7800000000000002       0.86900066381344143        424.53337306737325        1116.8325911422342     
   5.7900000000000000       0.87050412516952003        425.83970889241294        1119.5004426073572     
   5.7999999999999998       0.87200758652559862        427.14656162978127        1122.1705510459039     
   5.8100000000000005       0.87351104788167733        428.45423645292573        1124.8429139386240     
   5.8200000000000003       0.87501450923775603        429.76326481135499        1127.5175287716893     
   5.8300000000000001       0.87651797059383463        431.07292684076515        1130.1943930366995     
   5.8399999999999999       0.87802143194991322        432.38277459218040        1132.8735042306705     
   5.8500000000000005       0.87952489330599182        433.69387494970658        1135.5548598560167     
   5.8600000000000003       0.88102835466207041        435.00593024498806        1138.2384574205494     
   5.8700000000000001       0.88253181601814901        436.31843266308522        1140.9242944374660     
   5.8799999999999999       0.88403527737422760        437.63212825812491        1143.6123684253366     
   5.8899999999999997       0.88553873873030620        438.94658743865750        1146.3026769080986     
   5.9000000000000004       0.88704220008638490        440.26145416230003        1148.9952174150430     
   5.9100000000000001       0.88854566144246350        441.57750196447347        1151.6899874808064     
   5.9199999999999999       0.89004912279854220        442.89424705887234        1154.3869846453631     
   5.9299999999999997       0.89155258415462069        444.21160989130806        1157.0862064540081     
   5.9400000000000004       0.89305604551069939        445.52995219834696        1159.7876504573578     
   5.9500000000000002       0.89455950686677799        446.84816826428158        1162.4913142113285     
   5.9600000000000000       0.89606296822285658        448.16792033363078        1165.1971952771326     
   5.9699999999999998       0.89756642957893518        449.48876101172442        1167.9052912212678     
   5.9800000000000004       0.89906989093501388        450.80945250852267        1170.6155996155046     
   5.9900000000000002       0.90057335229109248        452.13193978052828        1173.3281180368765     
   6.0000000000000000       0.90207681364717107        453.45455329181459        1176.0428440676712     
   6.0099999999999998       0.90358027500324956        454.77819420595290        1178.7597752954182     
   6.0200000000000005       0.90508373635932826        456.10266086619993        1181.4789093128788     
   6.0300000000000002       0.90658719771540697        457.42713786311850        1184.2002437180324     
   6.0400000000000000       0.90809065907148556        458.75301267329490        1186.9237761140737     
   6.0499999999999998       0.90959412042756416        460.08001257352936        1189.6495041093931     
   6.0600000000000005       0.91109758178364286        461.40656402449451        1192.3774253175711     
   6.0700000000000003       0.91260104313972146        462.73479887093930        1195.1075373573644     
   6.0800000000000001       0.91410450449579994        464.06336002156689        1197.8398378526972     
   6.0899999999999999       0.91560796585187854        465.39307011332551        1200.5743244326518     
   6.1000000000000005       0.91711142720795724        466.72366031480720        1203.3109947320711     
   6.1100000000000003       0.91861488856403584        468.05418831522132        1206.0498463890751     
   6.1200000000000001       0.92011834992011443        469.38656969098429        1208.7908770487638     
   6.1299999999999999       0.92162181127619314        470.71859184204874        1211.5340843607307     
   6.1400000000000006       0.92312527263227184        472.05171840837505        1214.2794659796696     
   6.1500000000000004       0.92462873398835044        473.38584843913833        1217.0270195653618     
   6.1600000000000001       0.92613219534442892        474.72029599623738        1219.7767427826659     
   6.1699999999999999       0.92763565670050752        476.05596047019452        1222.5286333015106     
   6.1799999999999997       0.92913911805658611        477.39214280835472        1225.2826887968772     
   6.1900000000000004       0.93064257941266482        478.72929195199191        1228.0389069487924     
   6.2000000000000002       0.93214604076874341        480.06674579926369        1230.7972854423135     
   6.2100000000000000       0.93364950212482201        481.40514107624261        1233.5578219675212     
   6.2199999999999998       0.93515296348090060        482.74404275408023        1236.3205142195068     
   6.2300000000000004       0.93665642483697942        484.08368472642672        1239.0853598983565     
   6.2400000000000002       0.93815988619305790        485.42398231773296        1241.8523567091461     
   6.2500000000000000       0.93966334754913650        486.76561766583865        1244.6215023619284     
   6.2599999999999998       0.94116680890521509        488.10728346817245        1247.3927945717166     
   6.2700000000000005       0.94267027026129380        489.45067950297272        1250.1662310584788     
   6.2800000000000002       0.94417373161737239        490.79290983773751        1252.9418095471221     
   6.2900000000000000       0.94567719297345099        492.13800692307530        1255.7195277674862     
   6.2999999999999998       0.94718065432952958        493.48241152039901        1258.4993834543259     
   6.3100000000000005       0.94868411568560829        494.82839446949453        1261.2813743473041     
   6.3200000000000003       0.95018757704168677        496.17425039231921        1264.0654981909763     
   6.3300000000000001       0.95169103839776548        497.52133423131670        1266.8517527347847     
   6.3399999999999999       0.95319449975384407        498.86901435570911        1269.6401357330378     
   6.3500000000000005       0.95469796110992278        500.21767351067297        1272.4306449449098     
   6.3600000000000003       0.95620142246600137        501.56669685085649        1275.2232781344178     
   6.3700000000000001       0.95770488382207997        502.91629410727120        1278.0180330704179     
   6.3799999999999999       0.95920834517815856        504.26639945686082        1280.8149075265919     
   6.3900000000000006       0.96071180653423727        505.61766751654517        1283.6138992814340     
   6.4000000000000004       0.96221526789031575        506.96925597169144        1286.4150061182370     
   6.4100000000000001       0.96371872924639435        508.32229012775048        1289.2182258250898     
   6.4199999999999999       0.96522219060247294        509.67564335301716        1292.0235561948532     
   6.4299999999999997       0.96672565195855165        511.02955300240467        1294.8309950251576     
   6.4400000000000004       0.96822911331463035        512.38418860178012        1297.6405401183879     
   6.4500000000000002       0.96973257467070895        513.73921225553738        1300.4521892816697     
   6.4600000000000000       0.97123603602678754        515.09569663708442        1303.2659403268644     
   6.4699999999999998       0.97273949738286603        516.45219970162475        1306.0817910705478     
   6.4800000000000004       0.97424295873894473        517.80979749135952        1308.8997393340085     
   6.4900000000000002       0.97574642009502333        519.16783963238117        1311.7197829432259     
   6.5000000000000000       0.97724988145110192        520.52706392308460        1314.5419197288695     
   6.5099999999999998       0.97875334280718052        521.88670821986113        1317.3661475262743     
   6.5200000000000005       0.98025680416325933        523.24650965358023        1320.1924641754447     
   6.5300000000000002       0.98176026551933793        524.60770847421611        1323.0208675210267     
   6.5400000000000000       0.98326372687541652        525.96892840291173        1325.8513554123090     
   6.5499999999999998       0.98476718823149501        527.33141621858761        1328.6839257032032     
   6.5600000000000005       0.98627064958757371        528.69376157511533        1331.5185762522381     
   6.5700000000000003       0.98777411094365231        530.05783239476648        1334.3553049225402     
   6.5800000000000001       0.98927757229973090        531.42144928430628        1337.1941095818304     
   6.5899999999999999       0.99078103365580950        532.78708273330631        1340.0349881024074     
   6.6000000000000005       0.99228449501188820        534.15282818454909        1342.8779383611370     
   6.6100000000000003       0.99378795636796680        535.51862493434442        1345.7229582394416     
   6.6200000000000001       0.99529141772404550        536.88577245148497        1348.5700456232855     
   6.6299999999999999       0.99679487908012399        538.25343222738388        1351.4191984031665     
   6.6400000000000006       0.99829834043620269        539.62208698733752        1354.2704144741042     
   6.6500000000000004       0.99980180179228129        540.99015931361510        1357.1236917356257     
   6.6600000000000001        1.0013052631483599        542.35990672426124        1359.9790280917532     
   6.6699999999999999        1.0028087245044386        543.73038224853383        1362.8364214510000     
   6.6799999999999997        1.0043121858605171        545.10175887031573        1365.6958697263501     
   6.6900000000000004        1.0058156472165958        546.47311521897223        1368.5573708352485     
   6.7000000000000002        1.0073191085726745        547.84538597878907        1371.4209226995927     
   6.7100000000000000        1.0088225699287530        549.21860646090715        1374.2865232457198     
   6.7199999999999998        1.0103260312848314        550.59171896204953        1377.1541704043927     
   6.7300000000000004        1.0118294926409102        551.96624666062166        1380.0238621107953     
   6.7400000000000002        1.0133329539969889        553.34136275406411        1382.8955963045091     
   6.7500000000000000        1.0148364153530673        554.71630849374139        1385.7693709295131     
   6.7599999999999998        1.0163398767091461        556.09323222922956        1388.6451839341653     
   6.7700000000000005        1.0178433380652248        557.47001226984742        1391.5230332711953     
   6.7800000000000002        1.0193467994213035        558.84692439066669        1394.4029168976892     
   6.7900000000000000        1.0208502607773819        560.22612587755657        1397.2848327750837     
   6.7999999999999998        1.0223537221334604        561.60472812719797        1400.1687788691474     
   6.8100000000000005        1.0238571834895391        562.98394359126530        1403.0547531499735     
   6.8200000000000003        1.0253606448456178        564.36376686668666        1405.9427535919669     
   6.8300000000000001        1.0268641062016963        565.74520250964667        1408.8327781738353     
   6.8399999999999999        1.0283675675577750        567.12604154496341        1411.7248248785766     
   6.8500000000000005        1.0298710289138537        568.50825971205461        1414.6188916934657     
   6.8600000000000003        1.0313744902699322        569.89075920394157        1417.5149766100419     
   6.8700000000000001        1.0328779516260107        571.27441927701034        1420.4130776241036     
   6.8799999999999999        1.0343814129820894        572.65836307322047        1423.3131927356924     
   6.8900000000000006        1.0358848743381681        574.04275837906187        1426.2153199490836     
   6.9000000000000004        1.0373883356942468        575.42869728126379        1429.1194572727707     
   6.9100000000000001        1.0388917970503253        576.81418331613020        1432.0256027194609     
   6.9199999999999999        1.0403952584064040        578.20071639039736        1434.9337543060587     
   6.9299999999999997        1.0418987197624825        579.58780279144696        1437.8439100536546     
   6.9400000000000004        1.0434021811185612        580.97547822354534        1440.7560679875226     
   6.9500000000000002        1.0449056424746397        582.36453566446369        1443.6702261370897     
   6.9600000000000000        1.0464091038307184        583.75366592642752        1446.5863825359490     
   6.9699999999999998        1.0479125651867969        585.14284565968342        1449.5045352218281     
   6.9800000000000004        1.0494160265428758        586.53395277839354        1452.4246822365922     
   6.9900000000000002        1.0509194878989543        587.92437709844455        1455.3468216262211     
   7.0000000000000000        1.0524229492550330        589.31600113765921        1458.2709514415583     
   7.0099999999999998        1.0539264106111115        590.70787335832631        1461.1970697352967     
   7.0200000000000005        1.0554298719671902        592.10131966319773        1464.1251745664622     
   7.0300000000000002        1.0569333333232687        593.49420371912242        1467.0552639974082     
   7.0400000000000000        1.0584367946793474        594.88872754035538        1469.9873360945533     
   7.0499999999999998        1.0599402560354259        596.28366354573438        1472.9213889283706     
   7.0600000000000005        1.0614437173915046        597.67896291208172        1475.8574205733757     
   7.0700000000000003        1.0629471787475833        599.07490383061918        1478.7954291081192     
   7.0800000000000001        1.0644506401036620        600.47168203085323        1481.7354126151656     
   7.0899999999999999        1.0659541014597405        601.86869357988894        1484.6773691810988     
   7.1000000000000005        1.0674575628158192        603.26725205641912        1487.6212968964949     
   7.1100000000000003        1.0689610241718976        604.66533050898897        1490.5671938559228     
   7.1200000000000001        1.0704644855279764        606.06405626507762        1493.5150581579244     
   7.1299999999999999        1.0719679468840548        607.46381638497417        1496.4648879050148     
   7.1400000000000006        1.0734714082401335        608.86463925057024        1499.4166812036597     
   7.1500000000000004        1.0749748695962122        610.26527199691941        1502.3704361642704     
   7.1600000000000001        1.0764783309522907        611.66700347662527        1505.3261509011929     
   7.1699999999999999        1.0779817923083694        613.06964326403181        1508.2838235326997     
   7.1799999999999997        1.0794852536644479        614.47185331872004        1511.2434521809735     
   7.1900000000000004        1.0809887150205266        615.87518188854187        1514.2050349721001     
   7.2000000000000002        1.0824921763766053        617.27974733111273        1517.1685700360536     
   7.2100000000000000        1.0839956377326838        618.68375898483714        1520.1340555066934     
   7.2199999999999998        1.0854990990887625        620.08883664884797        1523.1014895217472     
   7.2300000000000004        1.0870025604448412        621.49423562487129        1526.0708702228010     
   7.2400000000000002        1.0885060218009197        622.90090526857659        1529.0421957552931     
   7.2500000000000000        1.0900094831569984        624.30836802642239        1532.0154642684959     
   7.2599999999999998        1.0915129445130769        625.71536028993501        1534.9906739155126     
   7.2700000000000005        1.0930164058691556        627.12360076223126        1537.9678228532634     
   7.2800000000000002        1.0945198672252343        628.53318152635393        1540.9469092424761     
   7.2900000000000000        1.0960233285813128        629.94222756438751        1543.9279312476708     
   7.2999999999999998        1.0975267899373915        631.35230449972414        1546.9108870371613     
   7.3100000000000005        1.0990302512934700        632.76388400088661        1549.8957747830284     
   7.3200000000000003        1.1005337126495487        634.17428322911007        1552.8825926611255     
   7.3300000000000001        1.1020371740056272        635.58559604053914        1555.8713388510548     
   7.3399999999999999        1.1035406353617059        636.99855802645891        1558.8620115361671     
   7.3500000000000005        1.1050440967177846        638.41137354424188        1561.8546089035465     
   7.3600000000000003        1.1065475580738633        639.82551426264979        1564.8491291439980     
   7.3700000000000001        1.1080510194299420        641.23863054002982        1567.8455704520459     
   7.3799999999999999        1.1095544807860203        642.65422755289228        1570.8439310259118     
   7.3900000000000006        1.1110579421420992        644.06909668737660        1573.8442090675173     
   7.4000000000000004        1.1125614034981777        645.48539196174477        1576.8464027824605     
   7.4100000000000001        1.1140648648542564        646.90203732157454        1579.8505103800153     
   7.4199999999999999        1.1155683262103349        648.31912137673839        1582.8565300731182     
   7.4299999999999997        1.1170717875664136        649.73690673747467        1585.8644600783603     
   7.4400000000000004        1.1185752489224920        651.15627387244638        1588.8742986159709     
   7.4500000000000002        1.1200787102785708        652.57452362112190        1591.8860439098164     
   7.4600000000000000        1.1215821716346492        653.99300217649966        1594.8996941873802     
   7.4699999999999998        1.1230856329907279        655.41348362618169        1597.9152476797644     
   7.4800000000000004        1.1245890943468067        656.83417491031275        1600.9327026216704     
   7.4900000000000002        1.1260925557028851        658.25522943667704        1603.9520572513907     
   7.5000000000000000        1.1275960170589638        659.67774773572376        1606.9733098108024     
   7.5099999999999998        1.1290994784150423        661.10011076876003        1609.9964585453581     
   7.5200000000000005        1.1306029397711213        662.52279258670103        1613.0215017040659     
   7.5300000000000002        1.1321064011271997        663.94667618403503        1616.0484375394947     
   7.5400000000000000        1.1336098624832782        665.37054858238662        1619.0772643077494     
   7.5499999999999998        1.1351133238393567        666.79565216864842        1622.1079802684756     
   7.5600000000000005        1.1366167851954356        668.22122366795304        1625.1405836848387     
   7.5700000000000003        1.1381202465515143        669.64629582170437        1628.1750728235158     
   7.5800000000000001        1.1396237079075928        671.07305016495445        1631.2114459546908     
   7.5899999999999999        1.1411271692636715        672.49967068224441        1634.2497013520442     
   7.6000000000000005        1.1426306306197500        673.92733329935220        1637.2898372927366     
   7.6100000000000003        1.1441340919758287        675.35595609271536        1640.3318520574057     
   7.6200000000000001        1.1456375533319072        676.78449690534228        1643.3757439301573     
   7.6299999999999999        1.1471410146879859        678.21465565548635        1646.4215111985507     
   7.6400000000000006        1.1486444760440644        679.64372714444869        1649.4691521535915     
   7.6500000000000004        1.1501479374001431        681.07427932689131        1652.5186650897224     
   7.6600000000000001        1.1516513987562216        682.50519641516814        1655.5700483048131     
   7.6699999999999999        1.1531548601123003        683.93721116055224        1658.6233001001560     
   7.6799999999999997        1.1546583214683790        685.36973661099728        1661.6784187804419     
   7.6900000000000004        1.1561617828244575        686.80229762079330        1664.7354026537707     
   7.7000000000000002        1.1576652441805362        688.23537687093858        1667.7942500316278     
   7.7100000000000000        1.1591687055366147        689.66878476484283        1670.8549592288778     
   7.7199999999999998        1.1606721668926934        691.10382383405317        1673.9175285637571     
   7.7300000000000004        1.1621756282487721        692.53821852425074        1676.9819563578649     
   7.7400000000000002        1.1636790896048508        693.97397032864922        1680.0482409361516     
   7.7500000000000000        1.1651825509609293        695.41123653599925        1683.1163806269089     
   7.7599999999999998        1.1666860123170080        696.84659078114407        1686.1863737617664     
   7.7700000000000005        1.1681894736730867        698.28413871373607        1689.2582186756767     
   7.7800000000000002        1.1696929350291652        699.72237278936677        1692.3319137069061     
   7.7900000000000000        1.1711963963852439        701.16070339724331        1695.4074571970286     
   7.7999999999999998        1.1726998577413223        702.59976543959556        1698.4848474909143     
   7.8100000000000005        1.1742033190974011        704.03886243016098        1701.5640829367223     
   7.8200000000000003        1.1757067804534795        705.47920703711645        1704.6451618858910     
   7.8300000000000001        1.1772102418095582        706.91886319387561        1707.7280826931276     
   7.8399999999999999        1.1787137031656367        708.36086534725325        1710.8128437163991     
   7.8500000000000005        1.1802171645217154        709.80274933698547        1713.8994433169271     
   7.8600000000000003        1.1817206258777939        711.24412012013045        1716.9878798591740     
   7.8700000000000001        1.1832240872338726        712.68798401987704        1720.0781517108389     
   7.8799999999999999        1.1847275485899513        714.13113380815787        1723.1702572428401     
   7.8900000000000006        1.1862310099460300        715.57453253545373        1726.2641948293185     
   7.9000000000000004        1.1877344713021087        717.01941980974971        1729.3599628476175     
   7.9100000000000001        1.1892379326581872        718.46407124522625        1732.4575596782822     
   7.9199999999999999        1.1907413940142659        719.90962189731022        1735.5569837050423     
   7.9300000000000006        1.1922448553703444        721.35655554213690        1738.6582333148149     
   7.9400000000000004        1.1937483167264231        722.80237958462146        1741.7613068976857     
   7.9500000000000002        1.1952517780825016        724.24999568945032        1744.8662028469016     
   7.9600000000000000        1.1967552394385803        725.69807506041752        1747.9729195588695     
   7.9699999999999998        1.1982587007946590        727.14581835665786        1751.0814554331334     
   7.9800000000000004        1.1997621621507375        728.59513936484564        1754.1918088723821     
   7.9900000000000002        1.2012656235068162        730.04458849216189        1757.3039782824337     
   8.0000000000000000        1.2027690848628947        731.49403251803062        1760.4179620722173     
   8.0099999999999998        1.2042725462189734        732.94514640990826        1763.5337586537828     
   8.0199999999999996        1.2057760075750519        734.39692843065643        1766.6513664422771     
   8.0299999999999994        1.2072794689311306        735.84766879137374        1769.7707838559461     
   8.0400000000000009        1.2087829302872093        737.29980238778273        1772.8920093161164     
   8.0500000000000007        1.2102863916432880        738.75191177312479        1776.0150412471930     
   8.0600000000000005        1.2117898529993667        740.20545237843294        1779.1398780766517     
   8.0700000000000003        1.2132933143554452        741.65963076412822        1782.2665182350261     
   8.0800000000000001        1.2147967757115237        743.11368279357384        1785.3949601559036     
   8.0899999999999999        1.2163002370676022        744.56808595476275        1788.5252022759166     
   8.0999999999999996        1.2178036984236809        746.02506074083090        1791.6572430347312     
   8.1099999999999994        1.2193071597797593        747.47997325934716        1794.7910808750346     
   8.1200000000000010        1.2208106211358383        748.93635193219791        1797.9267142425417     
   8.1300000000000008        1.2223140824919168        750.39341058397815        1801.0641415859727     
   8.1400000000000006        1.2238175438479955        751.85116692224801        1804.2033613570502     
   8.1500000000000004        1.2253210052040739        753.30859813747531        1807.3443720104926     
   8.1600000000000001        1.2268244665601526        754.76819951941525        1810.4871720039996     
   8.1699999999999999        1.2283279279162314        756.22652021184251        1813.6317597982518     
   8.1799999999999997        1.2298313892723098        757.68491711273953        1816.7781338569002     
   8.1899999999999995        1.2313348506283885        759.14596433566408        1819.9262926465517     
   8.1999999999999993        1.2328383119844670        760.60695530700718        1823.0762346367719     
   8.2100000000000009        1.2343417733405460        762.06778756167398        1826.2279583000666     
   8.2200000000000006        1.2358452346966244        763.53039802266414        1829.3814621118813     
   8.2300000000000004        1.2373486960527031        764.99160999416506        1832.5367445505890     
   8.2400000000000002        1.2388521574087814        766.45566258262158        1835.6938040974828     
   8.2500000000000000        1.2403556187648601        767.91849886131297        1838.8526392367712     
   8.2599999999999998        1.2418590801209386        769.38185329984879        1842.0132484555661     
   8.2699999999999996        1.2433625414770173        770.84702917711184        1845.1756302438748     
   8.2799999999999994        1.2448660028330960        772.31141679355801        1848.3397830945969     
   8.2900000000000009        1.2463694641891747        773.77794122376417        1851.5057055035106     
   8.3000000000000007        1.2478729255452534        775.24315816258513        1854.6733959692669     
   8.3100000000000005        1.2493763869013319        776.71077038355122        1857.8428529933822     
   8.3200000000000003        1.2508798482574106        778.17690468549995        1861.0140750802343     
   8.3300000000000001        1.2523833096134891        779.64433178047216        1864.1870607370483     
   8.3399999999999999        1.2538867709695678        781.11222307773198        1867.3618084738864     
   8.3499999999999996        1.2553902323256463        782.58145015266473        1870.5383168036547     
   8.3599999999999994        1.2568936936817250        784.05034452539633        1873.7165842420793     
   8.3700000000000010        1.2583971550378039        785.51995587253862        1876.8966093077088     
   8.3800000000000008        1.2599006163938824        786.98954352275280        1880.0783905218950     
   8.3900000000000006        1.2614040777499611        788.46054549717553        1883.2619264088057     
   8.4000000000000004        1.2629075391060394        789.93135829003927        1886.4472154953962     
   8.4100000000000001        1.2644110004621181        791.40243838861670        1889.6342563114122     
   8.4199999999999999        1.2659144618181966        792.87513532735227        1892.8230473893809     
   8.4299999999999997        1.2674179231742753        794.34834167962049        1896.0135872646001     
   8.4399999999999995        1.2689213845303537        795.82215702011001        1899.2058744751382     
   8.4499999999999993        1.2704248458864325        797.29503429769193        1902.3999075618183     
   8.4600000000000009        1.2719283072425114        798.77010124928859        1905.5956850682135     
   8.4700000000000006        1.2734317685985899        800.24536516591343        1908.7932055406445     
   8.4800000000000004        1.2749352299546686        801.71910123720147        1911.9924675281611     
   8.4900000000000002        1.2764386913107471        803.19505089818585        1915.1934695825507     
   8.5000000000000000        1.2779421526668258        804.67205128568116        1918.3962102583109     
