   1.0000000000000000E-002   1.4926688658956531E-003   1.3719047685431516E-003   1.4140317842297623     
   2.0000000000000000E-002   2.9853377317913062E-003   4.3858392748287256E-003   2.8304855686133057     
   2.9999999999999999E-002   4.4780065976869586E-003   8.7480744314121922E-003   4.2488131704240466     
   4.0000000000000001E-002   5.9706754635826123E-003   1.4294365185368699E-002   5.6688060813418355     
   5.0000000000000003E-002   7.4633443294782652E-003   2.0829604150430281E-002   7.0903195201505591     
   5.9999999999999998E-002   8.9560131953739172E-003   2.8101921434428700E-002   8.5132225924595311     
   7.0000000000000007E-002   1.0448682061269572E-002   3.5810364310545219E-002   9.9373822975585622     
   8.0000000000000002E-002   1.1941350927165225E-002   4.3634508248851650E-002   11.362658858262888     
   8.9999999999999997E-002   1.3434019793060878E-002   5.1234366383065874E-002   12.788906006752628     
  0.10000000000000001        1.4926688658956530E-002   5.8303764387454098E-002   14.215973588972354     
  0.11000000000000000        1.6419357524852185E-002   6.4540239827588525E-002   15.643711091999462     
  0.12000000000000000        1.7912026390747834E-002   6.9714632952645877E-002   17.071971265210934     
  0.13000000000000000        1.9404695256643491E-002   7.3634933427863730E-002   18.500613344621570     
  0.14000000000000001        2.0897364122539144E-002   7.6160742843576934E-002   19.929505624376372     
  0.14999999999999999        2.2390032988434793E-002   7.7210277395212787E-002   21.358527285944575     
  0.16000000000000000        2.3882701854330449E-002   7.6739164239457341E-002   22.787569507091831     
  0.17000000000000001        2.5375370720226102E-002   7.4753197334259766E-002   24.216535938994792     
  0.17999999999999999        2.6868039586121755E-002   7.1290881223643687E-002   25.645342671026860     
  0.19000000000000000        2.8360708452017408E-002   6.6410403513120692E-002   27.073917809308597     
  0.20000000000000001        2.9853377317913061E-002   6.0186964761200078E-002   28.502200786228276     
  0.20999999999999999        3.1346046183808714E-002   5.2728783207113529E-002   29.930135014970432     
  0.22000000000000000        3.2838715049704370E-002   4.4121360514410742E-002   31.357693096652916     
  0.23000000000000001        3.4331383915600019E-002   3.4498191374280708E-002   32.784836638073799     
  0.23999999999999999        3.5824052781495669E-002   2.3949844709945729E-002   34.211541300691231     
  0.25000000000000000        3.7316721647391325E-002   1.2598882835446815E-002   35.637789438816796     
  0.26000000000000001        3.8809390513286982E-002   5.4985786028090983E-004   37.063569251168829     
  0.27000000000000002        4.0302059379182631E-002  -1.2087335371905344E-002   38.488874005864979     
  0.28000000000000003        4.1794728245078287E-002  -2.5208399240254118E-002   39.913701342482319     
  0.28999999999999998        4.3287397110973930E-002  -3.8727276324185503E-002   41.338052650581979     
  0.29999999999999999        4.4780065976869586E-002  -5.2538626611945666E-002   42.761932521426893     
  0.31000000000000000        4.6272734842765242E-002  -6.6560677838344517E-002   44.185348267801480     
  0.32000000000000001        4.7765403708660899E-002  -8.0701840721565415E-002   45.608309506128357     
  0.33000000000000002        4.9258072574556555E-002  -9.4894183255560413E-002   47.030827794635876     
  0.34000000000000002        5.0750741440452204E-002 -0.10904778304778583        48.452916321404970     
  0.35000000000000003        5.2243410306347861E-002 -0.12310684067826470        49.874589636431509     
  0.35999999999999999        5.3736079172243510E-002 -0.13700407323122107        51.295863422224244     
  0.37000000000000000        5.5228748038139160E-002 -0.15066443633991167        52.716754297885004     
  0.38000000000000000        5.6721416904034816E-002 -0.16403681249087501        54.137279652288512     
  0.39000000000000001        5.8214085769930465E-002 -0.17705717775301513        55.557457502273536     
  0.40000000000000002        5.9706754635826122E-002 -0.18967670109345455        56.977306372453384     
  0.41000000000000003        6.1199423501721778E-002 -0.20185403396288046        58.396845193472430     
  0.41999999999999998        6.2692092367617427E-002 -0.21351045537189553        59.816093216130028     
  0.42999999999999999        6.4184761233513077E-002 -0.22462353116272249        61.235069939042759     
  0.44000000000000000        6.5677430099408740E-002 -0.23513482662302143        62.653795047831501     
  0.45000000000000001        6.7170098965304390E-002 -0.24500612951151224        64.072288364219702     
  0.46000000000000002        6.8662767831200039E-002 -0.25419497583351219        65.490569803459280     
  0.47000000000000003        7.0155436697095702E-002 -0.26265547848456744        66.908659338875040     
  0.47999999999999998        7.1648105562991338E-002 -0.27034489478542029        68.326576972522048     
  0.48999999999999999        7.3140774428886987E-002 -0.27722216124910443        69.744342710886997     
  0.50000000000000000        7.4633443294782650E-002 -0.28325012601309668        71.161976544967771     
  0.51000000000000001        7.6126112160678314E-002 -0.28840477625854305        72.579498433935896     
  0.52000000000000002        7.7618781026573963E-002 -0.29261913629158809        73.996928291980637     
  0.53000000000000003        7.9111449892469612E-002 -0.29588901024564346        75.414285977546598     
  0.54000000000000004        8.0604118758365262E-002 -0.29816348195250436        76.831591284821613     
  0.55000000000000004        8.2096787624260925E-002 -0.29940107334177324        78.248863936922703     
  0.56000000000000005        8.3589456490156575E-002 -0.29957918211442330        79.666123580507033     
  0.57000000000000006        8.5082125356052238E-002 -0.29865669370475056        81.083389781620568     
  0.57999999999999996        8.6574794221947859E-002 -0.29660175395816302        82.500682022327737     
  0.58999999999999997        8.8067463087843523E-002 -0.29337563536317945        83.918019698254255     
  0.59999999999999998        8.9560131953739172E-002 -0.28895090910429838        85.335422116515730     
  0.60999999999999999        9.1052800819634835E-002 -0.28329173499043681        86.752908494236607     
  0.62000000000000000        9.2545469685530485E-002 -0.27635978326527805        88.170497957244976     
  0.63000000000000000        9.4038138551426134E-002 -0.26813100021303854        89.588209539066156     
  0.64000000000000001        9.5530807417321797E-002 -0.25857455799125040        91.006062180005671     
  0.65000000000000002        9.7023476283217447E-002 -0.24765865599880452        92.424074726366683     
  0.66000000000000003        9.8516145149113110E-002 -0.23534490979458983        93.842265929655568     
  0.67000000000000004       0.10000881401500876      -0.22159941258562510        95.260654445828834     
  0.68000000000000005       0.10150148288090441      -0.20640301356444568        96.679258834513533     
  0.69000000000000006       0.10299415174680006      -0.18971924845169169        98.098097558187192     
  0.70000000000000007       0.10448682061269572      -0.17151930295645443        99.517188981340666     
  0.70999999999999996       0.10597948947859136      -0.15177344395034278        100.93655136963218     
  0.71999999999999997       0.10747215834448702      -0.12441566842387328        102.44566343620694     
  0.72999999999999998       0.10896482721038266      -0.10144680307628889        103.86694863235438     
  0.73999999999999999       0.11045749607627832       -7.6670507005838509E-002   105.28856064012757     
  0.75000000000000000       0.11195016494217398       -5.0017337268563423E-002   106.71051998247576     
  0.76000000000000001       0.11344283380806963       -2.1425998459982321E-002   108.13284754177690     
  0.77000000000000002       0.11493550267396530        9.1191643600940474E-003   109.55556682163410     
  0.78000000000000003       0.11642817153986093        4.1737403541278875E-002   110.97869351753849     
  0.79000000000000004       0.11792084040575659        7.6409723591106302E-002   112.40225145698653     
  0.80000000000000004       0.11941350927165224       0.11319048283601828        113.82626154217579     
  0.81000000000000005       0.12090617813754791       0.15209420901933074        115.25074457323520     
  0.82000000000000006       0.12239884700344356       0.19316345927098832        116.67572123130239     
  0.83000000000000007       0.12389151586933921       0.23643460399973587        118.10121206682086     
  0.83999999999999997       0.12538418473523485       0.28191658699073358        119.52723749136857     
  0.84999999999999998       0.12687685360113049       0.32966009353968567        120.95381777226550     
  0.85999999999999999       0.12836952246702615       0.37967947306685057        122.38097302904859     
  0.87000000000000000       0.12986219133292182       0.43199095410175348        123.80872323191093     
  0.88000000000000000       0.13135486019881748       0.48665824871519053        125.23708820131523     
  0.89000000000000001       0.13284752906471312       0.54368037625761922        126.66608760874128     
  0.90000000000000002       0.13434019793060878       0.60306862623310975        128.09574097859240     
  0.91000000000000003       0.13583286679650441       0.66489196234770731        129.52606769069089     
  0.92000000000000004       0.13732553566240008       0.72913497584885967        130.95708698356609     
  0.93000000000000005       0.13881820452829574       0.79584502622947495        132.38881795829789     
  0.94000000000000006       0.14031087339419140       0.86505285101089713        133.82127958282280     
  0.95000000000000007       0.14180354226008707       0.93675989490685996        135.25449069676714     
  0.95999999999999996       0.14329621112598268        1.0110166052981486        136.68847001637747     
  0.96999999999999997       0.14478887999187834        1.0878342860989212        138.12323613996588     
  0.97999999999999998       0.14628154885777397        1.1672481959068914        139.55880755343043     
  0.98999999999999999       0.14777421772366964        1.2492916339439204        140.99520263610128     
   1.0000000000000000       0.14926688658956530        1.3339666300241770        142.43243966645574     
   1.0100000000000000       0.15075955545546096        1.4213278196455483        143.87053682815210     
   1.0200000000000000       0.15225222432135663        1.5113847590289573        145.30951221612273     
   1.0300000000000000       0.15374489318725226        1.6041659405929010        146.74938384241486     
   1.0400000000000000       0.15523756205314793        1.6997061177194297        148.19016964243292     
   1.0500000000000000       0.15673023091904359        1.7980365082991125        149.63188748070300     
   1.0600000000000001       0.15822289978493922        1.8991868470724600        151.07455515702816     
   1.0700000000000001       0.15971556865083486        2.0031778235302746        152.51819041210825     
   1.0800000000000001       0.16120823751673052        2.1100440172992219        153.96281093349342     
   1.0900000000000001       0.16270090638262619        2.2198297239115798        155.40843436113209     
   1.1000000000000001       0.16419357524852185        2.3325236327077437        156.85507829278012     
   1.1100000000000001       0.16568624411441751        2.4481953559466567        158.30276028953875     
   1.1200000000000001       0.16717891298031315        2.5668807619042231        159.75149788096223     
   1.1300000000000001       0.16867158184620881        2.6885905106225052        161.20130856998665     
   1.1400000000000001       0.17016425071210448        2.8133699270145911        162.65220983796777     
   1.1500000000000001       0.17165691957800014        2.9412400785991935        164.10421914924356     
   1.1599999999999999       0.17314958844389572        3.0722408934502505        165.55735395549064     
   1.1699999999999999       0.17464225730979138        3.2063966542893856        167.01163170017969     
   1.1799999999999999       0.17613492617568705        3.3437733068922717        168.46706982248327     
   1.1899999999999999       0.17762759504158271        3.4843901317147297        169.92368576113631     
   1.2000000000000000       0.17912026390747834        3.6282618931846922        171.38149695807488     
   1.2100000000000000       0.18061293277337401        3.7754480118115130        172.84052086167091     
   1.2200000000000000       0.18210560163926967        3.9259898400899544        174.30077357266245     
   1.2300000000000000       0.18359827050516533        4.0799007264553984        175.76227542313595     
   1.2400000000000000       0.18509093937106097        4.2372248022301839        177.22504239029431     
   1.2500000000000000       0.18658360823695661        4.3980006704673293        178.68909197690763     
   1.2600000000000000       0.18807627710285227        4.5622716993060850        180.15444170586778     
   1.2700000000000000       0.18956894596874793        4.7300676825838721        181.62110912199677     
   1.2800000000000000       0.19106161483464359        4.9014486819387066        183.08911179380397     
   1.2900000000000000       0.19255428370053923        5.0764062289061727        184.55846731500600     
   1.3000000000000000       0.19404695256643489        5.2550118083494377        186.02919330560016     
   1.3100000000000001       0.19553962143233056        5.4373394660402656        187.50130741310690     
   1.3200000000000001       0.19703229029822622        5.6233633699252250        188.97482731316390     
   1.3300000000000001       0.19852495916412186        5.8131459446561715        190.44977071008515     
   1.3400000000000001       0.20001762803001752        6.0067332746666597        191.92615533714320     
   1.3500000000000001       0.20151029689591318        6.2041733729519883        193.40399895665962     
   1.3600000000000001       0.20300296576180882        6.4054909175000514        194.88331935964251     
   1.3700000000000001       0.20449563462770448        6.6107205241395004        196.36413436563475     
   1.3800000000000001       0.20598830349360012        6.8199225928837741        197.84646182189508     
   1.3900000000000001       0.20748097235949578        7.0330961150833593        199.33031960257352     
   1.4000000000000001       0.20897364122539144        7.2503188453892111        200.81572560767142     
   1.4099999999999999       0.21046631009128708        7.4716448231967609        202.30269776154699     
   1.4199999999999999       0.21195897895718271        7.6970569314298904        203.79125401168355     
   1.4299999999999999       0.21345164782307838        7.9266220195138919        205.28141232677569     
   1.4399999999999999       0.21494431668897404        8.1603902190237960        206.77319069489943     
   1.4500000000000000       0.21643698555486970        8.3984142021503274        208.26660712118718     
   1.4600000000000000       0.21792965442076531        8.6406823986260548        209.76167962581127     
   1.4700000000000000       0.21942232328666098        8.8872627422812691        211.25842624128188     
   1.4800000000000000       0.22091499215255664        9.1381992021940217        212.75686500986569     
   1.4900000000000000       0.22240766101845230        9.3934789877364651        214.25701398051709     
   1.5000000000000000       0.22390032988434797        9.6532288429478292        215.75889120617219     
   1.5100000000000000       0.22539299875024360        9.9174049782892695        217.26251474035263     
   1.5200000000000000       0.22688566761613926        10.186059537954062        218.76790263393696     
   1.5300000000000000       0.22837833648203493        10.459245850520153        220.27507293145325     
   1.5400000000000000       0.22987100534793059        10.737013098476647        221.78404366779426     
   1.5500000000000000       0.23136367421382620        11.019348247624213        223.29483286429965     
   1.5600000000000001       0.23285634307972186        11.306345782130716        224.80746021862441     
   1.5700000000000001       0.23434901194561752        11.597982595584494        226.32194050306273     
   1.5800000000000001       0.23584168081151319        11.894297083428667        227.83829319662320     
   1.5900000000000001       0.23733434967740882        12.195340998691226        229.35653622586977     
   1.6000000000000001       0.23882701854330449        12.501135760078414        230.87668748356228     
   1.6100000000000001       0.24031968740920015        12.811696904746700        232.39876482411933     
   1.6200000000000001       0.24181235627509581        13.127067529235608        233.92278605900032     
   1.6300000000000001       0.24330502514099148        13.447292615302997        235.44876895259387     
   1.6400000000000001       0.24479769400688711        13.772352947953589        236.97673121748932     
   1.6500000000000001       0.24629036287278278        14.102314782716292        238.50669050969083     
   1.6600000000000001       0.24778303173867841        14.437201503768144        240.03866442438877     
   1.6699999999999999       0.24927570060457405        14.777005555924649        241.57267049111653     
   1.6799999999999999       0.25076836947046971        15.121779608831080        243.10872616887985     
   1.6899999999999999       0.25226103833636537        15.471520287826102        244.64684884195816     
   1.7000000000000000       0.25375370720226098        15.826260032023326        246.18705581468046     
   1.7100000000000000       0.25524637606815664        16.186048611076931        247.72936430724400     
   1.7200000000000000       0.25673904493405231        16.550867961794545        249.27379145085874     
   1.7300000000000000       0.25823171379994797        16.920734855381930        250.82035428290541     
   1.7400000000000000       0.25972438266584363        17.295678617779998        252.36906974284861     
   1.7500000000000000       0.26121705153173930        17.675709837079371        253.91995466710398     
   1.7600000000000000       0.26270972039763496        18.060847330308029        255.47302578512830     
   1.7700000000000000       0.26420238926353057        18.451110679925556        257.02829971437501     
   1.7800000000000000       0.26569505812942623        18.846480425060129        258.58579295644080     
   1.7900000000000000       0.26718772699532189        19.247031362717131        260.14552189252845     
   1.8000000000000000       0.26868039586121756        19.652697836948882        261.70750277897673     
   1.8100000000000001       0.27017306472711317        20.063540559049319        263.27175174365470     
   1.8200000000000001       0.27166573359300883        20.479550961535949        264.83828478126907     
   1.8300000000000001       0.27315840245890449        20.900736829504165        266.40711775003393     
   1.8400000000000001       0.27465107132480016        21.327076824683989        267.97826636715820     
   1.8500000000000001       0.27614374019069582        21.758602665783695        269.55174620573484     
   1.8600000000000001       0.27763640905659148        22.195344851221826        271.12757269042925     
   1.8700000000000001       0.27912907792248715        22.637240606120606        272.70576109460870     
   1.8800000000000001       0.28062174678838281        23.084341795804878        274.28632653624652     
   1.8900000000000001       0.28211441565427842        23.536647929469073        275.86928397530738     
   1.9000000000000001       0.28360708452017414        23.994112526494163        277.45464820988428     
   1.9100000000000001       0.28509975338606974        24.456815105260681        279.04243387385168     
   1.9199999999999999       0.28659242225196535        24.924635321420084        280.63265543324667     
   1.9299999999999999       0.28808509111786101        25.397667002272197        282.22532718420109     
   1.9399999999999999       0.28957775998375668        25.875871852975827        283.82046324957548     
   1.9500000000000000       0.29107042884965234        26.359224689082950        285.41807757717703     
   1.9600000000000000       0.29256309771554795        26.847764731399533        287.01818393665479     
   1.9700000000000000       0.29405576658144367        27.341482077311046        288.62079591800727     
   1.9800000000000000       0.29554843544733927        27.840269157074577        290.22592692874093     
   1.9900000000000000       0.29704110431323499        28.344221044200868        291.83359019267226     
   2.0000000000000000       0.29853377317913060        28.853306466595345        293.44379874744811     
   2.0100000000000002       0.30002644204502632        29.367473907957070        295.05656544314985     
   2.0200000000000000       0.30151911091092193        29.886751653660291        296.67190294106348     
   2.0300000000000002       0.30301177977681759        30.411132390564720        298.28982371158105     
   2.0400000000000000       0.30450444864271325        30.940530236815246        299.91034003374301     
   2.0499999999999998       0.30599711750860881        31.475031868009633        301.53346399330042     
   2.0600000000000001       0.30748978637450453        32.014571444856955        303.15920748254291     
   2.0699999999999998       0.30898245524040013        32.559085481831637        304.78758219861049     
   2.0800000000000001       0.31047512410629585        33.108653182059982        306.41859964360037     
   2.0899999999999999       0.31196779297219146        33.663188390390197        308.05227112312110     
   2.1000000000000001       0.31346046183808718        34.222709711955538        309.68860774666797     
   2.1099999999999999       0.31495313070398279        34.787116479670942        311.32762042641241     
   2.1200000000000001       0.31644579956987845        35.356483068703866        312.96931987783552     
   2.1299999999999999       0.31793846843577406        35.930804276319961        314.61371661874222     
   2.1400000000000001       0.31943113730166972        36.509961700477930        316.26082097014000     
   2.1499999999999999       0.32092380616756538        37.093923716764337        317.91064305558206     
   2.1600000000000001       0.32241647503346105        37.682859876552158        319.56319280171164     
   2.1699999999999999       0.32390914389935671        38.276503700822133        321.21847993894454     
   2.1800000000000002       0.32540181276525237        38.875012725056038        322.87651400109036     
   2.1899999999999999       0.32689448163114804        39.478238896387026        324.53730432681044     
   2.2000000000000002       0.32838715049704370        40.086238679573853        326.20086005930750     
   2.2100000000000000       0.32987981936293931        40.698991102552220        327.86719014798877     
   2.2200000000000002       0.33137248822883503        41.316370484730385        329.53630334831934     
   2.2300000000000000       0.33286515709473058        41.938515865274837        331.20820822367716     
   2.2400000000000002       0.33435782596062630        42.565222905660967        332.88291314535928     
   2.2500000000000000       0.33585049482652191        43.196523281790959        334.56042629461177     
   2.2600000000000002       0.33734316369241762        43.832522821187240        336.24075566277497     
   2.2700000000000000       0.33883583255831323        44.473034579940347        337.92390905347804     
   2.2800000000000002       0.34032850142420895        45.118074502507390        339.60989408290584     
   2.2900000000000000       0.34182117029010456        45.767614713671250        341.29871818214588     
   2.3000000000000003       0.34331383915600028        46.421654146633003        342.99038859756513     
   2.3100000000000001       0.34480650802189583        47.080191068915525        344.68491239329222     
   2.3199999999999998       0.34629917688779144        47.743098226653856        346.38229645169321     
   2.3300000000000001       0.34779184575368716        48.410431422902320        348.08254747597772     
   2.3399999999999999       0.34928451461958276        49.082183553601197        349.78567199075729     
   2.3500000000000001       0.35077718348547848        49.758214686695943        351.49167634476481     
   2.3599999999999999       0.35226985235137409        50.438570903226150        353.20056671148353     
   2.3700000000000001       0.35376252121726981        51.123250082151507        354.91234909196675     
   2.3799999999999999       0.35525519008316542        51.812151746673628        356.62702931552610     
   2.3900000000000001       0.35674785894906114        52.505295058729303        358.34461304264011     
   2.3999999999999999       0.35824052781495669        53.202677320139308        360.06510576568934     
   2.4100000000000001       0.35973319668085235        53.904217182894676        361.78851281194414     
   2.4199999999999999       0.36122586554674802        54.609814318285736        363.51483934433628     
   2.4300000000000002       0.36271853441264368        55.319623436809167        365.24409036451436     
   2.4399999999999999       0.36421120327853934        56.033524387599030        366.97627071364110     
   2.4500000000000002       0.36570387214443500        56.751401007961292        368.71138507551086     
   2.4600000000000000       0.36719654101033067        57.473366472851495        370.44943797735755     
   2.4700000000000002       0.36868920987622633        58.199348271249953        372.19043379302792     
   2.4800000000000000       0.37018187874212194        58.929217973193779        373.93437674379379     
   2.4900000000000002       0.37167454760801760        59.663164297140213        375.68127090141530     
   2.5000000000000000       0.37316721647391321        60.400913187560242        377.43112018971385     
   2.5100000000000002       0.37465988533980893        61.142578614764261        379.18392838614534     
   2.5200000000000000       0.37615255420570454        61.888091006075058        380.93969912489723     
   2.5300000000000002       0.37764522307160026        62.637488536966302        382.69843589770153     
   2.5400000000000000       0.37913789193749586        63.390584799261333        384.46014205710765     
   2.5500000000000003       0.38063056080339158        64.147543807084062        386.22482081727230     
   2.5600000000000001       0.38212322966928719        64.908176609563355        387.99247525709399     
   2.5699999999999998       0.38361589853518280        65.672588603205853        389.76310832177325     
   2.5800000000000001       0.38510856740107846        66.440635799510503        391.53672282436304     
   2.5899999999999999       0.38660123626697407        67.212422544136459        393.31332144890627     
   2.6000000000000001       0.38809390513286979        67.987710901462776        395.09290675116466     
   2.6099999999999999       0.38958657399876540        68.766718480318204        396.87548116192312     
   2.6200000000000001       0.39107924286466111        69.549252765053410        398.66104698767606     
   2.6299999999999999       0.39257191173055672        70.335375039080887        400.44960641376781     
   2.6400000000000001       0.39406458059645244        71.124951908113459        402.24116150587321     
   2.6499999999999999       0.39555724946234805        71.918088773960733        404.03571421145574     
   2.6600000000000001       0.39704991832824371        72.714707712374008        405.83326636289286     
   2.6699999999999999       0.39854258719413932        73.514710838546293        407.63381967805748     
   2.6800000000000002       0.40003525606003504        74.318152280539636        409.43737576343244     
   2.6899999999999999       0.40152792492593065        75.124988110823381        411.24393611550408     
   2.7000000000000002       0.40302059379182636        75.935188097699964        413.05350212212818     
   2.7100000000000000       0.40451326265772197        76.748809975387459        414.86607506544470     
   2.7200000000000002       0.40600593152361764        77.565601999442038        416.68165612321502     
   2.7300000000000000       0.40749860038951330        78.385739788661013        418.50024637012427     
   2.7400000000000002       0.40899126925540896        79.209096901305898        420.32184678084457     
   2.7500000000000000       0.41048393812130457        80.035766217782466        422.14645823040297     
   2.7600000000000002       0.41197660698720023        80.865665133335469        423.97408149722605     
   2.7700000000000000       0.41346927585309590        81.698676668774652        425.80471726435957     
   2.7800000000000002       0.41496194471899156        82.534879975836489        427.63836612065990     
   2.7900000000000000       0.41645461358488722        83.374253668057065        429.47502856361717     
   2.8000000000000003       0.41794728245078289        84.216689874354472        431.31470500050744     
   2.8100000000000001       0.41943995131667849        85.062250204058046        433.15739574951340     
   2.8199999999999998       0.42093262018257416        85.910838982789016        435.00310104250508     
   2.8300000000000001       0.42242528904846977        86.762582678532368        436.85182102612015     
   2.8399999999999999       0.42391795791436543        87.617185407574425        438.70355576281258     
   2.8500000000000001       0.42541062678026109        88.474920132823073        440.55830523359026     
   2.8599999999999999       0.42690329564615676        89.335519917417045        442.41606933902165     
   2.8700000000000001       0.42839596451205242        90.199125592280765        444.27684790021158     
   2.8799999999999999       0.42988863337794808        91.065725430007518        446.14064066149331     
   2.8900000000000001       0.43138130224384375        91.935109563958946        448.00744729136488     
   2.8999999999999999       0.43287397110973941        92.807514847995392        449.87726738338586     
   2.9100000000000001       0.43436663997563507        93.682677628945413        451.75010045883113     
   2.9199999999999999       0.43585930884153062        94.560665183672214        453.62594596754917     
   2.9300000000000002       0.43735197770742634        95.441595880560683        455.50480328878564     
   2.9399999999999999       0.43884464657332195        96.325208161176562        457.38667173379474     
   2.9500000000000002       0.44033731543921767        97.211612967124182        459.27155054642054     
   2.9600000000000000       0.44182998430511328        98.100848123311778        461.15943890486528     
   2.9700000000000002       0.44332265317100900        98.992805918511834        463.05033592221776     
   2.9800000000000000       0.44481532203690460        99.887431599683040        464.94424064900033     
   2.9900000000000002       0.44630799090280032        100.78478336864313        466.84115207386321     
   3.0000000000000000       0.44780065976869593        101.68478928107476        468.74106912423377     
   3.0100000000000002       0.44929332863459154        102.58746578170118        470.64399066883283     
   3.0200000000000000       0.45078599750048720        103.49274011559181        472.54991551829102     
   3.0300000000000002       0.45227866636638286        104.40071479700973        474.45884242572640     
   3.0400000000000000       0.45377133523227853        105.31127091586950        476.37077008922665     
   3.0500000000000003       0.45526400409817419        106.22433438664797        478.28569715217418     
   3.0600000000000001       0.45675667296406985        107.14002843798779        480.20362220484122     
   3.0700000000000003       0.45824934182996552        108.05815764365657        482.12454378466111     
   3.0800000000000001       0.45974201069586118        108.97888965278264        484.04846037865804     
   3.0899999999999999       0.46123467956175673        109.90213789997220        485.97537042367918     
   3.1000000000000001       0.46272734842765240        110.82790386452886        487.90527230792196     
   3.1099999999999999       0.46422001729354806        111.75603923011737        489.83816437111295     
   3.1200000000000001       0.46571268615944372        112.68667604655967        491.77404490688821     
   3.1299999999999999       0.46720535502533939        113.61977308027598        493.71291216293696     
   3.1400000000000001       0.46869802389123505        114.55531931751959        495.65476434246244     
   3.1499999999999999       0.47019069275713071        115.49314410914884        497.59959960427125     
   3.1600000000000001       0.47168336162302638        116.43328488484831        499.54741606511243     
   3.1699999999999999       0.47317603048892204        117.37605636603421        501.49821179972906     
   3.1800000000000002       0.47466869935481765        118.32100106565265        503.45198484226211     
   3.1899999999999999       0.47616136822071331        119.26831819974642        505.40873318625205     
   3.2000000000000002       0.47765403708660897        120.21798675829578        507.36845478693675     
   3.2100000000000000       0.47914670595250458        121.16981676751141        509.33114756122188     
   3.2200000000000002       0.48063937481840030        122.12418006971519        511.29680938902555     
   3.2300000000000000       0.48213204368429591        123.08058794773029        513.26543811319505     
   3.2400000000000002       0.48362471255019163        124.03924372921169        515.23703154177474     
   3.2500000000000000       0.48511738141608723        125.00020408748958        517.21158744788886     
   3.2600000000000002       0.48661005028198295        125.96344953743966        519.18910357079608     
   3.2700000000000000       0.48810271914787851        126.92885483382724        521.16957761693232     
   3.2800000000000002       0.48959538801377422        127.89640176937337        523.15300725973066     
   3.2900000000000000       0.49108805687966983        128.86618250250865        525.13939014184552     
   3.3000000000000003       0.49258072574556555        129.83809491597583        527.12872387494065     
   3.3100000000000001       0.49407339461146116        130.81211863917258        529.12100604092586     
   3.3200000000000003       0.49556606347735682        131.78824898340469        531.11623419169473     
   3.3300000000000001       0.49705873234325249        132.76652877742993        533.11440585132925     
   3.3399999999999999       0.49855140120914809        133.74695828959560        535.11551851581021     
   3.3500000000000001       0.50004407007504370        134.72953835401810        537.11956965395723     
   3.3599999999999999       0.50153673894093942        135.71398939148085        539.12655670835818     
   3.3700000000000001       0.50302940780683503        136.70062314208195        541.13647709502061     
   3.3799999999999999       0.50452207667273075        137.68931671790162        543.14932820554475     
   3.3900000000000001       0.50601474553862635        138.68007159928993        545.16510740675005     
   3.3999999999999999       0.50750741440452196        139.67275580447333        547.18381204155389     
   3.4100000000000001       0.50900008327041768        140.66750446389301        549.20543942985023     
   3.4199999999999999       0.51049275213631329        141.66416535145592        551.22998686807250     
   3.4300000000000002       0.51198542100220901        142.66292925860714        553.25745163134718     
   3.4399999999999999       0.51347808986810461        143.66370417175202        555.28783097303369     
   3.4500000000000002       0.51497075873400033        144.66635604204049        557.32112212555569     
   3.4600000000000000       0.51646342759989594        145.67086335415212        559.35732230095948     
   3.4700000000000002       0.51795609646579166        146.67740557891690        561.39643276598792     
   3.4800000000000000       0.51944876533168727        147.68584834989699        563.43844258095112     
   3.4900000000000002       0.52094143419758299        148.69613393773895        565.48335293741036     
   3.5000000000000000       0.52243410306347859        149.70842209243949        567.53116097129794     
   3.5100000000000002       0.52392677192937431        150.72254225403273        569.58186380080974     
   3.5200000000000000       0.52541944079526992        151.73851670204019        571.63545852717471     
   3.5300000000000002       0.52691210966116553        152.75638285271211        573.69194223405282     
   3.5400000000000000       0.52840477852706114        153.77606961793629        575.75131198964959     
   3.5500000000000003       0.52989744739295686        154.79757252541020        577.81356484609569     
   3.5600000000000001       0.53139011625885246        155.82094845388195        579.87869784017835     
   3.5700000000000003       0.53288278512474818        156.84612630717899        581.94670799379355     
   3.5800000000000001       0.53437545399064379        157.87313175307401        584.01759231466860     
   3.5899999999999999       0.53586812285653940        158.90196237565021        586.09134779567478     
   3.6000000000000001       0.53736079172243512        159.93248423831187        588.16797141693576     
   3.6099999999999999       0.53885346058833072        160.96476362946657        590.24746014512084     
   3.6200000000000001       0.54034612945422633        161.99880211074915        592.32981093413593     
   3.6299999999999999       0.54183879832012205        163.03454959402697        594.41502072552464     
   3.6400000000000001       0.54333146718601766        164.07224391675146        596.50308644886036     
   3.6499999999999999       0.54482413605191338        165.11155214261902        598.59400502241988     
   3.6600000000000001       0.54631680491780898        166.15241102121911        600.68777335240782     
   3.6699999999999999       0.54780947378370459        167.19531640341441        602.78438833505686     
   3.6800000000000002       0.54930214264960031        168.23966856178157        604.88384685583776     
   3.6899999999999999       0.55079481151549603        169.28584095189342        606.98614579010189     
   3.7000000000000002       0.55228748038139164        170.33363875500373        609.09128200343162     
   3.7100000000000000       0.55378014924728725        171.38298404175870        611.19925235197957     
   3.7200000000000002       0.55527281811318296        172.43411469941583        613.31005368310457     
   3.7300000000000000       0.55676548697907857        173.48715224341535        615.42368283450742     
   3.7400000000000002       0.55825815584497429        174.54136274987567        617.54013663633668     
   3.7500000000000000       0.55975082471086990        175.59730945869234        619.65941191031698     
   3.7600000000000002       0.56124349357676562        176.65510838232129        621.78150547035295     
   3.7700000000000000       0.56273616244266111        177.71449654157007        623.90641412283276     
   3.7800000000000002       0.56422883130855683        178.77520171205146        626.03413466692598     
   3.7900000000000000       0.56572150017445255        179.83773042229032        628.16466389517802     
   3.8000000000000003       0.56721416904034827        180.90190204584997        630.29799859257378     
   3.8100000000000001       0.56870683790624377        181.96747915263606        632.43413553865059     
   3.8200000000000003       0.57019950677213949        183.03466134144261        634.57307150655004     
   3.8300000000000001       0.57169217563803509        184.10357818958084        636.71480326358858     
   3.8399999999999999       0.57318484450393070        185.17368261424232        638.85932757152489     
   3.8500000000000001       0.57467751336982642        186.24569512624706        641.00664118681334     
   3.8599999999999999       0.57617018223572203        187.31910438503428        643.15674086085789     
   3.8700000000000001       0.57766285110161775        188.39393519569489        645.30962334057540     
   3.8799999999999999       0.57915551996751335        189.47036234746341        647.46528536737185     
   3.8900000000000001       0.58064818883340907        190.54836352472927        649.62372367927844     
   3.8999999999999999       0.58214085769930468        191.62770125115591        651.78493500991726     
   3.9100000000000001       0.58363352656520029        192.70866107931568        653.94891608904607     
   3.9199999999999999       0.58512619543109590        193.79105678849024        656.11566364278031     
   3.9300000000000002       0.58661886429699162        194.87505691891428        658.28517439381335     
   3.9399999999999999       0.58811153316288733        195.96048700493671        660.45744506162839     
   3.9500000000000002       0.58960420202878294        197.04738121464121        662.63247236270934     
   3.9600000000000000       0.59109687089467855        198.13549095790808        664.81025301107081     
   3.9700000000000002       0.59258953976057427        199.22531634366075        666.99078371715552     
   3.9800000000000000       0.59408220862646999        200.31674527777068        669.17406118998872     
   3.9900000000000002       0.59557487749236560        201.40910090120536        671.36008213606510     
   4.0000000000000000       0.59706754635826120        202.50322264485396        673.54884325986370     
   4.0099999999999998       0.59856021522415681        203.59861196759365        675.74034126403456     
   4.0200000000000005       0.60005288409005264        204.69546911394329        677.93457284957776     
   4.0300000000000002       0.60154555295594814        205.79386551743235        680.13153471602186     
   4.0400000000000000       0.60303822182184386        206.89353740632816        682.33122356159720     
   4.0499999999999998       0.60453089068773946        207.99443415438924        684.53363608340624     
   4.0600000000000005       0.60602355955363518        209.09692410874925        686.73876897792866     
   4.0700000000000003       0.60751622841953079        210.20075549040260        688.94661893982902     
   4.0800000000000001       0.60900889728542651        211.30595436367534        691.15718266414945     
   4.0899999999999999       0.61050156615132212        212.41247670248526        693.37045684511031     
   4.0999999999999996       0.61199423501721761        213.52045388490967        695.58643817660220     
   4.1100000000000003       0.61348690388311344        214.62967623273013        697.80512335233641     
   4.1200000000000001       0.61497957274900905        215.74024236496075        700.02650906598910     
   4.1299999999999999       0.61647224161490466        216.85212293556586        702.25059201134775     
   4.1399999999999997       0.61796491048080027        217.96535139288832        704.47736888245072     
   4.1500000000000004       0.61945757934669610        219.08003524511366        706.70683637372281     
   4.1600000000000001       0.62095024821259170        220.19594669108338        708.93899118046363     
   4.1699999999999999       0.62244291707848731        221.31312434793551        711.17382999757206     
   4.1799999999999997       0.62393558594438292        222.43157333737415        713.41134952178447     
   4.1900000000000004       0.62542825481027864        223.55148790553181        715.65154645039536     
   4.2000000000000002       0.62692092367617436        224.67265724460330        717.89441748173022     
   4.2100000000000000       0.62841359254206985        225.79495203985485        720.13995931526870     
   4.2199999999999998       0.62990626140796557        226.91852290658923        722.38816865176182     
   4.2300000000000004       0.63139893027386129        228.04345788766560        724.63904219334665     
   4.2400000000000002       0.63289159913975690        229.16968430938127        726.89257664366062     
   4.2500000000000000       0.63438426800565251        230.29710799224497        729.14876870795047     
   4.2599999999999998       0.63587693687154812        231.42574621283367        731.40761509318361     
   4.2700000000000005       0.63736960573744394        232.55585926901742        733.66911250815031     
   4.2800000000000002       0.63886227460333944        233.68702359502961        735.93325766393457     
   4.2900000000000000       0.64035494346923516        234.81945861435221        738.20004727255207     
   4.2999999999999998       0.64184761233513077        235.95296460501950        740.46947804924503     
   4.3100000000000005       0.64334028120102660        237.08797413979494        742.74154671111353     
   4.3200000000000003       0.64483295006692209        238.22411531523727        745.01624997757642     
   4.3300000000000001       0.64632561893281781        239.36154515522080        747.29358457046783     
   4.3399999999999999       0.64781828779871342        240.50002969008011        749.57354721412128     
   4.3500000000000005       0.64931095666460914        241.63981793120740        751.85613463546179     
   4.3600000000000003       0.65080362553050475        242.78062077916894        754.14134356409272     
   4.3700000000000001       0.65229629439640036        243.92292186250026        756.42917073237868     
   4.3799999999999999       0.65378896326229607        245.06615595237443        758.71961287552915     
   4.3899999999999997       0.65528163212819157        246.21070158700968        761.01266673167743     
   4.4000000000000004       0.65677430099408740        247.35644627119945        763.30832904196302     
   4.4100000000000001       0.65826696985998301        248.50336373087225        765.60659655060488     
   4.4199999999999999       0.65975963872587862        249.65137223990649        767.90746600536193     
   4.4299999999999997       0.66125230759177422        250.80069414868584        770.21093415607425     
   4.4400000000000004       0.66274497645767005        251.95089820519749        772.51699775703150     
   4.4500000000000002       0.66423764532356566        253.10248654595821        774.82565356551299     
   4.4600000000000000       0.66573031418946116        254.25500864151155        777.13689834223851     
   4.4699999999999998       0.66722298305535688        255.40892159089969        779.45072885143531     
   4.4800000000000004       0.66871565192125260        256.56382249329806        781.76714186090408     
   4.4900000000000002       0.67020832078714832        257.71968349328722        784.08613414207946     
   4.5000000000000000       0.67170098965304381        258.87707216906171        786.40770247009732     
   4.5099999999999998       0.67319365851893953        260.03555401294699        788.73184362385291     
   4.5200000000000005       0.67468632738483525        261.19496435181600        791.05855438605840     
   4.5300000000000002       0.67617899625073075        262.35551891875360        793.38783154330508     
   4.5400000000000000       0.67767166511662646        263.51734428214905        795.71967188611541     
   4.5499999999999998       0.67916433398252207        264.67989028748343        798.05407220900088     
   4.5600000000000005       0.68065700284841790        265.84396760073724        800.39102931051639     
   4.5700000000000003       0.68214967171431340        267.00882432247028        802.73053999371257     
   4.5800000000000001       0.68364234058020912        268.17492955884853        805.07260106457704     
   4.5899999999999999       0.68513500944610473        269.34219485312246        807.41720933450301     
   4.6000000000000005       0.68662767831200056        270.51015937956669        809.76436161872334     
   4.6100000000000003       0.68812034717789605        271.67973097218288        812.11405473676177     
   4.6200000000000001       0.68961301604379166        272.85013720811725        814.46628551248125     
   4.6299999999999999       0.69110568490968738        274.02147762037094        816.82105077412780     
   4.6399999999999997       0.69259835377558288        275.19406686748778        819.17834735436998     
   4.6500000000000004       0.69409102264147871        276.36763821918419        821.53817209035014     
   4.6600000000000001       0.69558369150737431        277.54225221541657        823.90052182371892     
   4.6699999999999999       0.69707636037327003        278.71792134151440        826.26539340067688     
   4.6799999999999997       0.69856902923916553        279.89485056762777        828.63278367201622     
   4.6900000000000004       0.70006169810506136        281.07270736786523        831.00268949316001     
   4.7000000000000002       0.70155436697095697        282.25158482474109        833.37510772419239     
   4.7100000000000000       0.70304703583685246        283.43106963948543        835.75003522990460     
   4.7199999999999998       0.70453970470274818        284.61209642340725        838.12746887982371     
   4.7300000000000004       0.70603237356864390        285.79387582953575        840.50740554824813     
   4.7400000000000002       0.70752504243453962        286.97704139857024        842.88984211428328     
   4.7500000000000000       0.70901771130043512        288.16107624572930        845.27477546187060     
   4.7599999999999998       0.71051038016633083        289.34598681680450        847.66220248024945     
   4.7700000000000005       0.71200304903222655        290.53212097446061        850.05212006227714     
   4.7800000000000002       0.71349571789812227        291.71920583305820        852.44452510702286     
   4.7900000000000000       0.71498838676401777        292.90712635012852        854.83941451808471     
   4.7999999999999998       0.71648105562991338        294.09616979936516        857.23678520404997     
   4.8100000000000005       0.71797372449580921        295.28590215596626        859.63663407851902     
   4.8200000000000003       0.71946639336170470        296.47738706999036        862.03895806013134     
   4.8300000000000001       0.72095906222760042        297.66911968138749        864.44375407259258     
   4.8399999999999999       0.72245173109349603        298.86231981885931        866.85101904470037     
   4.8500000000000005       0.72394439995939186        300.05617874884825        869.26074991036239     
   4.8600000000000003       0.72543706882528736        301.25102352596639        871.67294360862945     
   4.8700000000000001       0.72692973769118308        302.44683133580793        874.08759708370735     
   4.8799999999999999       0.72842240655707868        303.64402372692479        876.50470728498885     
   4.8899999999999997       0.72991507542297418        304.84174439796340        878.92427116706494     
   4.9000000000000004       0.73140774428887001        306.04069860558536        881.34628568975302     
   4.9100000000000001       0.73290041315476562        307.24090791754696        883.77074781811245     
   4.9199999999999999       0.73439308202066134        308.44136747431349        886.19765452246327     
   4.9299999999999997       0.73588575088655683        309.64294659318097        888.62700277840815     
   4.9400000000000004       0.73737841975245266        310.84550751445465        891.05878956684660     
   4.9500000000000002       0.73887108861834827        312.04938858445672        893.49301187399180     
   4.9600000000000000       0.74036375748424388        313.25409189101720        895.92966669139059     
   4.9699999999999998       0.74185642635013949        314.45953078624166        898.36875101593523     
   4.9800000000000004       0.74334909521603520        315.66590501862481        900.81026184988173     
   4.9900000000000002       0.74484176408193092        316.87307268786952        903.25419620131788     
   5.0000000000000000       0.74633443294782642        318.08133525847984        905.70055108235590     
   5.0099999999999998       0.74782710181372214        319.29100632887537        908.14932351188099     
   5.0200000000000005       0.74931977067961786        320.50102908718441        910.60051051373841     
   5.0300000000000002       0.75081243954551358        321.71178260591540        913.05410911720242     
   5.0400000000000000       0.75230510841140907        322.92399710280023        915.51011635699058     
   5.0499999999999998       0.75379777727730468        324.13653927250283        917.96852927327427     
   5.0600000000000005       0.75529044614320051        325.35053898705365        920.42934491168876     
   5.0700000000000003       0.75678311500909612        326.56579929931246        922.89256032333969     
   5.0800000000000001       0.75827578387499173        327.78106922857194        925.35817256482289     
   5.0899999999999999       0.75976845274088733        328.99752559837594        927.82617869822195     
   5.1000000000000005       0.76126112160678316        330.21521645540480        930.29657579112666     
   5.1100000000000003       0.76275379047267866        331.43328973631253        932.76936091663538     
   5.1200000000000001       0.76424645933857438        332.65278559202608        935.24453115336610     
   5.1299999999999999       0.76573912820446999        333.87302642864069        937.72208358546152     
   5.1399999999999997       0.76723179707036560        335.09375756021643        940.20201530260044     
   5.1500000000000004       0.76872446593626131        336.31574069958964        942.68432339999958     
   5.1600000000000001       0.77021713480215692        337.53886103058181        945.16900497841925     
   5.1699999999999999       0.77170980366805264        338.76211758899183        947.65605714417700     
   5.1799999999999997       0.77320247253394814        339.98676313508093        950.14547700914261     
   5.1900000000000004       0.77469514139984397        341.21190646748153        952.63726169075312     
   5.2000000000000002       0.77618781026573958        342.43882231415830        955.13140831200826     
   5.2100000000000000       0.77768047913163529        343.66545034759037        957.62791400147989     
   5.2199999999999998       0.77917314799753079        344.89328989452412        960.12677589331690     
   5.2300000000000004       0.78066581686342651        346.12246334925976        962.62799112724440     
   5.2400000000000002       0.78215848572932223        347.35226415429668        965.13155684857145     
   5.2500000000000000       0.78365115459521784        348.58267664025647        967.63747020818926     
   5.2599999999999998       0.78514382346111344        349.81457715545469        970.14572836257673     
   5.2700000000000005       0.78663649232700916        351.04629486180215        972.65632847380391     
   5.2800000000000002       0.78812916119290488        352.27965810718877        975.16926771002079     
   5.2900000000000000       0.78962183005880049        353.51380060315199        977.68454324349602     
   5.2999999999999998       0.79111449892469610        354.74804955755616        980.20215225356719     
   5.3100000000000005       0.79260716779059182        355.98393912495607        982.72209192467187     
   5.3200000000000003       0.79409983665648742        357.22080152996261        985.24435944684637     
   5.3300000000000001       0.79559250552238303        358.45823217684784        987.76895201571961     
   5.3399999999999999       0.79708517438827864        359.69623183798660        990.29586683251591     
   5.3500000000000005       0.79857784325417447        360.93514147868882        992.82510110405553     
   5.3600000000000003       0.80007051212007008        362.17494169782992        995.35665204275142     
   5.3700000000000001       0.80156318098596568        363.41569449812499        997.89051686661264     
   5.3799999999999999       0.80305584985186129        364.65720916799933        1000.4266927992354     
   5.3899999999999997       0.80454851871775690        365.89976063907017        1002.9651770698111     
   5.4000000000000004       0.80604118758365273        367.14268788883498        1005.5059669131208     
   5.4100000000000001       0.80753385644954823        368.38641288168725        1008.0490595695267     
   5.4199999999999999       0.80902652531544395        369.63104830054709        1010.5944522849824     
   5.4299999999999997       0.81051919418133955        370.87680870411253        1013.1421423110204     
   5.4400000000000004       0.81201186304723527        372.12352692581692        1015.6921269047557     
   5.4500000000000002       0.81350453191313088        373.37034457994878        1018.2444033288772     
   5.4600000000000000       0.81499720077902660        374.61830475033292        1020.7989688516502     
   5.4699999999999998       0.81648986964492221        375.86690048256190        1023.3558207469100     
   5.4800000000000004       0.81798253851081792        377.11678958884272        1025.9149562940586     
   5.4900000000000002       0.81947520737671353        378.36697737609086        1028.4763727780605     
   5.5000000000000000       0.82096787624260914        379.61840538133771        1031.0400674894431     
   5.5099999999999998       0.82246054510850475        380.86994247563706        1033.6060377242845     
   5.5200000000000005       0.82395321397440047        382.12265596559001        1036.1742807842154     
   5.5300000000000002       0.82544588284029619        383.37643527039563        1038.7447939764140     
   5.5400000000000000       0.82693855170619179        384.63022212274950        1041.3175746135989     
   5.5499999999999998       0.82843122057208740        385.88519941373283        1043.8926200140249     
   5.5600000000000005       0.82992388943798312        387.14154436094134        1046.4699275014802     
   5.5700000000000003       0.83141655830387884        388.39822590255085        1049.0494944052741     
   5.5800000000000001       0.83290922716977445        389.65544869867546        1051.6313180602433     
   5.5899999999999999       0.83440189603566994        390.91338517110961        1054.2153958067368     
   5.6000000000000005       0.83589456490156577        392.17285783494117        1056.8017249906102     
   5.6100000000000003       0.83738723376746138        393.43247579798344        1059.3903029632272     
   5.6200000000000001       0.83887990263335699        394.69231122035177        1061.9811270814439     
   5.6299999999999999       0.84037257149925260        395.95410493070494        1064.5741947076115     
   5.6399999999999997       0.84186524036514832        397.21602404099957        1067.1695032095629     
   5.6500000000000004       0.84335790923104403        398.47870151284502        1069.7670499606090     
   5.6600000000000001       0.84485057809693953        399.74222677498540        1072.3668323395336     
   5.6699999999999999       0.84634324696283525        401.00639058354142        1074.9688477305826     
   5.6799999999999997       0.84783591582873086        402.27155570375294        1077.5730935234617     
   5.6900000000000004       0.84932858469462669        403.53717445771338        1080.1795671133227     
   5.7000000000000002       0.85082125356052218        404.80418017996067        1082.7882659007655     
   5.7100000000000000       0.85231392242641790        406.07147232396733        1085.3991872923705     
   5.7199999999999998       0.85380659129231351        407.33895285885967        1088.0123286984997     
   5.7300000000000004       0.85529926015820934        408.60811046307981        1090.6276875365829     
   5.7400000000000002       0.85679192902410484        409.87738900381947        1093.2452612289130     
   5.7500000000000000       0.85828459789000044        411.14751099672520        1095.8650472031864     
   5.7599999999999998       0.85977726675589616        412.41855234904364        1098.4870428924987     
   5.7700000000000005       0.86126993562179177        413.69045829599634        1101.1112457353297     
   5.7800000000000002       0.86276260448768749        414.96262537063620        1103.7376531755442     
   5.7900000000000000       0.86425527335358310        416.23572185127671        1106.3662626623773     
   5.7999999999999998       0.86574794221947882        417.50919806799709        1108.9970716504238     
   5.8100000000000005       0.86724061108537442        418.78391937731368        1111.6300775996376     
   5.8200000000000003       0.86873327995127014        420.05913459494531        1114.2652779753164     
   5.8300000000000001       0.87022594881716575        421.33551459189022        1116.9026702480971     
   5.8399999999999999       0.87171861768306125        422.61241807841418        1119.5422518939438     
   5.8500000000000005       0.87321128654895708        423.88957251466377        1122.1840203941429     
   5.8600000000000003       0.87470395541485269        425.16764383920105        1124.8279732352837     
   5.8700000000000001       0.87619662428074840        426.44647888547354        1127.4741079092680     
   5.8799999999999999       0.87768929314664390        427.72649941732186        1130.1224219132823     
   5.8899999999999997       0.87918196201253962        429.00717147280932        1132.7729127497983     
   5.9000000000000004       0.88067463087843534        430.28760930015522        1135.4255779265616     
   5.9100000000000001       0.88216729974433106        431.56910829356644        1138.0804149565829     
   5.9199999999999999       0.88365996861022655        432.85188135145637        1140.7374213581245     
   5.9299999999999997       0.88515263747612216        434.13568681598946        1143.3965946546966     
   5.9400000000000004       0.88664530634201799        435.41912222072438        1146.0579323750455     
   5.9500000000000002       0.88813797520791349        436.70341965648356        1148.7214320531425     
   5.9600000000000000       0.88963064407380921        437.98873293232060        1151.3870912281723     
   5.9699999999999998       0.89112331293970481        439.27479463356434        1154.0549074445278     
   5.9800000000000004       0.89261598180560064        440.56118211245217        1156.7248782518009     
   5.9900000000000002       0.89410865067149614        441.84905022473885        1159.3970012047655     
   6.0000000000000000       0.89560131953739186        443.13689157951666        1162.0712738633727     
   6.0099999999999998       0.89709398840328747        444.42577349291736        1164.7476937927404     
   6.0200000000000005       0.89858665726918308        445.71447146092305        1167.4262585631432     
   6.0300000000000002       0.90007932613507879        447.00501502573536        1170.1069657499995     
   6.0400000000000000       0.90157199500097440        448.29583923268808        1172.7898129338630     
   6.0499999999999998       0.90306466386687012        449.58722175711324        1175.4747977004154     
   6.0600000000000005       0.90455733273276573        450.87883127923880        1178.1619176404477     
   6.0700000000000003       0.90605000159866145        452.17210373568366        1180.8511703498632     
   6.0800000000000001       0.90754267046455706        453.46567125238818        1183.5425534296503     
   6.0899999999999999       0.90903533933045255        454.75951157735017        1186.2360644858859     
   6.1000000000000005       0.91052800819634838        456.05452840713747        1188.9317011297192     
   6.1100000000000003       0.91202067706224399        457.34963130035521        1191.6294609773590     
   6.1200000000000001       0.91351334592813971        458.64579182363786        1194.3293416500687     
   6.1299999999999999       0.91500601479403521        459.94340986917064        1197.0313407741492     
   6.1400000000000006       0.91649868365993103        461.24055551353501        1199.7354559809351     
   6.1500000000000004       0.91799135252582664        462.53861122372507        1202.4416849067754     
   6.1600000000000001       0.91948402139172236        463.83747516850769        1205.1500251930338     
   6.1699999999999999       0.92097669025761786        465.13654897503579        1207.8604744860654     
   6.1799999999999997       0.92246935912351347        466.43701968865338        1210.5730304372159     
   6.1900000000000004       0.92396202798940930        467.73770574969205        1213.2876907028060     
   6.2000000000000002       0.92545469685530479        469.03918245059282        1216.0044529441193     
   6.2100000000000000       0.92694736572120051        470.34149819431462        1218.7233148273970     
   6.2199999999999998       0.92844003458709612        471.64427533340563        1221.4442740238203     
   6.2300000000000004       0.92993270345299195        472.94742781323146        1224.1673282095035     
   6.2400000000000002       0.93142537231888745        474.25161743240278        1226.8924750654812     
   6.2500000000000000       0.93291804118478316        475.55619987919658        1229.6197122776978     
   6.2599999999999998       0.93441071005067877        476.86198563493451        1232.3490375369975     
   6.2700000000000005       0.93590337891657449        478.16774979313413        1235.0804485391100     
   6.2800000000000002       0.93739604778247010        479.47446038253401        1237.8139429846451     
   6.2900000000000000       0.93888871664836571        480.78159847545754        1240.5495185790735     
   6.2999999999999998       0.94038138551426143        482.08944682156692        1243.2871730327206     
   6.3100000000000005       0.94187405438015703        483.39802159472089        1246.0269040607593     
   6.3200000000000003       0.94336672324605275        484.70720368309281        1248.7687093831883     
   6.3300000000000001       0.94485939211194836        486.01680453927986        1251.5125867248310     
   6.3399999999999999       0.94635206097784408        487.32794068102271        1254.2585338153167     
   6.3500000000000005       0.94784472984373969        488.63899437712934        1257.0065483890758     
   6.3600000000000003       0.94933739870963529        489.95051258763249        1259.7566281853215     
   6.3700000000000001       0.95083006757553101        491.26278534258273        1262.5087709480470     
   6.3799999999999999       0.95232273644142662        492.57516239448927        1265.2629744260068     
   6.3900000000000006       0.95381540530732234        493.88913341265368        1268.0192363727065     
   6.4000000000000004       0.95530807417321795        495.20395943169984        1270.7775545463969     
   6.4100000000000001       0.95680074303911367        496.51836929068992        1273.5379267100561     
   6.4199999999999999       0.95829341190500916        497.83415349241164        1276.3003506313826     
   6.4299999999999997       0.95978608077090477        499.14955851601673        1279.0648240827802     
   6.4400000000000004       0.96127874963680060        500.46659776916130        1281.8313448413512     
   6.4500000000000002       0.96277141850269621        501.78369757863823        1284.5999106888789     
   6.4600000000000000       0.96426408736859182        503.10200298496812        1287.3705194118259     
   6.4699999999999998       0.96575675623448742        504.42026993325089        1290.1431688013106     
   6.4800000000000004       0.96724942510038325        505.73935293224810        1292.9178566531054     
   6.4900000000000002       0.96874209396627886        507.05968831548654        1295.6945807676191     
   6.5000000000000000       0.97023476283217447        508.38058264995811        1298.4733389498917     
   6.5099999999999998       0.97172743169807008        509.70140589317822        1301.2541290095774     
   6.5200000000000005       0.97322010056396591        511.02285489477418        1304.0369487609346     
   6.5300000000000002       0.97471276942986140        512.34506836516698        1306.8217960228167     
   6.5400000000000000       0.97620543829575701        513.66781177412668        1309.6086686186591     
   6.5499999999999998       0.97769810716165273        514.99174569211175        1312.3975643764668     
   6.5600000000000005       0.97919077602754845        516.31588356613906        1315.1884811288062     
   6.5700000000000003       0.98068344489344406        517.63958085890170        1317.9814167127906     
   6.5800000000000001       0.98217611375933966        518.96556501808232        1320.7763689700678     
   6.5899999999999999       0.98366878262523538        520.29079940299289        1323.5733357468171     
   6.6000000000000005       0.98516145149113110        521.61770512034786        1326.3723148937231     
   6.6100000000000003       0.98665412035702671        522.94461782505346        1329.1733042659791     
   6.6200000000000001       0.98814678922292232        524.27250546889093        1331.9763017232669     
   6.6299999999999999       0.98963945808881792        525.60042082466896        1334.7813051297483     
   6.6400000000000006       0.99113212695471364        526.92877693418018        1337.5883123540541     
   6.6500000000000004       0.99262479582060925        528.25881741461967        1340.3973212692733     
   6.6600000000000001       0.99411746468650497        529.58803742832504        1343.2083297529368     
   6.6699999999999999       0.99561013355240058        530.91974037590853        1346.0213356870117     
   6.6799999999999997       0.99710280241829619        532.25070684366540        1348.8363369578915     
   6.6900000000000004       0.99859547128419190        533.58236230408750        1351.6533314563753     
   6.7000000000000002        1.0000881401500874        534.91449895721689        1354.4723170776672     
   6.7100000000000000        1.0015808090159832        536.24825638445657        1357.2932917213566     
   6.7199999999999998        1.0030734778818788        537.58121165569969        1360.1162532914143     
   6.7300000000000004        1.0045661467477744        538.91480722245183        1362.9411996961751     
   6.7400000000000002        1.0060588156136701        540.25051571385313        1365.7681288483291     
   6.7500000000000000        1.0075514844795659        541.58487894680115        1368.5970386649117     
   6.7599999999999998        1.0090441533454615        542.92089871333121        1371.4279270672896     
   6.7700000000000005        1.0105368222113571        544.25743853619144        1374.2607919818420     
   6.7800000000000002        1.0120294910772527        545.59420654740109        1377.0956313371878     
   6.7900000000000000        1.0135221599431483        546.93182026191801        1379.9324430683130     
   6.7999999999999998        1.0150148288090439        548.26941367198640        1382.7712251138053     
   6.8100000000000005        1.0165074976749398        549.60870766881385        1385.6119754165240     
   6.8200000000000003        1.0180001665408354        550.94789162484415        1388.4546919235972     
   6.8300000000000001        1.0194928354067310        552.28789109203763        1391.2993725864058     
   6.8399999999999999        1.0209855042726266        553.62794884855566        1394.1460153605742     
   6.8500000000000005        1.0224781731385224        554.96971416775739        1396.9946182059598     
   6.8600000000000003        1.0239708420044180        556.31039691932665        1399.8451790866372     
   6.8700000000000001        1.0254635108703136        557.65271404971179        1402.6976959708954     
   6.8799999999999999        1.0269561797362092        558.99518389964010        1405.5521668312172     
   6.8900000000000006        1.0284488486021051        560.33892569682484        1408.4085896442775     
   6.9000000000000004        1.0299415174680007        561.68282303034994        1411.2669623909233     
   6.9100000000000001        1.0314341863338963        563.02708348126396        1414.1272830561704     
   6.9199999999999999        1.0329268551997919        564.37180877080880        1416.9895496291874     
   6.9299999999999997        1.0344195240656875        565.71715619604174        1419.8537601032847     
   6.9400000000000004        1.0359121929315833        567.06346201706140        1422.7199124759086     
   6.9500000000000002        1.0374048617974789        568.40948170964271        1425.5880047486230     
   6.9600000000000000        1.0388975306633745        569.75657325819793        1428.4580349271046     
   6.9699999999999998        1.0403901995292701        571.10428295668817        1431.3300010211283     
   6.9800000000000004        1.0418828683951660        572.45270308032332        1434.2039010445601     
   6.9900000000000002        1.0433755372610614        573.80105641163595        1437.0797330153389     
   7.0000000000000000        1.0448682061269572        575.15084353510929        1439.9574949554735     
   7.0099999999999998        1.0463608749928528        576.50077485736620        1442.8371848910310     
   7.0200000000000005        1.0478535438587486        577.85148340738544        1445.7188008521173     
   7.0300000000000002        1.0493462127246440        579.20203004247276        1448.6023408728763     
   7.0400000000000000        1.0508388815905398        580.55351149951912        1451.4878029914762     
   7.0499999999999998        1.0523315504564354        581.90571570579959        1454.3751852500930     
   7.0600000000000005        1.0538242193223311        583.25848458961866        1457.2644856949114     
   7.0700000000000003        1.0553168881882267        584.61124834582267        1460.1557023761009     
   7.0800000000000001        1.0568095570541223        585.96568493080076        1463.0488333478152     
   7.0899999999999999        1.0583022259200181        587.31932571450341        1465.9438766681753     
   7.1000000000000005        1.0597948947859137        588.67346661657598        1468.8408303992640     
   7.1100000000000003        1.0612875636518093        590.02877492252071        1471.7396926071081     
   7.1200000000000001        1.0627802325177049        591.38558137400889        1474.6404613616762     
   7.1299999999999999        1.0642729013836005        592.74183366904708        1477.5431347368619     
   7.1400000000000006        1.0657655702494964        594.09898896302946        1480.4477108104757     
   7.1500000000000004        1.0672582391153920        595.45588935810247        1483.3541876642309     
   7.1600000000000001        1.0687509079812876        596.81369840686921        1486.2625633837413     
   7.1699999999999999        1.0702435768471832        598.17225510439710        1489.1728360585028     
   7.1799999999999997        1.0717362457130788        599.53106131646814        1492.0850037818846     
   7.1900000000000004        1.0732289145789746        600.89092928432910        1494.9990646511214     
   7.2000000000000002        1.0747215834448702        602.25070101413519        1497.9150167672990     
   7.2100000000000000        1.0762142523107658        603.61169037668117        1500.8328582353467     
   7.2199999999999998        1.0777069211766614        604.97211506779774        1503.7525871640285     
   7.2300000000000004        1.0791995900425573        606.33404648837291        1506.6742016659268     
   7.2400000000000002        1.0806922589084527        607.69680678874033        1509.5976998574376     
   7.2500000000000000        1.0821849277743485        609.05890782802987        1512.5230798587600     
   7.2599999999999998        1.0836775966402441        610.42173704976381        1515.4503397938786     
   7.2700000000000005        1.0851702655061399        611.78581537244577        1518.3794777905628     
   7.2800000000000002        1.0866629343720353        613.15063520872718        1521.3104919803504     
   7.2900000000000000        1.0881556032379311        614.51583368897604        1524.2433804985424     
   7.2999999999999998        1.0896482721038268        615.87952172388736        1527.1781414841842     
   7.3100000000000005        1.0911409409697226        617.24598598198111        1530.1147730800644     
   7.3200000000000003        1.0926336098356180        618.61278614822140        1533.0532734327003     
   7.3300000000000001        1.0941262787015136        619.97974971005499        1535.9936406923277     
   7.3399999999999999        1.0956189475674092        621.34680898727743        1538.9358730128934     
   7.3500000000000005        1.0971116164333050        622.71414009165562        1541.8799685520396     
   7.3600000000000003        1.0986042852992006        624.08288632493941        1544.8259254711022     
   7.3700000000000001        1.1000969541650965        625.45154579637722        1547.7737419350899     
   7.3799999999999999        1.1015896230309921        626.82084927419669        1550.7234161126839     
   7.3900000000000006        1.1030822918968877        628.19148919610689        1553.6749461762263     
   7.4000000000000004        1.1045749607627833        629.56142421588027        1556.6283303017019     
   7.4100000000000001        1.1060676296286789        630.93261304206760        1559.5835666687367     
   7.4199999999999999        1.1075602984945745        632.30390579380128        1562.5406534605870     
   7.4299999999999997        1.1090529673604701        633.67551416179083        1565.4995888641283     
   7.4400000000000004        1.1105456362263659        635.04882634920716        1568.4603710698427     
   7.4500000000000002        1.1120383050922615        636.42053624900029        1571.4229982718107     
   7.4600000000000000        1.1135309739581571        637.79438511302112        1574.3874686677057     
   7.4699999999999998        1.1150236428240528        639.16874127027711        1577.3537804587756     
   7.4800000000000004        1.1165163116899486        640.54243022597427        1580.3219318498436     
   7.4900000000000002        1.1180089805558442        641.91758108919771        1583.2919210492860     
   7.5000000000000000        1.1195016494217398        643.29251175090803        1586.2637462690354     
   7.5099999999999998        1.1209943182876354        644.66925478075461        1589.2374057245602     
   7.5200000000000005        1.1224869871535312        646.04605791732206        1592.2128976348627     
   7.5300000000000002        1.1239796560194266        647.42216050478726        1595.1902202224626     
   7.5400000000000000        1.1254723248853222        648.80000971045729        1598.1693717133924     
   7.5499999999999998        1.1269649937512181        650.17775812615344        1601.1503503371905     
   7.5600000000000005        1.1284576626171137        651.55573710346573        1604.1331543268798     
   7.5700000000000003        1.1299503314830095        652.93518919273401        1607.1177819189695     
   7.5800000000000001        1.1314430003489051        654.31442883636828        1610.1042313534431     
   7.5899999999999999        1.1329356692148007        656.10107001830715        1613.0925008729389     
   7.6000000000000005        1.1344283380806965        657.07530639397021        1616.0825887259648     
   7.6100000000000003        1.1359210069465919        658.45555042498631        1619.0744931620616     
   7.6200000000000001        1.1374136758124875        659.83658983770272        1622.0682124350055     
   7.6299999999999999        1.1389063446783831        661.21875315958653        1625.0637448020025     
   7.6400000000000006        1.1403990135442790        662.60115074734142        1628.0610885236722     
   7.6500000000000004        1.1418916824101746        663.98425743069527        1631.0602418640394     
   7.6600000000000001        1.1433843512760702        665.36603060257414        1634.0612030905299     
   7.6699999999999999        1.1448770201419660        666.75064575243118        1637.0639704739574     
   7.6799999999999997        1.1463696890078614        668.13556593596866        1640.0685422885097     
   7.6900000000000004        1.1478623578737572        669.52006744236564        1643.0749168117470     
   7.7000000000000002        1.1493550267396528        670.90524687883624        1646.0830923245919     
   7.7100000000000000        1.1508476956055484        672.29044703384443        1649.0930671113163     
   7.7199999999999998        1.1523403644714441        673.67645351769318        1652.1048394595296     
   7.7300000000000004        1.1538330333373399        675.06411084728359        1655.1184076601846     
   7.7400000000000002        1.1553257022032355        676.45101913733401        1658.1337700075435     
   7.7500000000000000        1.1568183710691309        677.83801521612281        1661.1509247991964     
   7.7599999999999998        1.1583110399350267        679.22677919213390        1664.1698703360278     
   7.7700000000000005        1.1598037088009223        680.61496175151547        1667.1906049222264     
   7.7800000000000002        1.1612963776668181        682.00332213125591        1670.2131268652636     
   7.7900000000000000        1.1627890465327138        683.39333116521664        1673.2374344758914     
   7.7999999999999998        1.1642817153986094        684.78313664350605        1676.2635260681259     
   7.8100000000000005        1.1657743842645052        686.17442109827550        1679.2913999592533     
   7.8200000000000003        1.1672670531304006        687.56466424973553        1682.3210544697995     
   7.8300000000000001        1.1687597219962962        688.95601909629420        1685.3524879235406     
   7.8399999999999999        1.1702523908621918        690.34760115012898        1688.3856986474841     
   7.8500000000000005        1.1717450597280876        691.74059088504680        1691.4206849718596     
   7.8600000000000003        1.1732377285939832        693.13322792054498        1694.4574452301183     
   7.8700000000000001        1.1747303974598791        694.52672941376045        1697.4959777589108     
   7.8799999999999999        1.1762230663257747        695.91963798923041        1700.5362808980924     
   7.8900000000000006        1.1777157351916705        697.31465424651060        1703.5783529907037     
   7.9000000000000004        1.1792084040575659        698.70878725664943        1706.6221923829678     
   7.9100000000000001        1.1807010729234615        700.10278496868671        1709.6677974242780     
   7.9199999999999999        1.1821937417893571        701.49818360306608        1712.7151664671946     
   7.9300000000000006        1.1836864106552529        702.89486312387737        1715.7642978674253     
   7.9400000000000004        1.1851790795211485        704.29254178433803        1718.8151899838335     
   7.9500000000000002        1.1866717483870441        705.68846816910025        1721.8678411784119     
   7.9600000000000000        1.1881644172529400        707.08663708105144        1724.9222498162846     
   7.9699999999999998        1.1896570861188354        708.48436455915305        1727.9784142656970     
   7.9800000000000004        1.1911497549847312        709.88210947773064        1731.0363328980047     
   7.9900000000000002        1.1926424238506268        711.28141874003734        1734.0960040876655     
   8.0000000000000000        1.1941350927165224        712.68041561213727        1737.1574262122340     
   8.0099999999999998        1.1956277615824180        714.08070677742342        1740.2205976523517     
   8.0199999999999996        1.1971204304483136        715.47880320496893        1743.2855167917348     
   8.0299999999999994        1.1986130993142095        716.88064602490579        1746.3521820171720     
   8.0400000000000009        1.2001057681801053        718.28148568632071        1749.4205917185081     
   8.0500000000000007        1.2015984370460007        719.68273837216202        1752.4907442886445     
   8.0600000000000005        1.2030911059118963        721.08388686309149        1755.5626381235261     
   8.0700000000000003        1.2045837747777921        722.48730063820176        1758.6362716221354     
   8.0800000000000001        1.2060764436436877        723.89097811060446        1761.7116431864765     
   8.0899999999999999        1.2075691125095833        725.29408246556966        1764.7887512215812     
   8.0999999999999996        1.2090617813754789        726.69803251965618        1767.8675941354836     
   8.1099999999999994        1.2105544502413743        728.10130344566619        1770.9481703392298     
   8.1200000000000010        1.2120471191072704        729.50604769317977        1774.0304782468556     
   8.1300000000000008        1.2135397879731660        730.91137319444158        1777.1145162753785     
   8.1400000000000006        1.2150324568390616        732.31662268924072        1780.2002828448060     
   8.1500000000000004        1.2165251257049572        733.72269172250390        1783.2877763781062     
   8.1600000000000001        1.2180177945708530        735.12926059181825        1786.3769953012127     
   8.1699999999999999        1.2195104634367486        736.53606309935140        1789.4679380430150     
   8.1799999999999997        1.2210031323026442        737.94371992270067        1792.5606030353458     
   8.1899999999999995        1.2224958011685396        739.35240254625523        1795.6549887129770     
   8.1999999999999993        1.2239884700344352        740.75945054781812        1798.7510935136136     
   8.2100000000000009        1.2254811389003313        742.16768695671203        1801.8489158778739     
   8.2200000000000006        1.2269738077662269        743.57665639283766        1804.9484542493012     
   8.2300000000000004        1.2284664766321225        744.98676108055179        1808.0497070743379     
   8.2400000000000002        1.2299591454980181        746.39623718783241        1811.1526728023287     
   8.2500000000000000        1.2314518143639139        747.80651848220589        1814.2573498855045     
   8.2599999999999998        1.2329444832298093        749.21748969329974        1817.3637367789818     
   8.2699999999999996        1.2344371520957049        750.62924721625211        1820.4718319407509     
   8.2799999999999994        1.2359298209616005        752.04117095145352        1823.5816338316733     
   8.2900000000000009        1.2374224898274964        753.45282918113003        1826.6931409154618     
   8.3000000000000007        1.2389151586933922        754.86546168291682        1829.8063516586869     
   8.3100000000000005        1.2404078275592878        756.27905073698867        1832.9212645307587     
   8.3200000000000003        1.2419004964251834        757.69187515938279        1836.0378780039273     
   8.3300000000000001        1.2433931652910788        759.10584747580560        1839.1561905532667     
   8.3399999999999999        1.2448858341569746        760.51951504573174        1842.2762006566786     
   8.3499999999999996        1.2463785030228702        761.93395508455626        1845.3979067948694     
   8.3599999999999994        1.2478711718887658        763.34893082451151        1848.5213074513542     
   8.3700000000000010        1.2493638407546617        764.76410416584474        1851.6464011124481     
   8.3800000000000008        1.2508565096205573        766.18133841121539        1854.7731862672563     
   8.3900000000000006        1.2523491784864531        767.59686058126863        1857.9016614076625     
   8.4000000000000004        1.2538418473523487        769.01446500531040        1861.0318250283296     
   8.4100000000000001        1.2553345162182441        770.43202114441760        1864.1636756266855     
   8.4199999999999999        1.2568271850841397        771.84896218629422        1867.2972117029240     
   8.4299999999999997        1.2583198539500353        773.26690678338787        1870.4324317599821     
   8.4399999999999995        1.2598125228159311        774.68551464128495        1873.5693343035512     
   8.4499999999999993        1.2613051916818268        776.10474515021133        1876.7079178420561     
   8.4600000000000009        1.2627978605477226        777.52469902275936        1879.8481808866529     
   8.4700000000000006        1.2642905294136182        778.94421993549349        1882.9901219512190     
   8.4800000000000004        1.2657831982795138        780.36449988353138        1886.1337395523549     
   8.4900000000000002        1.2672758671454094        781.78502973174795        1889.2790322093606     
   8.5000000000000000        1.2687685360113050        783.20648074003009        1892.4259984442419     
