   1.0000000000000000E-002   1.5046605216545038E-003   1.3288329985712388E-003   1.4149711678167725     
   2.0000000000000000E-002   3.0093210433090076E-003   4.1433457892067465E-003   2.8322584990005475     
   2.9999999999999999E-002   4.5139815649635111E-003   8.1344827312627328E-003   4.2512773320767572     
   4.0000000000000001E-002   6.0186420866180151E-003   1.3192725977510845E-002   5.6718155969278348     
   5.0000000000000003E-002   7.5233026082725182E-003   1.9213707038124257E-002   7.0937456852285958     
   5.9999999999999998E-002   9.0279631299270222E-003   2.6063678103807497E-002   8.5169684887452686     
   7.0000000000000007E-002   1.0532623651581526E-002   3.3573887568914058E-002   9.9413930471430856     
   8.0000000000000002E-002   1.2037284173236030E-002   4.1546823840160889E-002   11.366928227433739     
   8.9999999999999997E-002   1.3541944694890532E-002   4.9767962018720371E-002   12.793479815600099     
  0.10000000000000001        1.5046605216545036E-002   5.8019206694450584E-002   14.220950362296104     
  0.11000000000000000        1.6551265738199542E-002   6.6091448884811221E-002   15.649240424202670     
  0.12000000000000000        1.8055926259854044E-002   7.3794652543477349E-002   17.078250401175978     
  0.13000000000000000        1.9560586781508547E-002   8.0964784010860005E-002   18.507882477260338     
  0.14000000000000001        2.1065247303163052E-002   8.7467543231537284E-002   19.938042375650738     
  0.14999999999999999        2.2569907824817551E-002   9.3199371241502543E-002   21.368640779137770     
  0.16000000000000000        2.4074568346472060E-002   9.8086352938587335E-002   22.799594364922157     
  0.17000000000000001        2.5579228868126563E-002  0.10208172889668669        24.230826464970260     
  0.17999999999999999        2.7083889389781065E-002  0.10516261802531972        25.662267398103669     
  0.19000000000000000        2.8588549911435571E-002  0.10732644017830228        27.093854535449381     
  0.20000000000000001        3.0093210433090073E-002  0.10858739023888177        28.525532163149414     
  0.20999999999999999        3.1597870954744575E-002  0.10897313517196144        29.957251201106256     
  0.22000000000000000        3.3102531476399084E-002  0.10852195130565898        31.388968827488654     
  0.23000000000000001        3.4607191998053580E-002  0.10728019988758797        32.820648048876912     
  0.23999999999999999        3.6111852519708089E-002  0.10530029840279910        34.252257246232986     
  0.25000000000000000        3.7616513041362591E-002  0.10269420752276846        35.683776593459093     
  0.26000000000000001        3.9121173563017093E-002   9.9431246422913483E-002   37.115172974342549     
  0.27000000000000002        4.0625834084671596E-002   9.5613218481036502E-002   38.546433083809454     
  0.28000000000000003        4.2130494606326105E-002   9.1303544113500487E-002   39.977542561548375     
  0.28999999999999998        4.3635155127980600E-002   8.6566116280729744E-002   41.408490350146970     
  0.29999999999999999        4.5139815649635102E-002   8.1464821905799220E-002   42.839268360904079     
  0.31000000000000000        4.6644476171289612E-002   7.6063185354804316E-002   44.269871170326184     
  0.32000000000000001        4.8149136692944121E-002   7.0424110754888039E-002   45.700295745978437     
  0.33000000000000002        4.9653797214598623E-002   6.4609699851277611E-002   47.130541199789420     
  0.34000000000000002        5.1158457736253125E-002   5.8681123035050783E-002   48.560608566561910     
  0.35000000000000003        5.2663118257907635E-002   5.2698538019875826E-002   49.990500605554203     
  0.35999999999999999        5.4167778779562130E-002   4.6721040253281818E-002   51.420221622880071     
  0.37000000000000000        5.5672439301216632E-002   4.0806636862662116E-002   52.849777312545761     
  0.38000000000000000        5.7177099822871141E-002   3.5012238481970208E-002   54.279174614336974     
  0.39000000000000001        5.8681760344525644E-002   2.9393664135146196E-002   55.708421586573692     
  0.40000000000000002        6.0186420866180146E-002   2.4005657300555785E-002   57.137527292220106     
  0.41000000000000003        6.1691081387834648E-002   1.8901905335289047E-002   58.566501696845933     
  0.41999999999999998        6.3195741909489150E-002   1.4135070309218921E-002   59.995355577107510     
  0.42999999999999999        6.4700402431143653E-002   9.7568134297886296E-003   61.424100438677073     
  0.44000000000000000        6.6205062952798169E-002   5.8178269700308385E-003   62.852748442469235     
  0.45000000000000001        6.7709723474452671E-002   2.3678714920643460E-003   64.281312338300452     
  0.46000000000000002        6.9214383996107159E-002  -5.4419525076164076E-004   65.709805405242989     
  0.47000000000000003        7.0719044517761662E-002  -2.8703845723746465E-003   67.138241397821403     
  0.47999999999999998        7.2223705039416178E-002  -4.5635462786716144E-003   68.566634497464435     
  0.48999999999999999        7.3728365561070680E-002  -5.5773281428189618E-003   69.994999268743783     
  0.50000000000000000        7.5233026082725182E-002  -5.8661845037807714E-003   71.423350619699875     
  0.51000000000000001        7.6737686604379685E-002  -5.3852959422835654E-003   72.851703765974463     
  0.52000000000000002        7.8242347126034187E-002  -4.0905182143041157E-003   74.280074198223986     
  0.53000000000000003        7.9747007647688689E-002  -1.9385213199258511E-003   75.708477652561825     
  0.54000000000000004        8.1251668169343191E-002   1.1134219451156286E-003   77.136930083564096     
  0.55000000000000004        8.2756328690997707E-002   5.1073570793244765E-003   78.565447639672087     
  0.56000000000000005        8.4260989212652210E-002   1.0084677722711594E-002   79.994046640735235     
  0.57000000000000006        8.5765649734306712E-002   1.6086143675649384E-002   81.422743557261342     
  0.57999999999999996        8.7270310255961200E-002   2.3151888221087772E-002   82.851554991501203     
  0.58999999999999997        8.8774970777615703E-002   3.1321425300079107E-002   84.280497659862220     
  0.59999999999999998        9.0279631299270205E-002   4.0633657579834691E-002   85.709588376667298     
  0.60999999999999999        9.1784291820924707E-002   5.1126854100798806E-002   87.138844039119675     
  0.62000000000000000        9.3288952342579223E-002   6.2838780258169802E-002   88.568281613272333     
  0.63000000000000000        9.4793612864233739E-002   7.5806442296820875E-002   89.997918120893743     
  0.64000000000000001        9.6298273385888242E-002   9.0066343896789094E-002   91.427770627247298     
  0.65000000000000002        9.7802933907542744E-002  0.10565433535414290        92.857856229577223     
  0.66000000000000003        9.9307594429197246E-002  0.12260575915087898        94.288192046334842     
  0.67000000000000004       0.10081225495085175       0.14095519693393219        95.718795207012747     
  0.68000000000000005       0.10231691547250625       0.16073676985401125        97.149682842620095     
  0.69000000000000006       0.10382157599416077       0.18198380265991931        98.580872076632161     
  0.70000000000000007       0.10532623651581527       0.20544988499986261        100.10608638465776     
  0.70999999999999996       0.10683089703746976       0.22937329877442408        101.53927631100719     
  0.71999999999999997       0.10833555755912426       0.25509175811819029        102.97281570019332     
  0.72999999999999998       0.10984021808077876       0.28266361476048329        104.40672505421036     
  0.73999999999999999       0.11134487860243326       0.31213635735735945        105.84102502671547     
  0.75000000000000000       0.11284953912408777       0.34355229050781444        107.27573631964641     
  0.76000000000000001       0.11435419964574228       0.37695049514775553        108.71087961621106     
  0.77000000000000002       0.11585886016739678       0.41236767461307200        110.14647556122601     
  0.78000000000000003       0.11736352068905129       0.44983863712689853        111.58254472467999     
  0.79000000000000004       0.11886818121070579       0.48939663433016167        113.01910758507607     
  0.80000000000000004       0.12037284173236029       0.53107358961873385        114.45618451483685     
  0.81000000000000005       0.12187750225401479       0.57490029403497267        115.89379576885091     
  0.82000000000000006       0.12338216277566930       0.62090655361966307        117.33196147586574     
  0.83000000000000007       0.12488682329732381       0.66912132911129119        118.77070163184918     
  0.83999999999999997       0.12639148381897830       0.71957285283597394        120.21003609535983     
  0.84999999999999998       0.12789614434063279       0.77228873587413860        121.64998458447727     
  0.85999999999999999       0.12940080486228731       0.82729606873730033        123.09056667501262     
  0.87000000000000000       0.13090546538394179       0.88462151185769655        124.53180179988451     
  0.88000000000000000       0.13241012590559634       0.94429138248889199        125.97370924973204     
  0.89000000000000001       0.13391478642725083        1.0063317340126461        127.41630817423059     
  0.90000000000000002       0.13541944694890534        1.0707684298694469        128.85961758431938     
  0.91000000000000003       0.13692410747055983        1.1376272144172688        130.30365635511203     
  0.92000000000000004       0.13842876799221432        1.2069337761594461        131.74844322942269     
  0.93000000000000005       0.13993342851386883        1.2787139454394518        133.19399682182598     
  0.94000000000000006       0.14143808903552332        1.3529930858362644        134.64033562315319     
  0.95000000000000007       0.14294274955717784        1.4297974715795783        136.08747800550370     
  0.95999999999999996       0.14444741007883236        1.5091530138190212        137.53544222734337     
  0.96999999999999997       0.14595207060048684        1.5910859683990644        138.98424643909712     
  0.97999999999999998       0.14745673112214136        1.6756228448459172        140.43390868897183     
  0.98999999999999999       0.14896139164379585        1.7627904457253654        141.88444692872403     
   1.0000000000000000       0.15046605216545036        1.8526159004419274        143.33587901978996     
   1.0100000000000000       0.15197071268710485        1.9451266989765139        144.78822273951769     
   1.0200000000000000       0.15347537320875937        2.0403507176147087        146.24149578718459     
   1.0300000000000000       0.15498003373041389        2.1383162504957078        147.69571579044950     
   1.0400000000000000       0.15648469425206837        2.2390520278695600        149.15090031135648     
   1.0500000000000000       0.15798935477372289        2.3425872359081534        150.60706685272868     
   1.0600000000000001       0.15949401529537738        2.4489515385645459        152.06423286422134     
   1.0700000000000001       0.16099867581703189        2.5581750887484991        153.52241574828972     
   1.0800000000000001       0.16250333633868638        2.6702885390628177        154.98163286635420     
   1.0900000000000001       0.16400799686034090        2.7853230580161439        156.44190154439576     
   1.1000000000000001       0.16551265738199541        2.9033103283666373        157.90323907887105     
   1.1100000000000001       0.16701731790364990        3.0242825580691326        159.36566274216980     
   1.1200000000000001       0.16852197842530442        3.1482724827988533        160.82918978790042     
   1.1300000000000001       0.17002663894695891        3.2753133650229667        162.29383745628616     
   1.1400000000000001       0.17153129946861342        3.4054389904905844        163.75962297905244     
   1.1500000000000001       0.17303595999026791        3.5386836697239481        165.22656358430794     
   1.1599999999999999       0.17454062051192240        3.6750822226326894        166.69467650101464     
   1.1699999999999999       0.17604528103357692        3.8146699839407918        168.16397896358086     
   1.1799999999999999       0.17754994155523141        3.9574828834505151        169.63448819933419     
   1.1899999999999999       0.17905460207688592        4.1035570656960338        171.10622149955512     
   1.2000000000000000       0.18055926259854041        4.2529293916579611        172.57919612148999     
   1.2100000000000000       0.18206392312019493        4.4056371100490592        174.05342936021370     
   1.2200000000000000       0.18356858364184941        4.5617179126273468        175.52893853458502     
   1.2300000000000000       0.18507324416350393        4.7212099194184161        177.00574099028694     
   1.2400000000000000       0.18657790468515845        4.8841516460402890        178.48385410238663     
   1.2500000000000000       0.18808256520681296        5.0505819989489886        179.96329527802732     
   1.2600000000000000       0.18958722572846748        5.2205402412866695        181.44408195847959     
   1.2700000000000000       0.19109188625012197        5.3940659710771213        182.92623162112793     
   1.2800000000000000       0.19259654677177648        5.5711990975727712        184.40976178120286     
   1.2900000000000000       0.19410120729343097        5.7519798138246498        185.89468999304742     
   1.3000000000000000       0.19560586781508549        5.9364485652792807        187.38103385153852     
   1.3100000000000001       0.19711052833674000        6.1246460258923756        188.86881099283875     
   1.3200000000000001       0.19861518885839449        6.3166130611687406        190.35803909509593     
   1.3300000000000001       0.20011984938004901        6.5123907037030468        191.84873587889166     
   1.3400000000000001       0.20162450990170350        6.7120201135279478        193.34091910721210     
   1.3500000000000001       0.20312917042335801        6.9155425512706916        194.83460658561205     
   1.3600000000000001       0.20463383094501250        7.1229993321674350        196.32981616168485     
   1.3700000000000001       0.20613849146666702        7.3344318080661735        197.82656572450753     
   1.3800000000000001       0.20764315198832153        7.5498813157539510        199.32487320384601     
   1.3900000000000001       0.20914781250997602        7.7693891461316724        200.82475656888229     
   1.4000000000000001       0.21065247303163054        7.9929965097969777        202.32623382717935     
   1.4099999999999999       0.21215713355328500        8.2207444923896755        203.82932302294196     
   1.4199999999999999       0.21366179407493952        8.4526740233887807        205.33404223533603     
   1.4299999999999999       0.21516645459659400        8.6888258288053510        206.84040957628787     
   1.4399999999999999       0.21667111511824852        8.9292404030500840        208.34844318856844     
   1.4500000000000000       0.21817577563990304        9.1739579542828320        209.85816124316534     
   1.4600000000000000       0.21968043616155752        9.4230183845057169        211.36958193675355     
   1.4700000000000000       0.22118509668321204        9.6764612317076715        212.88272348865192     
   1.4800000000000000       0.22268975720486653        9.9343256403286677        214.39760413811811     
   1.4900000000000000       0.22419441772652104        10.196650322615916        215.91424214092899     
   1.5000000000000000       0.22569907824817553        10.463473512508800        217.43265576610412     
   1.5100000000000000       0.22720373876983005        10.734832931122906        218.95286329212740     
   1.5200000000000000       0.22870839929148457        11.010765749244349        220.47488300356440     
   1.5300000000000000       0.23021305981313905        11.291308550564155        221.99873318702657     
   1.5400000000000000       0.23171772033479357        11.576497285185381        223.52443212697841     
   1.5500000000000000       0.23322238085644806        11.866367966583571        225.05199815653927     
   1.5600000000000001       0.23472704137810257        12.160953764592339        226.58144943966948     
   1.5700000000000001       0.23623170189975706        12.460289228285792        228.11280427915517     
   1.5800000000000001       0.23773636242141158        12.764407446902004        229.64608090896121     
   1.5900000000000001       0.23924102294306610        13.073340700463582        231.18129753912737     
   1.6000000000000001       0.24074568346472058        13.387120432840726        232.71847235087697     
   1.6100000000000001       0.24225034398637510        13.705777232724770        234.25762349221043     
   1.6200000000000001       0.24375500450802959        14.029340776771992        235.79876907286609     
   1.6300000000000001       0.24525966502968410        14.357839824274089        237.34192715920730     
   1.6400000000000001       0.24676432555133859        14.691302181210043        238.88711576971042     
   1.6500000000000001       0.24826898607299311        15.029754675072713        240.43435286942761     
   1.6600000000000001       0.24977364659464762        15.373223127205238        241.98365636541050     
   1.6699999999999999       0.25127830711630206        15.721732332798409        243.53504410144444     
   1.6799999999999999       0.25278296763795660        16.075306037764367        245.08853385276112     
   1.6899999999999999       0.25428762815961109        16.433966918376345        246.64414332144008     
   1.7000000000000000       0.25579228868126558        16.797736569155681        248.20189013077018     
   1.7100000000000000       0.25729694920292012        17.166636199304097        249.76179182068316     
   1.7200000000000000       0.25880160972457461        17.540682991755563        251.32386584250290     
   1.7300000000000000       0.26030627024622910        17.919897361711353        252.88812955371853     
   1.7400000000000000       0.26181093076788359        18.304295667552619        254.45460021353338     
   1.7500000000000000       0.26331559128953813        18.693893844178177        256.02329497735809     
   1.7600000000000000       0.26482025181119268        19.088706648221489        257.59423089255461     
   1.7700000000000000       0.26632491233284716        19.488747682933873        259.16742489303834     
   1.7800000000000000       0.26782957285450165        19.894029363762993        260.74289379517671     
   1.7900000000000000       0.26933423337615614        20.304562926580338        262.32065429253237     
   1.8000000000000000       0.27083889389781068        20.720358428232291        263.90072295194528     
   1.8100000000000001       0.27234355441946517        21.141424741585602        265.48311620844333     
   1.8200000000000001       0.27384821494111966        21.567769561548644        267.06785036153667     
   1.8300000000000001       0.27535287546277415        21.999399394398072        268.65494157032089     
   1.8400000000000001       0.27685753598442864        22.436319584430958        270.24440585000593     
   1.8500000000000001       0.27836219650608318        22.878534304401260        271.83625906723529     
   1.8600000000000001       0.27986685702773767        23.326046560327679        273.43051693687130     
   1.8700000000000001       0.28137151754939216        23.778858218853824        275.02719501754859     
   1.8800000000000001       0.28287617807104665        24.236969986874115        276.62630870873261     
   1.8900000000000001       0.28438083859270119        24.700381465525101        278.22787324652580     
   1.9000000000000001       0.28588549911435568        25.169091113798995        279.83190370101352     
   1.9100000000000001       0.28739015963601017        25.643096303942105        281.43841497233461     
   1.9199999999999999       0.28889482015766471        26.122393312927645        283.04742178832748     
   1.9299999999999999       0.29039948067931920        26.606977350967860        284.65893870096954     
   1.9399999999999999       0.29190414120097369        27.096842566172828        286.27298008386288     
   1.9500000000000000       0.29340880172262818        27.591982077211469        287.88956012989451     
   1.9600000000000000       0.29491346224428272        28.092387984737847        289.50869284808914     
   1.9700000000000000       0.29641812276593721        28.598051389574824        291.13039206204468     
   1.9800000000000000       0.29792278328759170        29.108962416842427        292.75467140698174     
   1.9900000000000000       0.29942744380924624        29.625110239989919        294.38154432849410     
   2.0000000000000000       0.30093210433090073        30.146483096643149        296.01102407988571     
   2.0100000000000002       0.30243676485255527        30.673068320247712        297.64312372123919     
   2.0200000000000000       0.30394142537420971        31.204852349575344        299.27785611703541     
   2.0300000000000002       0.30544608589586431        31.741820764141902        300.91523393553479     
   2.0400000000000000       0.30695074641751874        32.283958317391409        302.55526964678359     
   2.0499999999999998       0.30845540693917323        32.831248928857747        304.19797552177562     
   2.0600000000000001       0.30996006746082777        33.383675744968805        305.84336363178284     
   2.0699999999999998       0.31146472798248226        33.941221142601783        307.49144584675906     
   2.0800000000000001       0.31296938850413675        34.503866765810820        309.14223383547983     
   2.0899999999999999       0.31447404902579124        35.071593541857396        310.79573906410218     
   2.1000000000000001       0.31597870954744578        35.644381707931437        312.45197279659061     
   2.1099999999999999       0.31748337006910027        36.222210850826968        314.11094609352460     
   2.1200000000000001       0.31898803059075476        36.805059912061317        315.77266981279757     
   2.1299999999999999       0.32049269111240930        37.392907227903045        317.43715460877797     
   2.1400000000000001       0.32199735163406379        37.985730553992582        319.10441093269350     
   2.1499999999999999       0.32350201215571828        38.583507078391683        320.77444903316393     
   2.1600000000000001       0.32500667267737277        39.186213468481029        322.44727895567900     
   2.1699999999999999       0.32651133319902731        39.793825862665670        324.12291054393302     
   2.1800000000000002       0.32801599372068180        40.406319930101134        325.80135343939406     
   2.1899999999999999       0.32952065424233629        41.023670881373278        327.48261708286361     
   2.2000000000000002       0.33102531476399083        41.645853491156686        329.16671071423372     
   2.2100000000000000       0.33252997528564532        42.272842114258111        330.85364337425858     
   2.2200000000000002       0.33403463580729981        42.904610721430267        332.54342390448369     
   2.2300000000000000       0.33553929632895430        43.541132918619738        334.23606094921462     
   2.2400000000000002       0.33704395685060884        44.182381738686296        335.93156295560317     
   2.2500000000000000       0.33854861737226333        44.828330829200567        337.62993817579820     
   2.2600000000000002       0.34005327789391782        45.478952130845968        339.33119466730295     
   2.2700000000000000       0.34155793841557236        46.134218248794319        341.03534029464839     
   2.2800000000000002       0.34306259893722685        46.794101294046527        342.74238273116902     
   2.2900000000000000       0.34456725945888134        47.458573145333773        344.45232945952938     
   2.3000000000000003       0.34607191998053582        48.127605459743982        346.16518777427922     
   2.3100000000000001       0.34757658050219037        48.801169707008235        347.88096478235963     
   2.3199999999999998       0.34908124102384480        49.479237167587904        349.59966740578886     
   2.3300000000000001       0.35058590154549935        50.161778968166274        351.32130238226074     
   2.3399999999999999       0.35209056206715383        50.848766103367886        353.04587626794643     
   2.3500000000000001       0.35359522258880838        51.540169429998599        354.77339543817311     
   2.3599999999999999       0.35509988311046281        52.235959698681924        356.50386609033040     
   2.3700000000000001       0.35660454363211735        52.936107578883188        358.23729424461249     
   2.3799999999999999       0.35810920415377184        53.640583653312405        359.97368574701892     
   2.3900000000000001       0.35961386467542639        54.349358460084197        361.71304627014820     
   2.3999999999999999       0.36111852519708082        55.062402465604549        363.45538131628155     
   2.4100000000000001       0.36262318571873542        55.779686129002620        365.20069621821438     
   2.4199999999999999       0.36412784624038985        56.501179889884355        366.94899614241353     
   2.4300000000000002       0.36563250676204440        57.226854176874774        368.70028608987650     
   2.4399999999999999       0.36713716728369883        57.956679416906894        370.45457089934973     
   2.4500000000000002       0.36864182780535343        58.690626076033347        372.21185524820595     
   2.4600000000000000       0.37014648832700786        59.428664649036790        373.97214365571534     
   2.4700000000000002       0.37165114884866240        60.170765661918388        375.73544048393046     
   2.4800000000000000       0.37315580937031689        60.916899707074762        377.50174994084625     
   2.4900000000000002       0.37466046989197144        61.667037438444247        379.27107608205563     
   2.5000000000000000       0.37616513041362593        62.421149579117333        381.04342281240054     
   2.5100000000000002       0.37766979093528041        63.179206940625832        382.81879388917287     
   2.5200000000000000       0.37917445145693496        63.941180435385974        384.59719292299394     
   2.5300000000000002       0.38067911197858945        64.707041056722304        386.37862338119191     
   2.5400000000000000       0.38218377250024393        65.476759924464005        388.16308858866091     
   2.5500000000000003       0.38368843302189848        66.250308271331264        389.95059173125617     
   2.5600000000000001       0.38519309354355297        67.027657453113932        391.74113585662695     
   2.5699999999999998       0.38669775406520740        67.808778956414756        393.53472387745933     
   2.5800000000000001       0.38820241458686194        68.593644402788371        395.33135857309759     
   2.5899999999999999       0.38970707510851643        69.382225569554706        397.13104259114704     
   2.6000000000000001       0.39121173563017098        70.174494380317199        398.93377845071632     
   2.6099999999999999       0.39271639615182541        70.970422890337645        400.73956854316890     
   2.6200000000000001       0.39422105667348001        71.769983360768165        402.54841513552930     
   2.6299999999999999       0.39572571719513444        72.573148182511744        404.36032037118611     
   2.6400000000000001       0.39723037771678898        73.379889922347658        406.17528627312561     
   2.6499999999999999       0.39873503823844342        74.190181334808756        407.99331474544664     
   2.6600000000000001       0.40023969876009802        75.003995352764719        409.81440757485598     
   2.6699999999999999       0.40174435928175245        75.821305065649128        411.63856643387612     
   2.6800000000000002       0.40324901980340699        76.642083787927021        413.46579288142999     
   2.6899999999999999       0.40475368032506148        77.466304987504117        415.29608836603381     
   2.7000000000000002       0.40625834084671603        78.293942346010923        417.12945422721594     
   2.7100000000000000       0.40776300136837046        79.124969729105572        418.96589169690509     
   2.7200000000000002       0.40926766189002500        79.959361210442182        420.80540190259256     
   2.7300000000000000       0.41077232241167949        80.797091050682738        422.64798586777681     
   2.7400000000000002       0.41227698293333404        81.638133714838730        424.49364451510593     
   2.7500000000000000       0.41378164345498847        82.482463873469257        426.34237866767802     
   2.7600000000000002       0.41528630397664307        83.330056406014108        428.19418905031489     
   2.7700000000000000       0.41679096449829750        84.180886391072377        430.04907629247680     
   2.7800000000000002       0.41829562501995204        85.034929116470366        431.90704092949670     
   2.7900000000000000       0.41980028554160648        85.892160081298897        433.76808340377636     
   2.8000000000000003       0.42130494606326108        86.752554985494214        435.63220406765868     
   2.8100000000000001       0.42280960658491551        87.616089753174876        437.49940318458476     
   2.8199999999999998       0.42431426710657000        88.482740505298750        439.36968093021648     
   2.8300000000000001       0.42581892762822454        89.352483596688018        441.24303739545695     
   2.8399999999999999       0.42732358814987903        90.225295550738622        443.11947258655391     
   2.8500000000000001       0.42882824867153352        91.101153149783315        444.99898642810030     
   2.8599999999999999       0.43033290919318801        91.980033365669087        446.88157876405603     
   2.8700000000000001       0.43183756971484255        92.861913379729202        448.76724935873534     
   2.8799999999999999       0.43334223023649704        93.746770590463186        450.65599789956696     
   2.8900000000000001       0.43484689075815153        94.634582607117551        452.54782399803992     
   2.8999999999999999       0.43635155127980607        95.525327254139555        454.44272719061132     
   2.9100000000000001       0.43785621180146056        96.418982546491648        456.34070694142150     
   2.9199999999999999       0.43936087232311505        97.315526746734733        458.24176264295534     
   2.9300000000000002       0.44086553284476954        98.214938295407819        460.14589361790405     
   2.9399999999999999       0.44237019336642408        99.117195841441045        462.05309911977133     
   2.9500000000000002       0.44387485388807857        100.02227826807270        463.96337833551837     
   2.9600000000000000       0.44537951440973306        100.93016464033195        465.87673038633443     
   2.9700000000000002       0.44688417493138766        101.84083423054037        467.79315432836745     
   2.9800000000000000       0.44838883545304209        102.75426653268354        469.71264915532885     
   2.9900000000000002       0.44989349597469663        103.67044124063480        471.63521379918620     
   3.0000000000000000       0.45139815649635107        104.58933823137306        473.56084713081657     
   3.0100000000000002       0.45290281701800567        105.51093761236336        475.48954796257357     
   3.0200000000000000       0.45440747753966010        106.43521965982499        477.42131504868473     
   3.0300000000000002       0.45591213806131464        107.36216488121534        479.35614708692196     
   3.0400000000000000       0.45741679858296913        108.29175396352758        481.29404271894509     
   3.0500000000000003       0.45892145910462367        109.22396778823791        483.23500053280924     
   3.0600000000000001       0.46042611962627811        110.15878745357634        485.17901906348652     
   3.0700000000000003       0.46193078014793265        111.09619421335449        487.12609679335230     
   3.0800000000000001       0.46343544066958714        112.03616955164173        489.07623215465685     
   3.0899999999999999       0.46494010119124163        112.97869511972672        491.02942352975089     
   3.1000000000000001       0.46644476171289612        113.92375276847994        492.98566925263202     
   3.1099999999999999       0.46794942223455066        114.87132453547837        494.94496760911528     
   3.1200000000000001       0.46945408275620515        115.82139264337403        496.90731683925583     
   3.1299999999999999       0.47095874327785964        116.77393948768990        498.87271513747970     
   3.1400000000000001       0.47246340379951413        117.72894767710592        500.84116065406630     
   3.1499999999999999       0.47396806432116867        118.68639996763481        502.81265149522460     
   3.1600000000000001       0.47547272484282316        119.64627933331428        504.78718572547228     
   3.1699999999999999       0.47697738536447765        120.60856887301280        506.76476136767411     
   3.1800000000000002       0.47848204588613219        121.57325189774761        508.74537640446465     
   3.1899999999999999       0.47998670640778668        122.54031189877800        510.72902877823361     
   3.2000000000000002       0.48149136692944117        123.50973253476435        512.71571639346598     
   3.2100000000000000       0.48299602745109566        124.48149762095258        514.70543711669268     
   3.2200000000000002       0.48450068797275020        125.45559115596599        516.69818877785542     
   3.2300000000000000       0.48600534849440469        126.43199729624629        518.69396917020595     
   3.2400000000000002       0.48751000901605918        127.41070037460797        520.69277605261107     
   3.2500000000000000       0.48901466953771372        128.39168489649111        522.69460714942034     
   3.2600000000000002       0.49051933005936821        129.37493550384283        524.69946015177516     
   3.2700000000000000       0.49202399058102270        130.36043702261128        526.70733271742665     
   3.2800000000000002       0.49352865110267718        131.34817442418748        528.71822247301043     
   3.2900000000000000       0.49503331162433173        132.33813287049168        530.73212701383284     
   3.3000000000000003       0.49653797214598622        133.33029762339979        532.74904390487848     
   3.3100000000000001       0.49804263266764071        134.32465414785435        534.76897068181222     
   3.3200000000000003       0.49954729318929525        135.32118803893437        536.79190485069955     
   3.3300000000000001       0.50105195371094968        136.31988505523478        538.81784389024244     
   3.3399999999999999       0.50255661423260412        137.32073109328360        540.84678525147660     
   3.3500000000000001       0.50406127475425877        138.32371221086925        542.87872635897122     
   3.3599999999999999       0.50556593527591320        139.32881527556668        544.91366444635014     
   3.3700000000000001       0.50707059579756775        140.33602527290131        546.95159721654124     
   3.3799999999999999       0.50857525631922218        141.34532937379356        548.99252185204909     
   3.3900000000000001       0.51007991684087672        142.35671419434917        551.03643567695542     
   3.3999999999999999       0.51158457736253116        143.37016651130023        553.08333599215064     
   3.4100000000000001       0.51308923788418581        144.38567322350670        555.13322007489364     
   3.4199999999999999       0.51459389840584024        145.40322138139476        557.18608518100541     
   3.4300000000000002       0.51609855892749479        146.42279815366606        559.24192854440116     
   3.4399999999999999       0.51760321944914922        147.44439087307904        561.30074737793768     
   3.4500000000000002       0.51910787997080376        148.46798692804390        563.36253887425505     
   3.4600000000000000       0.52061254049245820        149.49357397325741        565.42730020525244     
   3.4700000000000002       0.52211720101411274        150.52113964922364        567.49502852426178     
   3.4800000000000000       0.52362186153576717        151.55067181638390        569.56572096550155     
   3.4900000000000002       0.52512652205742183        152.58215843036010        571.63937464487708     
   3.5000000000000000       0.52663118257907626        153.61558757310615        573.71598666049476     
   3.5100000000000002       0.52813584310073081        154.65094744156971        575.79555409344857     
   3.5200000000000000       0.52964050362238535        155.68822637232293        577.87807400720612     
   3.5300000000000002       0.53114516414403978        156.72741281301651        579.96354344976248     
   3.5400000000000000       0.53264982466569433        157.76849533534201        582.05195945300659     
   3.5500000000000003       0.53415448518734887        158.81146260638306        584.14331903346726     
   3.5600000000000001       0.53565914570900330        159.85630345870007        586.23761919305809     
   3.5700000000000003       0.53716380623065785        160.90300678073766        588.33485691838655     
   3.5800000000000001       0.53866846675231228        161.95156159459461        590.43502918290710     
   3.5899999999999999       0.54017312727396682        163.00195708682864        592.53813294621068     
   3.6000000000000001       0.54167778779562137        164.05418247325650        594.64416515473852     
   3.6099999999999999       0.54318244831727580        165.10822711778914        596.75312274219061     
   3.6200000000000001       0.54468710883893035        166.16408051292777        598.86500262994093     
   3.6299999999999999       0.54619176936058489        167.22173221637422        600.97980172772282     
   3.6400000000000001       0.54769642988223932        168.28117192075732        603.09751693285364     
   3.6499999999999999       0.54920109040389387        169.34238939996192        605.21814513237257     
   3.6600000000000001       0.55070575092554830        170.40537454914573        607.34168320224637     
   3.6699999999999999       0.55221041144720284        171.47011738461109        609.46812800803059     
   3.6800000000000002       0.55371507196885728        172.53660796914315        611.59747640522824     
   3.6899999999999999       0.55521973249051193        173.60483649250514        613.72972523994861     
   3.7000000000000002       0.55672439301216636        174.67479326404214        615.86487134804645     
   3.7100000000000000       0.55822905353382091        175.74646866735694        618.00291155726950     
   3.7200000000000002       0.55973371405547534        176.81985319991009        620.14384268638651     
   3.7300000000000000       0.56123837457712988        177.89493739809507        622.28766154581535     
   3.7400000000000002       0.56274303509878432        178.97171197444044        624.43436493794047     
   3.7500000000000000       0.56424769562043886        180.05016767180180        626.58394965742980     
   3.7600000000000002       0.56575235614209329        181.13029534258192        628.73641249184686     
   3.7700000000000000       0.56725701666374795        182.21208594786759        630.89175022071583     
   3.7800000000000002       0.56876167718540238        183.29553052557685        633.04995961767327     
   3.7900000000000000       0.57026633770705693        184.38062018380143        635.21103744951779     
   3.8000000000000003       0.57177099822871136        185.46734611618749        637.37498047680174     
   3.8100000000000001       0.57327565875036590        186.55569966541867        639.54178545411048     
   3.8200000000000003       0.57478031927202033        187.64567218610753        641.71144913033038     
   3.8300000000000001       0.57628497979367499        188.73725512458188        643.88396824923689     
   3.8399999999999999       0.57778964031532942        189.83044006928208        646.05933954847649     
   3.8500000000000001       0.57929430083698397        190.92521861638346        648.23755976173686     
   3.8599999999999999       0.58079896135863840        192.02158250349086        650.41862561772075     
   3.8700000000000001       0.58230362188029294        193.11952348922748        652.60253384070995     
   3.8799999999999999       0.58380828240194738        194.21903347456544        654.78928115080339     
   3.8900000000000001       0.58531294292360192        195.32010439457130        656.97886426415346     
   3.8999999999999999       0.58681760344525635        196.42272826029247        659.17127989319613     
   3.9100000000000001       0.58832226396691101        197.52689720415893        661.36652474720370     
   3.9199999999999999       0.58982692448856544        198.63260337346327        663.56459553119089     
   3.9300000000000002       0.59133158501021998        199.73983903148886        665.76548894810367     
   3.9399999999999999       0.59283624553187442        200.84859648962052        667.96920169771488     
   3.9500000000000002       0.59434090605352896        201.95886817527690        670.17573047716212     
   3.9600000000000000       0.59584556657518339        203.07064652534467        672.38507198114803     
   3.9700000000000002       0.59735022709683805        204.18392410509165        674.59722290214108     
   3.9800000000000000       0.59885488761849248        205.29869350763832        676.81217993056703     
   3.9900000000000002       0.60035954814014703        206.41494740515699        679.02993975500488     
   4.0000000000000000       0.60186420866180146        207.53267858249808        681.25049906270567     
   4.0099999999999998       0.60336886918345589        208.65187980634477        683.47385453842344     
   4.0200000000000005       0.60487352970511055        209.77254397425500        685.70000286662673     
   4.0300000000000002       0.60637819022676498        210.89466404273270        687.92894073031755     
   4.0400000000000000       0.60788285074841941        212.01823304248512        690.16066481154201     
   4.0499999999999998       0.60938751127007396        213.14324401653150        692.39517179155678     
   4.0600000000000005       0.61089217179172861        214.26969012191566        694.63245835099599     
   4.0700000000000003       0.61239683231338304        215.39756458240944        696.87252117002731     
   4.0800000000000001       0.61390149283503748        216.52686063222365        699.11535692851351     
   4.0899999999999999       0.61540615335669191        217.65757159734073        701.36096230651742     
   4.0999999999999996       0.61691081387834645        218.78969089589913        703.60933398304269     
   4.1100000000000003       0.61841547440000111        219.92321195720618        705.86046863829461     
   4.1200000000000001       0.61992013492165554        221.05812830873717        708.11436295241629     
   4.1299999999999999       0.62142479544330997        222.19443348725258        710.37101360598194     
   4.1399999999999997       0.62292945596496452        223.33212114523553        712.63041728013559     
   4.1500000000000004       0.62443411648661906        224.47118495276985        714.89257065672439     
   4.1600000000000001       0.62593877700827349        225.61161864606581        717.15747041843281     
   4.1699999999999999       0.62744343752992793        226.75341603975536        719.42511324891041     
   4.1799999999999997       0.62894809805158247        227.89657096334528        721.69549583290041     
   4.1900000000000004       0.63045275857323713        229.04107731347972        723.96861485636168     
   4.2000000000000002       0.63195741909489156        230.18692908209837        726.24446700695682     
   4.2100000000000000       0.63346207961654599        231.33412024746727        728.52304897270642     
   4.2199999999999998       0.63496674013820054        232.48264490225372        730.80435744430258     
   4.2300000000000004       0.63647140065985508        233.63249717462389        733.08838911375381     
   4.2400000000000002       0.63797606118150951        234.78367119475897        735.37514067486688     
   4.2500000000000000       0.63948072170316395        235.93616120207136        737.66460882335332     
   4.2599999999999998       0.64098538222481860        237.08996146768808        739.95679025693551     
   4.2700000000000005       0.64249004274647314        238.24506631870818        742.25168167544780     
   4.2800000000000002       0.64399470326812758        239.40147012714107        744.54927978094383     
   4.2900000000000000       0.64549936378978201        240.55916730275356        746.84958127778953     
   4.2999999999999998       0.64700402431143655        241.71815230630278        749.15258287276413     
   4.3100000000000005       0.64850868483309110        242.87841966846398        751.45828127553261     
   4.3200000000000003       0.65001334535474553        244.03996393216070        753.76667319721810     
   4.3300000000000001       0.65151800587640007        245.20277974404308        756.07775535277563     
   4.3399999999999999       0.65302266639805462        246.36686171763350        758.39152445955540     
   4.3500000000000005       0.65452732691970916        247.53220456565893        760.70797723777457     
   4.3600000000000003       0.65603198744136360        248.69880305345853        763.02711041059695     
   4.3700000000000001       0.65753664796301803        249.86665197016279        765.34892070421847     
   4.3799999999999999       0.65904130848467257        251.03574611550903        767.67340484794738     
   4.3899999999999997       0.66054596900632701        252.20608038028507        770.00055957428151     
   4.4000000000000004       0.66205062952798166        253.37764970703370        772.33038161898787     
   4.4100000000000001       0.66355529004963609        254.55044904635838        774.66286772117337     
   4.4199999999999999       0.66505995057129064        255.72447339894887        776.99801462336325     
   4.4299999999999997       0.66656461109294507        256.89971780787465        779.33581907156974     
   4.4400000000000004       0.66806927161459961        258.07617737148428        781.67627781575925     
   4.4500000000000002       0.66957393213625405        259.25384724143493        784.01938760833343     
   4.4600000000000000       0.67107859265790859        260.43272255206585        786.36514520657636     
   4.4699999999999998       0.67258325317956313        261.61279851764499        788.71354737113404     
   4.4800000000000004       0.67408791370121768        262.79407039895523        791.06459086647237     
   4.4900000000000002       0.67559257422287222        263.97653347991030        793.41827246094033     
   4.5000000000000000       0.67709723474452665        265.16018307820576        795.77458892683080     
   4.5099999999999998       0.67860189526618109        266.34501458122048        798.13353704043868     
   4.5200000000000005       0.68010655578783563        267.53102337514304        800.49511358211919     
   4.5300000000000002       0.68161121630949029        268.71820489976415        802.85931533634289     
   4.5400000000000000       0.68311587683114472        269.90655463013468        805.22613909175118     
   4.5499999999999998       0.68462053735279915        271.09606806955776        807.59558164120926     
   4.5600000000000005       0.68612519787445370        272.28674079755206        809.96763978185982     
   4.5700000000000003       0.68762985839610824        273.47856838513536        812.34231031517049     
   4.5800000000000001       0.68913451891776267        274.67154644782590        814.71959004740165     
   4.5899999999999999       0.69063917943941711        275.86567065322686        817.09947578799108     
   4.6000000000000005       0.69214383996107165        277.06093663833559        819.48196435209468     
   4.6100000000000003       0.69364850048272630        278.25734021857022        821.86705255896891     
   4.6200000000000001       0.69515316100438074        279.45487707226414        824.25473723243238     
   4.6299999999999999       0.69665782152603517        280.65354303602987        826.64501520090778     
   4.6399999999999997       0.69816248204768960        281.85333395979950        829.03788329746533     
   4.6500000000000004       0.69966714256934426        283.05424561911207        831.43333835986311     
   4.6600000000000001       0.70117180309099869        284.25627394772158        833.83137723058576     
   4.6699999999999999       0.70267646361265312        285.45941488455344        836.23199675688647     
   4.6799999999999997       0.70418112413430767        286.66366435157050        838.63519379082311     
   4.6900000000000004       0.70568578465596232        287.86901839101745        841.04096518929293     
   4.7000000000000002       0.70719044517761676        289.07547293023953        843.44930781407220     
   4.7100000000000000       0.70869510569927119        290.28302408945922        845.86021853184820     
   4.7199999999999998       0.71019976622092562        291.49166793663886        848.27369421425328     
   4.7300000000000004       0.71170442674258028        292.70140053393669        850.68973173790005     
   4.7400000000000002       0.71320908726423471        293.91221807315242        853.10832798484591     
   4.7500000000000000       0.71471374778588925        295.12411670780847        855.52947984088041     
   4.7599999999999998       0.71621840830754369        296.33709260576131        857.95318419817545     
   4.7700000000000005       0.71772306882919834        297.55114202654204        860.37943795356512     
   4.7800000000000002       0.71922772935085277        298.76626119938436        862.80823800901146     
   4.7900000000000000       0.72073238987250721        299.98244642582534        865.23958127163473     
   4.7999999999999998       0.72223705039416164        301.19969401544722        867.67346465373726     
   4.8100000000000005       0.72374171091581641        302.41800029653149        870.10988507282912     
   4.8200000000000003       0.72524637143747084        303.63736166277164        872.54883945165375     
   4.8300000000000001       0.72675103195912527        304.85777445090906        874.99032471821295     
   4.8399999999999999       0.72825569248077970        306.07923514324983        877.43433780578732     
   4.8500000000000005       0.72976035300243436        307.30174017422667        879.88087565296462     
   4.8600000000000003       0.73126501352408879        308.52528594022129        882.32993520365494     
   4.8700000000000001       0.73276967404574322        309.74986905580596        884.78151340711520     
   4.8799999999999999       0.73427433456739766        310.97548595165574        887.23560721797014     
   4.8899999999999997       0.73577899508905231        312.20213326082131        889.69221359623123     
   4.9000000000000004       0.73728365561070686        313.42980749241559        892.15132950731561     
   4.9100000000000001       0.73878831613236129        314.65850526429267        894.61295192206194     
   4.9199999999999999       0.74029297665401572        315.88822323576989        897.07707781675504     
   4.9299999999999997       0.74179763717567027        317.11897128826837        899.54370417313521     
   4.9400000000000004       0.74330229769732481        318.35070630494408        902.01282797888211     
   4.9500000000000002       0.74480695821897924        319.58346474911849        904.48444622577745     
   4.9600000000000000       0.74631161874063379        320.81723015998676        906.95855591249699     
   4.9699999999999998       0.74781627926228833        322.05199927270388        909.43515404277503     
   4.9800000000000004       0.74932093978394287        323.28776873834460        911.91423762588136     
   4.9900000000000002       0.75082560030559731        324.52453549313236        914.39580367663132     
   5.0000000000000000       0.75233026082725185        325.76229628772819        916.87984921540442     
   5.0099999999999998       0.75383492134890628        327.00104794721523        919.36637126814878     
   5.0200000000000005       0.75533958187056083        328.24078735361644        921.85536686640353     
   5.0300000000000002       0.75684424239221537        329.48151141573015        924.34683304729731     
   5.0400000000000000       0.75834890291386992        330.72321700928279        926.84076685357206     
   5.0499999999999998       0.75985356343552435        331.96590104727085        929.33716533358120     
   5.0600000000000005       0.76135822395717889        333.20956047755857        931.83602554130846     
   5.0700000000000003       0.76286288447883333        334.45419231267300        934.33734453636941     
   5.0800000000000001       0.76436754500048787        335.69979355731579        936.84111938403021     
   5.0899999999999999       0.76587220552214230        336.94636116961590        939.34734715520256     
   5.1000000000000005       0.76737686604379696        338.19389217202882        941.85602492646478     
   5.1100000000000003       0.76888152656545139        339.44238368299779        944.36714978005773     
   5.1200000000000001       0.77038618708710593        340.69183274308546        946.88071880390225     
   5.1299999999999999       0.77189084760876037        341.94223641537616        949.39672909159458     
   5.1399999999999997       0.77339550813041480        343.19359186417620        951.91517774242266     
   5.1500000000000004       0.77490016865206934        344.44589621023351        954.43606186136412     
   5.1600000000000001       0.77640482917372389        345.69914655108801        956.95937855909585     
   5.1699999999999999       0.77790948969537843        346.95334016406133        959.48512495248963     
   5.1799999999999997       0.77941415021703286        348.20847418079319        962.01329816264513     
   5.1900000000000004       0.78091881073868741        349.46454584704844        964.54389531785091     
   5.2000000000000002       0.78242347126034195        350.72155231989359        967.07691355161921     
   5.2100000000000000       0.78392813178199638        351.97949089664104        969.61235000317731     
   5.2199999999999998       0.78543279230365082        353.23835886846359        972.15020181747434     
   5.2300000000000004       0.78693745282530536        354.49815353438015        974.69046614518413     
   5.2400000000000002       0.78844211334696002        355.75887211303689        977.23314014270215     
   5.2500000000000000       0.78994677386861445        357.02051202338617        979.77822097215358     
   5.2599999999999998       0.79145143439026888        358.28307051712676        982.32570580139020     
   5.2700000000000005       0.79295609491192343        359.54654499078453        984.87559180399626     
   5.2800000000000002       0.79446075543357797        360.81093286465455        987.42787615928273     
   5.2900000000000000       0.79596541595523240        362.07623145337823        989.98255605229485     
   5.2999999999999998       0.79747007647688684        363.34243823882122        992.53962867380756     
   5.3100000000000005       0.79897473699854149        364.60955060095040        995.09909122032684     
   5.3200000000000003       0.80047939752019603        365.87756601946683        997.66094089408944     
   5.3300000000000001       0.80198405804185047        367.14648193177095        1000.2251749030622     
   5.3399999999999999       0.80348871856350490        368.41629581778761        1002.7917904609416     
   5.3500000000000005       0.80499337908515944        369.68700516269490        1005.3607847871510     
   5.3600000000000003       0.80649803960681399        370.95860753103568        1007.9321551068423     
   5.3700000000000001       0.80800270012846842        372.23110034242688        1010.5058986508892     
   5.3799999999999999       0.80950736065012296        373.50448124134334        1013.0820126558879     
   5.3899999999999997       0.81101202117177740        374.77874772894558        1015.6604943641577     
   5.4000000000000004       0.81251668169343205        376.05389738439254        1018.2413410237341     
   5.4100000000000001       0.81402134221508649        377.32992787335252        1020.8245498883653     
   5.4199999999999999       0.81552600273674092        378.60683671967939        1023.4101182175140     
   5.4299999999999997       0.81703066325839535        379.88462157890888        1025.9980432763523     
   5.4400000000000004       0.81853532378005001        381.16328000404576        1028.5883223357546     
   5.4500000000000002       0.82003998430170455        382.44280980485576        1031.1809526722996     
   5.4600000000000000       0.82154464482335898        383.72320846150660        1033.7759315687931     
   5.4699999999999998       0.82304930534501342        385.00447380993216        1036.3732563121396     
   5.4800000000000004       0.82455396586666807        386.28660350092326        1038.9729241965274     
   5.4900000000000002       0.82605862638832250        387.56959521547896        1041.5749325212992     
   5.5000000000000000       0.82756328690997694        388.85344668313627        1044.1792785914733     
   5.5099999999999998       0.82906794743163137        390.13815566781426        1046.7859597177487     
   5.5200000000000005       0.83057260795328614        391.42371989688553        1049.3949732164888     
   5.5300000000000002       0.83207726847494057        392.71013710728306        1052.0063164097248     
   5.5400000000000000       0.83358192899659500        393.99740515913874        1054.6199866251432     
   5.5499999999999998       0.83508658951824954        395.28552180325875        1057.2359811960866     
   5.5600000000000005       0.83659125003990409        396.57448480049328        1059.8542974615423     
   5.5700000000000003       0.83809591056155852        397.86429208353593        1062.4749327661411     
   5.5800000000000001       0.83960057108321295        399.15494138960514        1065.0978844601443     
   5.5899999999999999       0.84110523160486761        400.44643059610922        1067.7231498994486     
   5.6000000000000005       0.84260989212652215        401.73875752446924        1070.3507264455652     
   5.6100000000000003       0.84411455264817659        403.03192017219283        1072.9806114656251     
   5.6200000000000001       0.84561921316983102        404.32591631241399        1075.6128023323656     
   5.6299999999999999       0.84712387369148556        405.62074384754345        1078.2472964241263     
   5.6399999999999997       0.84862853421314000        406.91640076062691        1080.8840911248410     
   5.6500000000000004       0.85013319473479454        408.21288493550088        1083.5231838240293     
   5.6600000000000001       0.85163785525644908        409.51019430008813        1086.1645719167918     
   5.6699999999999999       0.85314251577810363        410.80832680413130        1088.8082528037999     
   5.6799999999999997       0.85464717629975806        412.10728045716138        1091.4542238912882     
   5.6900000000000004       0.85615183682141260        413.40705315220822        1094.1024825910499     
   5.7000000000000002       0.85765649734306704        414.70764294522741        1096.7530263204237     
   5.7100000000000000       0.85916115786472158        416.00904784687407        1099.4058525022938     
   5.7199999999999998       0.86066581838637601        417.31126578149969        1102.0609585650691     
   5.7300000000000004       0.86217047890803067        418.61429478213938        1104.7183419426879     
   5.7400000000000002       0.86367513942968510        419.91813298954503        1107.3780000746015     
   5.7500000000000000       0.86517979995133965        421.22277833446373        1110.0399304057680     
   5.7599999999999998       0.86668446047299408        422.52822897376058        1112.7041303866429     
   5.7700000000000005       0.86818912099464862        423.83448293175218        1115.3705974731738     
   5.7800000000000002       0.86969378151630305        425.14153825788355        1118.0393291267847     
   5.7900000000000000       0.87119844203795760        426.44939304149887        1120.7103228143758     
   5.7999999999999998       0.87270310255961214        427.75804540774215        1123.3835760083043     
   5.8100000000000005       0.87420776308126669        429.06749348931527        1126.0590861863843     
   5.8200000000000003       0.87571242360292112        430.37773538027238        1128.7368508318721     
   5.8300000000000001       0.87721708412457566        431.68876925941959        1131.4168674334603     
   5.8399999999999999       0.87872174464623010        433.00059319734754        1134.0991334858509     
   5.8500000000000005       0.88022640516788464        434.31320542781441        1136.7836464874040     
   5.8600000000000003       0.88173106568953907        435.62660405592783        1139.4704039436438     
   5.8700000000000001       0.88323572621119373        436.94078731240637        1142.1594033649042     
   5.8799999999999999       0.88474038673284816        438.25575331727202        1144.8506422669054     
   5.8899999999999997       0.88624504725450259        439.57150031938465        1147.5441181707442     
   5.9000000000000004       0.88774970777615714        440.88802648041201        1150.2398286028856     
   5.9100000000000001       0.88925436829781168        442.20533011543506        1152.9377710951489     
   5.9199999999999999       0.89075902881946611        443.52340943989094        1155.6379431847024     
   5.9299999999999997       0.89226368934112055        444.84226254294163        1158.3403424140486     
   5.9400000000000004       0.89376834986277531        446.16188784017248        1161.0449663310176     
   5.9500000000000002       0.89527301038442975        447.48228349688964        1163.7518124887531     
   5.9600000000000000       0.89677767090608418        448.80344782812318        1166.4608784457087     
   5.9699999999999998       0.89828233142773861        450.12537899649243        1169.1721617656265     
   5.9800000000000004       0.89978699194939327        451.44807551755270        1171.8856600175420     
   5.9900000000000002       0.90129165247104770        452.77153551507439        1174.6013707757547     
   6.0000000000000000       0.90279631299270213        454.09575728121263        1177.3192916198375     
   6.0099999999999998       0.90430097351435657        455.42073925690158        1180.0394201346080     
   6.0200000000000005       0.90580563403601133        456.74647962953702        1182.7617539101320     
   6.0300000000000002       0.90731029455766576        458.07297688461369        1185.4862905417006     
   6.0400000000000000       0.90881495507932020        459.40022919520555        1188.2130276298317     
   6.0499999999999998       0.91031961560097463        460.72823497739159        1190.9419627802504     
   6.0600000000000005       0.91182427612262928        462.05699267050858        1193.6730936038798     
   6.0700000000000003       0.91332893664428372        463.38650062539438        1196.4064177168300     
   6.0800000000000001       0.91483359716593826        464.71675712848918        1199.1419327403921     
   6.0899999999999999       0.91633825768759269        466.04776064743561        1201.8796363010190     
   6.1000000000000005       0.91784291820924735        467.37950947049364        1204.6195260303214     
   6.1100000000000003       0.91934757873090178        468.71200217432795        1207.3615995650503     
   6.1200000000000001       0.92085223925255622        470.04523705564293        1210.1058545470933     
   6.1299999999999999       0.92235689977421065        471.37921255649832        1212.8522886234553     
   6.1400000000000006       0.92386156029586530        472.71392712515910        1215.6008994462563     
   6.1500000000000004       0.92536622081751985        474.04937925535376        1218.3516846727107     
   6.1600000000000001       0.92687088133917428        475.38556724719774        1221.1046419651218     
   6.1699999999999999       0.92837554186082871        476.72248968737654        1223.8597689908713     
   6.1799999999999997       0.92988020238248326        478.06014494895282        1226.6170634224029     
   6.1900000000000004       0.93138486290413780        479.39853160118753        1229.3765229372168     
   6.2000000000000002       0.93288952342579223        480.73764804378692        1232.1381452178516     
   6.2100000000000000       0.93439418394744667        482.07749276841673        1234.9019279518791     
   6.2199999999999998       0.93589884446910132        483.41806427235940        1237.6678688318946     
   6.2300000000000004       0.93740350499075586        484.75936115528799        1240.4359655554927     
   6.2400000000000002       0.93890816551241030        486.10138186711583        1243.2062158252691     
   6.2500000000000000       0.94041282603406473        487.44412482962781        1245.9786173488048     
   6.2599999999999998       0.94191748655571927        488.78758870908467        1248.7531678386531     
   6.2700000000000005       0.94342214707737382        490.13177200589286        1251.5298650123300     
   6.2800000000000002       0.94492680759902825        491.47667318057279        1254.3087065922984     
   6.2900000000000000       0.94643146812068268        492.82229090287410        1257.0896903059640     
   6.2999999999999998       0.94793612864233734        494.16862365841200        1259.8728138856570     
   6.3100000000000005       0.94944078916399188        495.51567006291361        1262.6580750686223     
   6.3200000000000003       0.95094544968564632        496.86342862222654        1265.4454715970119     
   6.3300000000000001       0.95245011020730075        498.21189789785495        1268.2350012178665     
   6.3399999999999999       0.95395477072895529        499.56107662982879        1271.0266616831063     
   6.3500000000000005       0.95545943125060984        500.91096322961909        1273.8204507495241     
   6.3600000000000003       0.95696409177226438        502.26155643971327        1276.6163661787677     
   6.3700000000000001       0.95846875229391881        503.61285476442941        1279.4144057373289     
   6.3799999999999999       0.95997341281557336        504.96485688678723        1282.2145671965350     
   6.3900000000000006       0.96147807333722790        506.31756138782777        1285.0168483325338     
   6.4000000000000004       0.96298273385888233        507.67096692539803        1287.8212469262842     
   6.4100000000000001       0.96448739438053677        509.02507210472402        1290.6277607635409     
   6.4199999999999999       0.96599205490219131        510.37987563679098        1293.4363876348498     
   6.4299999999999997       0.96749671542384574        511.73537602585253        1296.2471253355279     
   6.4400000000000004       0.96900137594550040        513.09157216036283        1299.0599716663264     
   6.4500000000000002       0.97050603646715483        514.44846247625424        1301.8749244307392     
   6.4600000000000000       0.97201069698880938        515.80604576904909        1304.6919814390078     
   6.4699999999999998       0.97351535751046381        517.16432065347090        1307.5111405054322     
   6.4800000000000004       0.97502001803211835        518.52328587370596        1310.3323994490279     
   6.4900000000000002       0.97652467855377290        519.88294010669802        1313.1557560935164     
   6.5000000000000000       0.97802933907542744        521.24328197619423        1315.9812082673095     
   6.5099999999999998       0.97953399959708187        522.60431027851359        1318.8087538035022     
   6.5200000000000005       0.98103866011873642        523.96602364772275        1321.6383905398582     
   6.5300000000000002       0.98254332064039096        525.32842085041852        1324.4701163187945     
   6.5400000000000000       0.98404798116204539        526.69150059211131        1327.3039289873791     
   6.5499999999999998       0.98555264168369983        528.05526160991565        1330.1398263973117     
   6.5600000000000005       0.98705730220535437        529.41970261605513        1332.9778064049121     
   6.5700000000000003       0.98856196272700902        530.78482235723970        1335.8178668711130     
   6.5800000000000001       0.99006662324866346        532.15061960848652        1338.6600056614441     
   6.5899999999999999       0.99157128377031789        533.51709310120430        1341.5042206460228     
   6.6000000000000005       0.99307594429197243        534.88424158285011        1344.3505096995420     
   6.6100000000000003       0.99458060481362698        536.25206377554389        1347.1988707012545     
   6.6200000000000001       0.99608526533528141        537.62055853384277        1350.0493015349700     
   6.6299999999999999       0.99758992585693584        538.98972459684182        1352.9018000890335     
   6.6400000000000006       0.99909458637859050        540.35956075559966        1355.7563642563223     
   6.6500000000000004        1.0005992469002449        541.73006580676702        1358.6129919342261     
   6.6600000000000001        1.0021039074218994        543.10123855342783        1361.4716810246409     
   6.6699999999999999        1.0036085679435538        544.47307766770643        1364.3324294339575     
   6.6799999999999997        1.0051132284652082        545.84558211321132        1367.1952350730464     
   6.6900000000000004        1.0066178889868631        547.21875070104863        1370.0600958572504     
   6.7000000000000002        1.0081225495085175        548.59258207166829        1372.9270097063663     
   6.7100000000000000        1.0096272100301720        549.96707523608995        1375.7959745446387     
   6.7199999999999998        1.0111318705518264        551.34222896941958        1378.6669883007510     
   6.7300000000000004        1.0126365310734811        552.71804204572106        1381.5400489078067     
   6.7400000000000002        1.0141411915951355        554.09451332300659        1384.4151543033204     
   6.7500000000000000        1.0156458521167899        555.47164169075961        1387.2923024292083     
   6.7599999999999998        1.0171505126384444        556.84942600608599        1390.1714912317741     
   6.7700000000000005        1.0186551731600990        558.22786503526675        1393.0527186617010     
   6.7800000000000002        1.0201598336817534        559.60695769047027        1395.9359826740356     
   6.7900000000000000        1.0216644942034079        560.98670287898267        1398.8212812281758     
   6.7999999999999998        1.0231691547250623        562.36709939852381        1401.7086122878702     
   6.8100000000000005        1.0246738152467170        563.74814614275761        1404.5979738211872     
   6.8200000000000003        1.0261784757683716        565.12984197230332        1407.4893638005253     
   6.8300000000000001        1.0276831362900261        566.51218588403606        1410.3827802025828     
   6.8399999999999999        1.0291877968116805        567.89517661781667        1413.2782210083599     
   6.8500000000000005        1.0306924573333351        569.27881313788362        1416.1756842031407     
   6.8600000000000003        1.0321971178549896        570.66309436737458        1419.0751677764802     
   6.8700000000000001        1.0337017783766440        572.04801920208649        1421.9766697221985     
   6.8799999999999999        1.0352064388982984        573.43358651098811        1424.8801880383662     
   6.8900000000000006        1.0367110994199531        574.81979527480576        1427.7857207272939     
   6.9000000000000004        1.0382157599416075        576.20664439447842        1430.6932657955188     
   6.9100000000000001        1.0397204204632620        577.59413270590517        1433.6028212537947     
   6.9199999999999999        1.0412250809849164        578.98225922569191        1436.5143851170840     
   6.9299999999999997        1.0427297415065711        580.37102292881229        1439.4279554045409     
   6.9400000000000004        1.0442344020282255        581.76042265557840        1442.3435301395036     
   6.9500000000000002        1.0457390625498799        583.15045738057154        1445.2611073494809     
   6.9600000000000000        1.0472437230715343        584.54112608021603        1448.1806850661428     
   6.9699999999999998        1.0487483835931890        585.93242776702050        1451.1022613253094     
   6.9800000000000004        1.0502530441148437        587.32436126327866        1454.0258341669373     
   6.9900000000000002        1.0517577046364981        588.71692560608483        1456.9514016351120     
   7.0000000000000000        1.0532623651581525        590.11011970916127        1459.8789617780328     
   7.0099999999999998        1.0547670256798070        591.50394265349655        1462.8085126480044     
   7.0200000000000005        1.0562716862014616        592.89839325239711        1465.7400523014267     
   7.0300000000000002        1.0577763467231160        594.29347073626457        1468.6735787987777     
   7.0400000000000000        1.0592810072447707        595.68917381993367        1471.6090902046137     
   7.0499999999999998        1.0607856677664251        597.08550163582822        1474.5465845875431     
   7.0600000000000005        1.0622903282880796        598.48245313559892        1477.4860600202303     
   7.0700000000000003        1.0637949888097340        599.88002736505166        1480.4275145793742     
   7.0800000000000001        1.0652996493313887        601.27822330362210        1483.3709463457035     
   7.0899999999999999        1.0668043098530431        602.67704000350489        1486.3163534039611     
   7.1000000000000005        1.0683089703746977        604.07647631868497        1489.2637338428974     
   7.1100000000000003        1.0698136308963522        605.47653143935190        1492.2130857552547     
   7.1200000000000001        1.0713182914180066        606.87720426758085        1495.1644072377610     
   7.1299999999999999        1.0728229519396610        608.27849393032034        1498.1176963911169     
   7.1400000000000006        1.0743276124613157        609.68039935198726        1501.0729513199835     
   7.1500000000000004        1.0758322729829701        611.08291963603756        1504.0301701329754     
   7.1600000000000001        1.0773369335046246        612.48605382304538        1506.9893509426449     
   7.1699999999999999        1.0788415940262792        613.88980091584335        1509.9504918654745     
   7.1799999999999997        1.0803462545479336        615.29415998446871        1512.9135910218663     
   7.1900000000000004        1.0818509150695881        616.69913001347288        1515.8786465361300     
   7.2000000000000002        1.0833555755912427        618.10471021223350        1518.8456565364752     
   7.2100000000000000        1.0848602361128972        619.51089940120289        1521.8146191549911     
   7.2199999999999998        1.0863648966345516        620.91769685327267        1524.7855325276496     
   7.2300000000000004        1.0878695571562060        622.32510153222972        1527.7583947942862     
   7.2400000000000002        1.0893742176778607        623.73311250804920        1530.7332040985893     
   7.2500000000000000        1.0908788781995151        625.14172897152730        1533.7099585880940     
   7.2599999999999998        1.0923835387211698        626.55094985693802        1536.6886564141669     
   7.2700000000000005        1.0938881992428242        627.96077423897179        1539.6692957319981     
   7.2800000000000002        1.0953928597644786        629.37120131018185        1542.6518747005928     
   7.2900000000000000        1.0968975202861331        630.78223003076755        1545.6363914827534     
   7.2999999999999998        1.0984021808077877        632.19385956716610        1548.6228442450783     
   7.3100000000000005        1.0999068413294422        633.60608904472372        1551.6112311579459     
   7.3200000000000003        1.1014115018510966        635.01891754986229        1554.6015503955032     
   7.3300000000000001        1.1029161623727510        636.43234411084654        1557.5938001356615     
   7.3399999999999999        1.1044208228944057        637.84636788406715        1560.5879785600771     
   7.3500000000000005        1.1059254834160601        639.26098793677886        1563.5840838541508     
   7.3600000000000003        1.1074301439377146        640.67620360849924        1566.5821142070101     
   7.3700000000000001        1.1089348044593690        642.09201371379436        1569.5820678115019     
   7.3799999999999999        1.1104394649810239        643.50841746959418        1572.5839428641846     
   7.3900000000000006        1.1119441255026783        644.92541405507848        1575.5877375653090     
   7.4000000000000004        1.1134487860243327        646.34300252967057        1578.5934501188217     
   7.4100000000000001        1.1149534465459872        647.76118206279682        1581.6010787323401     
   7.4199999999999999        1.1164581070676418        649.17995185659845        1584.6106216171586     
   7.4299999999999997        1.1179627675892962        650.59931091628516        1587.6220769882200     
   7.4400000000000004        1.1194674281109507        652.01925853640319        1590.6354430641209     
   7.4500000000000002        1.1209720886326051        653.43979367941097        1593.6507180670967     
   7.4600000000000000        1.1224767491542598        654.86091558652402        1596.6679002230042     
   7.4699999999999998        1.1239814096759142        656.28262346778195        1599.6869877613235     
   7.4800000000000004        1.1254860701975686        657.70491651569250        1602.7079789151401     
   7.4900000000000002        1.1269907307192233        659.12779367279143        1605.7308719211371     
   7.5000000000000000        1.1284953912408777        660.55125424383323        1608.7556650195879     
   7.5099999999999998        1.1300000517625322        661.97529739707420        1611.7823564543385     
   7.5200000000000005        1.1315047122841866        663.39992219924216        1614.8109444728086     
   7.5300000000000002        1.1330093728058415        664.82512800834559        1617.8414273259737     
   7.5400000000000000        1.1345140333274959        666.25091391322883        1620.8738032683541     
   7.5499999999999998        1.1360186938491503        667.67727896210306        1623.9080705580163     
   7.5600000000000005        1.1375233543708048        669.10422259843995        1626.9442274565477     
   7.5700000000000003        1.1390280148924594        670.53174369712588        1629.9822722290589     
   7.5800000000000001        1.1405326754141139        671.95984176391835        1633.0222031441663     
   7.5899999999999999        1.1420373359357683        673.38851573965826        1636.0640184739909     
   7.6000000000000005        1.1435419964574227        674.81776492293159        1639.1077164941385     
   7.6100000000000003        1.1450466569790774        676.24758854196341        1642.1532954836973     
   7.6200000000000001        1.1465513175007318        677.67798576004338        1645.2007537252252     
   7.6299999999999999        1.1480559780223862        679.10895570594732        1648.2500895047428     
   7.6400000000000006        1.1495606385440407        680.54049780272896        1651.3013011117191     
   7.6500000000000004        1.1510652990656953        681.97261104053166        1654.3543868390664     
   7.6600000000000001        1.1525699595873500        683.40529465150064        1657.4093449831298     
   7.6699999999999999        1.1540746201090044        684.83854786113136        1660.4661738436739     
   7.6799999999999997        1.1555792806306588        686.27237011831028        1663.5248717238812     
   7.6900000000000004        1.1570839411523135        687.70676032580229        1666.5854369303347     
   7.7000000000000002        1.1585886016739679        689.14171789441821        1669.6478677730129     
   7.7100000000000000        1.1600932621956224        690.57724198676874        1672.7121625652790     
   7.7199999999999998        1.1615979227172768        692.01333188249669        1675.7783196238722     
   7.7300000000000004        1.1631025832389315        693.44998679387083        1678.8463372688984     
   7.7400000000000002        1.1646072437605859        694.88720593469657        1681.9162138238182     
   7.7500000000000000        1.1661119042822403        696.32498852009928        1684.9879476154417     
   7.7599999999999998        1.1676165648038948        697.76333379034440        1688.0615369739189     
   7.7700000000000005        1.1691212253255494        699.20224118821284        1691.1369802327251     
   7.7800000000000002        1.1706258858472038        700.64170965558139        1694.2142757286583     
   7.7900000000000000        1.1721305463688583        702.08173870977305        1697.2934218018270     
   7.7999999999999998        1.1736352068905127        703.52232739614317        1700.3744167956406     
   7.8100000000000005        1.1751398674121676        704.96347511127328        1703.4572590568025     
   7.8200000000000003        1.1766445279338220        706.40518096915741        1706.5419469352951     
   7.8300000000000001        1.1781491884554764        707.84744442659962        1709.6284787843824     
   7.8399999999999999        1.1796538489771309        709.29026461096316        1712.7168529605888     
   7.8500000000000005        1.1811585094987855        710.73364069344802        1715.8070678236945     
   7.8600000000000003        1.1826631700204400        712.17757222761907        1718.8991217367281     
   7.8700000000000001        1.1841678305420944        713.62205838063380        1721.9930130659579     
   7.8799999999999999        1.1856724910637488        715.06709834587650        1725.0887401808811     
   7.8900000000000006        1.1871771515854035        716.51269131646382        1728.1863014542141     
   7.9000000000000004        1.1886818121070579        717.95883684801049        1731.2856952618833     
   7.9100000000000001        1.1901864726287124        719.40553395505469        1734.3869199830226     
   7.9199999999999999        1.1916911331503668        720.85278211795628        1737.4899739999546     
   7.9300000000000006        1.1931957936720214        722.30058053380708        1740.5948556981925     
   7.9400000000000004        1.1947004541936761        723.74892841997928        1743.7015634664194     
   7.9500000000000002        1.1962051147153305        725.19782525924006        1746.8100956964895     
   7.9600000000000000        1.1977097752369850        726.64727023025102        1749.9204507834163     
   7.9699999999999998        1.1992144357586394        728.09726256752754        1753.0326271253628     
   7.9800000000000004        1.2007190962802941        729.54780174531743        1756.1466231236323     
   7.9900000000000002        1.2022237568019485        730.99888693074240        1759.2624371826612     
   8.0000000000000000        1.2037284173236029        732.45051742129988        1762.3800677100082     
   8.0099999999999998        1.2052330778452574        733.90269260971934        1765.4995131163530     
   8.0199999999999996        1.2067377383669118        735.35541188226443        1768.6207718154762     
   8.0299999999999994        1.2082423988885662        736.80867432063258        1771.7438422242587     
   8.0400000000000009        1.2097470594102211        738.26247942038606        1774.8687227626742     
   8.0500000000000007        1.2112517199318755        739.71682638093830        1777.9954118537739     
   8.0600000000000005        1.2127563804535300        741.17171468878428        1781.1239079236816     
   8.0700000000000003        1.2142610409751844        742.62714348031477        1784.2542094015876     
   8.0800000000000001        1.2157657014968388        744.08311215150434        1787.3863147197392     
   8.0899999999999999        1.2172703620184935        745.53962007359939        1790.5202223134268     
   8.0999999999999996        1.2187750225401479        746.99666652714950        1793.6559306209840     
   8.1099999999999994        1.2202796830618023        748.45425091821312        1796.7934380837737     
   8.1200000000000010        1.2217843435834572        749.91237254663054        1799.9327431461825     
   8.1300000000000008        1.2232890041051117        751.37103063844188        1803.0738442556087     
   8.1400000000000006        1.2247936646267661        752.83022472072241        1806.2167398624592     
   8.1500000000000004        1.2262983251484205        754.28995402480564        1809.3614284201381     
   8.1600000000000001        1.2278029856700750        755.75021778239238        1812.5079083850349     
   8.1699999999999999        1.2293076461917294        757.21101566878838        1815.6561782165252     
   8.1799999999999997        1.2308123067133838        758.67234675894633        1818.8062363769589     
   8.1899999999999995        1.2323169672350383        760.13421040915296        1821.9580813316461     
   8.1999999999999993        1.2338216277566929        761.59660611653953        1825.1117115488546     
   8.2100000000000009        1.2353262882783476        763.05953309400559        1828.2671254998045     
   8.2200000000000006        1.2368309488000022        764.52299091575799        1831.4243216586517     
   8.2300000000000004        1.2383356093216566        765.98697862939559        1834.5832985024892     
   8.2400000000000002        1.2398402698433111        767.45149589722087        1837.7440545113304     
   8.2500000000000000        1.2413449303649655        768.91654182764114        1840.9065881681101     
   8.2599999999999998        1.2428495908866199        770.38211595445421        1844.0708979586675     
   8.2699999999999996        1.2443542514082744        771.84821761204273        1847.2369823717429     
   8.2799999999999994        1.2458589119299290        773.31484622792436        1850.4048398989737     
   8.2900000000000009        1.2473635724515837        774.78200101609798        1853.5744690348758     
   8.3000000000000007        1.2488682329732381        776.24968142995669        1856.7458682768465     
   8.3100000000000005        1.2503728934948926        777.71788691892505        1859.9190361251497     
   8.3200000000000003        1.2518775540165470        779.18661667562753        1863.0939710829123     
   8.3300000000000001        1.2533822145382014        780.65587040020353        1866.2706716561156     
   8.3399999999999999        1.2548868750598559        782.12564713825270        1869.4491363535838     
   8.3499999999999996        1.2563915355815103        783.59594657678383        1872.6293636869793     
   8.3599999999999994        1.2578961961031649        785.06676778052122        1875.8113521707980     
   8.3700000000000010        1.2594008566248198        786.53811032873818        1878.9951003223568     
   8.3800000000000008        1.2609055171464743        788.00997374467397        1882.1806066617830     
   8.3900000000000006        1.2624101776681287        789.48235718964656        1885.3678697120156     
   8.4000000000000004        1.2639148381897831        790.95526001177745        1888.5568879987945     
   8.4100000000000001        1.2654194987114376        792.42868191746481        1891.7476600506507     
   8.4199999999999999        1.2669241592330920        793.90262199114386        1894.9401843988946     
   8.4299999999999997        1.2684288197547464        795.37707979394690        1898.1344595776184     
   8.4399999999999995        1.2699334802764011        796.85205472748078        1901.3304841236838     
   8.4499999999999993        1.2714381407980555        798.32754618648380        1904.5282565767091     
   8.4600000000000009        1.2729428013197102        799.80355346677300        1907.7277754790748     
   8.4700000000000006        1.2744474618413646        801.28007618321692        1910.9290393759002     
   8.4800000000000004        1.2759521223630190        802.75711365831944        1914.1320468150502     
   8.4900000000000002        1.2774567828846735        804.23466524535093        1917.3367963471171     
   8.5000000000000000        1.2789614434063279        805.71273037800688        1920.5432865254211     
