   1.0000000000000000E-002   1.4926688658956531E-003  -2.2754037889927414E-002   1.4140317842297623     
   2.0000000000000000E-002   2.9853377317913062E-003  -4.0630699058767997E-002   2.8304855686133057     
   2.9999999999999999E-002   4.4780065976869586E-003  -5.3953828891070657E-002   4.2488131704240466     
   4.0000000000000001E-002   5.9706754635826123E-003  -6.2916954720024620E-002   5.6688060813418355     
   5.0000000000000003E-002   7.4633443294782652E-003  -6.7738316050684380E-002   7.0903195201505591     
   5.9999999999999998E-002   8.9560131953739172E-003  -6.8677942377145001E-002   8.5132225924595311     
   7.0000000000000007E-002   1.0448682061269572E-002  -6.6036439945198380E-002   9.9373822975585622     
   8.0000000000000002E-002   1.1941350927165225E-002  -6.0147761126546927E-002   11.362658858262888     
   8.9999999999999997E-002   1.3434019793060878E-002  -5.1369548304676944E-002   12.788906006752628     
  0.10000000000000001        1.4926688658956530E-002  -4.0072786797683307E-002   14.215973588972354     
  0.11000000000000000        1.6419357524852185E-002  -2.6631842775754304E-002   15.643711091999462     
  0.12000000000000000        1.7912026390747834E-002  -1.1415577121244757E-002   17.071971265210934     
  0.13000000000000000        1.9404695256643491E-002   5.2200717145024613E-003   18.500613344621570     
  0.14000000000000001        2.0897364122539144E-002   2.2937882610778348E-002   19.929505624376372     
  0.14999999999999999        2.2390032988434793E-002   4.1423551291952271E-002   21.358527285944575     
  0.16000000000000000        2.3882701854330449E-002   6.0388440845510906E-002   22.787569507091831     
  0.17000000000000001        2.5375370720226102E-002   7.9571095397708583E-002   24.216535938994792     
  0.17999999999999999        2.6868039586121755E-002   9.8737752439270354E-002   25.645342671026860     
  0.19000000000000000        2.8360708452017408E-002  0.11768208341422845        27.073917809308597     
  0.20000000000000001        2.9853377317913061E-002  0.13622436891679926        28.502200786228276     
  0.20999999999999999        3.1346046183808714E-002  0.15416893404129511        29.930135014970432     
  0.22000000000000000        3.2838715049704370E-002  0.17146079950990187        31.357693096652916     
  0.23000000000000001        3.4331383915600019E-002  0.18795661820795770        32.784836638073799     
  0.23999999999999999        3.5824052781495669E-002  0.20356884486728655        34.211541300691231     
  0.25000000000000000        3.7316721647391325E-002  0.21822893825083961        35.637789438816796     
  0.26000000000000001        3.8809390513286982E-002  0.23188574601696288        37.063569251168829     
  0.27000000000000002        4.0302059379182631E-002  0.24450395919241777        38.488874005864979     
  0.28000000000000003        4.1794728245078287E-002  0.25606265250167959        39.913701342482319     
  0.28999999999999998        4.3287397110973930E-002  0.26655391901762199        41.338052650581979     
  0.29999999999999999        4.4780065976869586E-002  0.27598160201051025        42.761932521426893     
  0.31000000000000000        4.6272734842765242E-002  0.28436012318616816        44.185348267801480     
  0.32000000000000001        4.7765403708660899E-002  0.29171340384328093        45.608309506128357     
  0.33000000000000002        4.9258072574556555E-002  0.29807387399227175        47.030827794635876     
  0.34000000000000002        5.0750741440452204E-002  0.30348156355475475        48.452916321404970     
  0.35000000000000003        5.2243410306347861E-002  0.30798326934930109        49.874589636431509     
  0.35999999999999999        5.3736079172243510E-002  0.31163179150805509        51.295863422224244     
  0.37000000000000000        5.5228748038139160E-002  0.31448523317072069        52.716754297885004     
  0.38000000000000000        5.6721416904034816E-002  0.31660635751900063        54.137279652288512     
  0.39000000000000001        5.8214085769930465E-002  0.31806199672729613        55.557457502273536     
  0.40000000000000002        5.9706754635826122E-002  0.31892250774956077        56.977306372453384     
  0.41000000000000003        6.1199423501721778E-002  0.31926127043169744        58.396845193472430     
  0.41999999999999998        6.2692092367617427E-002  0.31915422382844261        59.816093216130028     
  0.42999999999999999        6.4184761233513077E-002  0.31867943711756513        61.235069939042759     
  0.44000000000000000        6.5677430099408740E-002  0.31791671193614829        62.653795047831501     
  0.45000000000000001        6.7170098965304390E-002  0.31694721332033515        64.072288364219702     
  0.46000000000000002        6.8662767831200039E-002  0.31585312692242840        65.490569803459280     
  0.47000000000000003        7.0155436697095702E-002  0.31471734042186406        66.908659338875040     
  0.47999999999999998        7.1648105562991338E-002  0.31362314739985087        68.326576972522048     
  0.48999999999999999        7.3140774428886987E-002  0.31265397225661129        69.744342710886997     
  0.50000000000000000        7.4633443294782650E-002  0.31189311494819300        71.161976544967771     
  0.51000000000000001        7.6126112160678314E-002  0.31142351457491207        72.579498433935896     
  0.52000000000000002        7.7618781026573963E-002  0.31132753098003296        73.996928291980637     
  0.53000000000000003        7.9111449892469612E-002  0.31168674376252375        75.414285977546598     
  0.54000000000000004        8.0604118758365262E-002  0.31258176810319799        76.831591284821613     
  0.55000000000000004        8.2096787624260925E-002  0.31409208700857055        78.248863936922703     
  0.56000000000000005        8.3589456490156575E-002  0.31629589957597809        79.666123580507033     
  0.57000000000000006        8.5082125356052238E-002  0.31926998494707509        81.083389781620568     
  0.57999999999999996        8.6574794221947859E-002  0.32308958166344964        82.500682022327737     
  0.58999999999999997        8.8067463087843523E-002  0.32782828208374681        83.918019698254255     
  0.59999999999999998        8.9560131953739172E-002  0.33355794158701202        85.335422116515730     
  0.60999999999999999        9.1052800819634835E-002  0.34034860218576124        86.752908494236607     
  0.62000000000000000        9.2545469685530485E-002  0.34826843020764298        88.170497957244976     
  0.63000000000000000        9.4038138551426134E-002  0.35738366760446316        89.588209539066156     
  0.64000000000000001        9.5530807417321797E-002  0.36775859644251535        91.006062180005671     
  0.65000000000000002        9.7023476283217447E-002  0.37945551604750111        92.424074726366683     
  0.66000000000000003        9.8516145149113110E-002  0.39253473225756735        93.842265929655568     
  0.67000000000000004       0.10000881401500876       0.40705455816002623        95.260654445828834     
  0.68000000000000005       0.10150148288090441       0.42307132566750943        96.679258834513533     
  0.69000000000000006       0.10299415174680006       0.44063940723131118        98.098097558187192     
  0.70000000000000007       0.10448682061269572       0.45981124697165771        99.517188981340666     
  0.70999999999999996       0.10597948947859136       0.48063740046078673        100.93655136963218     
  0.71999999999999997       0.10747215834448702       0.50069604275082069        102.44566343620694     
  0.72999999999999998       0.10896482721038266       0.52569192882694482        103.86694863235438     
  0.73999999999999999       0.11045749607627832       0.55251118252958198        105.28856064012757     
  0.75000000000000000       0.11195016494217398       0.58119173810044600        106.71051998247576     
  0.76000000000000001       0.11344283380806963       0.61177148980335205        108.13284754177690     
  0.77000000000000002       0.11493550267396530       0.64439597487647382        109.55556682163410     
  0.78000000000000003       0.11642817153986093       0.67887634053791657        110.97869351753849     
  0.79000000000000004       0.11792084040575659       0.71536441590637290        112.40225145698653     
  0.80000000000000004       0.11941350927165224       0.75389429163721555        113.82626154217579     
  0.81000000000000005       0.12090617813754791       0.79449903021266655        115.25074457323520     
  0.82000000000000006       0.12239884700344356       0.83721071271472780        116.67572123130239     
  0.83000000000000007       0.12389151586933921       0.88206050544641912        118.10121206682086     
  0.83999999999999997       0.12538418473523485       0.92907873382652517        119.52723749136857     
  0.84999999999999998       0.12687685360113049       0.97829495972791414        120.95381777226550     
  0.85999999999999999       0.12836952246702615        1.0297380602033381        122.38097302904859     
  0.87000000000000000       0.12986219133292182        1.0834363063304042        123.80872323191093     
  0.88000000000000000       0.13135486019881748        1.1394174412403864        125.23708820131523     
  0.89000000000000001       0.13284752906471312        1.1977087566298787        126.66608760874128     
  0.90000000000000002       0.13434019793060878        1.2583371673787040        128.09574097859240     
  0.91000000000000003       0.13583286679650441        1.3213292837152484        129.52606769069089     
  0.92000000000000004       0.13732553566240008        1.3867114807656706        130.95708698356609     
  0.93000000000000005       0.13881820452829574        1.4545099652113682        132.38881795829789     
  0.94000000000000006       0.14031087339419140        1.5247508388927984        133.82127958282280     
  0.95000000000000007       0.14180354226008707        1.5974601592609001        135.25449069676714     
  0.95999999999999996       0.14329621112598268        1.6726639965372962        136.68847001637747     
  0.96999999999999997       0.14478887999187834        1.7503884876046214        138.12323613996588     
  0.97999999999999998       0.14628154885777397        1.8306598865434092        139.55880755343043     
  0.98999999999999999       0.14777421772366964        1.9135046118609242        140.99520263610128     
   1.0000000000000000       0.14926688658956530        1.9989492903531201        142.43243966645574     
   1.0100000000000000       0.15075955545546096        2.0870207977137931        143.87053682815210     
   1.0200000000000000       0.15225222432135663        2.1777462959020091        145.30951221612273     
   1.0300000000000000       0.15374489318725226        2.2711532672481876        146.74938384241486     
   1.0400000000000000       0.15523756205314793        2.3672695455105712        148.19016964243292     
   1.0500000000000000       0.15673023091904359        2.4661233437532348        149.63188748070300     
   1.0600000000000001       0.15822289978493922        2.5677432793220971        151.07455515702816     
   1.0700000000000001       0.15971556865083486        2.6721583957749053        152.51819041210825     
   1.0800000000000001       0.16120823751673052        2.7793981820561116        153.96281093349342     
   1.0900000000000001       0.16270090638262619        2.8894925888121854        155.40843436113209     
   1.1000000000000001       0.16419357524852185        3.0024720419908437        156.85507829278012     
   1.1100000000000001       0.16568624411441751        3.1183674538810409        158.30276028953875     
   1.1200000000000001       0.16717891298031315        3.2372102315182150        159.75149788096223     
   1.1300000000000001       0.16867158184620881        3.3590322825954764        161.20130856998665     
   1.1400000000000001       0.17016425071210448        3.4838660190497501        162.65220983796777     
   1.1500000000000001       0.17165691957800014        3.6117443582206636        164.10421914924356     
   1.1599999999999999       0.17314958844389572        3.7427007217298827        165.55735395549064     
   1.1699999999999999       0.17464225730979138        3.8767690322585371        167.01163170017969     
   1.1799999999999999       0.17613492617568705        4.0139837080786283        168.46706982248327     
   1.1899999999999999       0.17762759504158271        4.1543796555704864        169.92368576113631     
   1.2000000000000000       0.17912026390747834        4.2979922597377147        171.38149695807488     
   1.2100000000000000       0.18061293277337401        4.4448573727154423        172.84052086167091     
   1.2200000000000000       0.18210560163926967        4.5949624424660129        174.30077357266245     
   1.2300000000000000       0.18359827050516533        4.7484454288096511        175.76227542313595     
   1.2400000000000000       0.18509093937106097        4.9052913961317968        177.22504239029431     
   1.2500000000000000       0.18658360823695661        5.0655378462599776        178.68909197690763     
   1.2600000000000000       0.18807627710285227        5.2292226642528554        180.15444170586778     
   1.2700000000000000       0.18956894596874793        5.3963840967259884        181.62110912199677     
   1.2800000000000000       0.19106161483464359        5.5670607287421818        183.08911179380397     
   1.2900000000000000       0.19255428370053923        5.7412914592579254        184.55846731500600     
   1.3000000000000000       0.19404695256643489        5.9191154751009369        186.02919330560016     
   1.3100000000000001       0.19553962143233056        6.1005722237986770        187.50130741310690     
   1.3200000000000001       0.19703229029822622        6.2857013849824588        188.97482731316390     
   1.3300000000000001       0.19852495916412186        6.4745428406863361        190.44977071008515     
   1.3400000000000001       0.20001762803001752        6.6671366445072477        191.92615533714320     
   1.3500000000000001       0.20151029689591318        6.8635229897307664        193.40399895665962     
   1.3600000000000001       0.20300296576180882        7.0637421763706332        194.88331935964251     
   1.3700000000000001       0.20449563462770448        7.2678345774959139        196.36413436563475     
   1.3800000000000001       0.20598830349360012        7.4758406045142340        197.84646182189508     
   1.3900000000000001       0.20748097235949578        7.6878006717868743        199.33031960257352     
   1.4000000000000001       0.20897364122539144        7.9037551605533061        200.81572560767142     
   1.4099999999999999       0.21046631009128708        8.1237443821246593        202.30269776154699     
   1.4199999999999999       0.21195897895718271        8.3478085407643050        203.79125401168355     
   1.4299999999999999       0.21345164782307838        8.5759876958838959        205.28141232677569     
   1.4399999999999999       0.21494431668897404        8.8083217239959772        206.77319069489943     
   1.4500000000000000       0.21643698555486970        9.0448502802164974        208.26660712118718     
   1.4600000000000000       0.21792965442076531        9.2856127598346134        209.76167962581127     
   1.4700000000000000       0.21942232328666098        9.5306482594343418        211.25842624128188     
   1.4800000000000000       0.22091499215255664        9.7799955381890857        212.75686500986569     
   1.4900000000000000       0.22240766101845230        10.033692979000580        214.25701398051709     
   1.5000000000000000       0.22390032988434797        10.291778550035289        215.75889120617219     
   1.5100000000000000       0.22539299875024360        10.554289766202249        217.26251474035263     
   1.5200000000000000       0.22688566761613926        10.821263651086182        218.76790263393696     
   1.5300000000000000       0.22837833648203493        11.092736699087897        220.27507293145325     
   1.5400000000000000       0.22987100534793059        11.368744838315797        221.78404366779426     
   1.5500000000000000       0.23136367421382620        11.649323393764446        223.29483286429965     
   1.5600000000000001       0.23285634307972186        11.934649857930385        224.80746021862441     
   1.5700000000000001       0.23434901194561752        12.224490436683517        226.32194050306273     
   1.5800000000000001       0.23584168081151319        12.519004488790006        227.83829319662320     
   1.5900000000000001       0.23733434967740882        12.818224556789282        229.35653622586977     
   1.6000000000000001       0.23882701854330449        13.122182403881842        230.87668748356228     
   1.6100000000000001       0.24031968740920015        13.430908982117082        232.39876482411933     
   1.6200000000000001       0.24181235627509581        13.744434401668141        233.92278605900032     
   1.6300000000000001       0.24330502514099148        14.062787901572300        235.44876895259387     
   1.6400000000000001       0.24479769400688711        14.385997821392658        236.97673121748932     
   1.6500000000000001       0.24629036287278278        14.714091574151476        238.50669050969083     
   1.6600000000000001       0.24778303173867841        15.047095620920368        240.03866442438877     
   1.6699999999999999       0.24927570060457405        15.385035446478215        241.57267049111653     
   1.6799999999999999       0.25076836947046971        15.727935536395043        243.10872616887985     
   1.6899999999999999       0.25226103833636537        16.075819355959414        244.64684884195816     
   1.7000000000000000       0.25375370720226098        16.428709330059487        246.18705581468046     
   1.7100000000000000       0.25524637606815664        16.786626825170117        247.72936430724400     
   1.7200000000000000       0.25673904493405231        17.149592132534284        249.27379145085874     
   1.7300000000000000       0.25823171379994797        17.517624452930139        250.82035428290541     
   1.7400000000000000       0.25972438266584363        17.890741883446410        252.36906974284861     
   1.7500000000000000       0.26121705153173930        18.268961405284216        253.91995466710398     
   1.7600000000000000       0.26270972039763496        18.652298873836482        255.47302578512830     
   1.7700000000000000       0.26420238926353057        19.040769009747510        257.02829971437501     
   1.7800000000000000       0.26569505812942623        19.434385392226986        258.58579295644080     
   1.7900000000000000       0.26718772699532189        19.833160453573726        260.14552189252845     
   1.8000000000000000       0.26868039586121756        20.237105475314618        261.70750277897673     
   1.8100000000000001       0.27017306472711317        20.646230586366798        263.27175174365470     
   1.8200000000000001       0.27166573359300883        21.060544762137823        264.83828478126907     
   1.8300000000000001       0.27315840245890449        21.480055825876693        266.40711775003393     
   1.8400000000000001       0.27465107132480016        21.904770450846801        267.97826636715820     
   1.8500000000000001       0.27614374019069582        22.334694164708043        269.55174620573484     
   1.8600000000000001       0.27763640905659148        22.769831354636093        271.12757269042925     
   1.8700000000000001       0.27912907792248715        23.210185274592817        272.70576109460870     
   1.8800000000000001       0.28062174678838281        23.655758053234759        274.28632653624652     
   1.8900000000000001       0.28211441565427842        24.106550703902229        275.86928397530738     
   1.9000000000000001       0.28360708452017414        24.562563135137655        277.45464820988428     
   1.9100000000000001       0.28509975338606974        25.023794163200851        279.04243387385168     
   1.9199999999999999       0.28659242225196535        25.490241524996051        280.63265543324667     
   1.9299999999999999       0.28808509111786101        25.961901892904283        282.22532718420109     
   1.9399999999999999       0.28957775998375668        26.438770889901217        283.82046324957548     
   1.9500000000000000       0.29107042884965234        26.920843106482611        285.41807757717703     
   1.9600000000000000       0.29256309771554795        27.408112117745791        287.01818393665479     
   1.9700000000000000       0.29405576658144367        27.900570502170201        288.62079591800727     
   1.9800000000000000       0.29554843544733927        28.398209860431223        290.22592692874093     
   1.9900000000000000       0.29704110431323499        28.901020835793776        291.83359019267226     
   2.0000000000000000       0.29853377317913060        29.408993134467266        293.44379874744811     
   2.0100000000000002       0.30002644204502632        29.922115547113332        295.05656544314985     
   2.0200000000000000       0.30151911091092193        30.440375970972461        296.67190294106348     
   2.0300000000000002       0.30301177977681759        30.963761431979830        298.28982371158105     
   2.0400000000000000       0.30450444864271325        31.492258108171121        299.91034003374301     
   2.0499999999999998       0.30599711750860881        32.025851352637638        301.53346399330042     
   2.0600000000000001       0.30748978637450453        32.564525717721267        303.15920748254291     
   2.0699999999999998       0.30898245524040013        33.108264978633912        304.78758219861049     
   2.0800000000000001       0.31047512410629585        33.657052158220040        306.41859964360037     
   2.0899999999999999       0.31196779297219146        34.210869551024331        308.05227112312110     
   2.1000000000000001       0.31346046183808718        34.769698748411038        309.68860774666797     
   2.1099999999999999       0.31495313070398279        35.333520662876758        311.32762042641241     
   2.1200000000000001       0.31644579956987845        35.902315553326233        312.96931987783552     
   2.1299999999999999       0.31793846843577406        36.476063049447262        314.61371661874222     
   2.1400000000000001       0.31943113730166972        37.054742176955692        316.26082097014000     
   2.1499999999999999       0.32092380616756538        37.638331381914519        317.91064305558206     
   2.1600000000000001       0.32241647503346105        38.226808555493328        319.56319280171164     
   2.1699999999999999       0.32390914389935671        38.820151058598704        321.21847993894454     
   2.1800000000000002       0.32540181276525237        39.418335745702741        322.87651400109036     
   2.1899999999999999       0.32689448163114804        40.021338989354327        324.53730432681044     
   2.2000000000000002       0.32838715049704370        40.629136703450925        326.20086005930750     
   2.2100000000000000       0.32987981936293931        41.241704367273826        327.86719014798877     
   2.2200000000000002       0.33137248822883503        41.859017048085754        329.53630334831934     
   2.2300000000000000       0.33286515709473058        42.481049424523860        331.20820822367716     
   2.2400000000000002       0.33435782596062630        43.107775808567006        332.88291314535928     
   2.2500000000000000       0.33585049482652191        43.739170168135843        334.56042629461177     
   2.2600000000000002       0.33734316369241762        44.375206148287532        336.24075566277497     
   2.2700000000000000       0.33883583255831323        45.015857093003561        337.92390905347804     
   2.2800000000000002       0.34032850142420895        45.661096065527900        339.60989408290584     
   2.2900000000000000       0.34182117029010456        46.310895869280429        341.29871818214588     
   2.3000000000000003       0.34331383915600028        46.965229067283140        342.99038859756513     
   2.3100000000000001       0.34480650802189583        47.624068002149876        344.68491239329222     
   2.3199999999999998       0.34629917688779144        48.287384814559751        346.38229645169321     
   2.3300000000000001       0.34779184575368716        48.955151462287837        348.08254747597772     
   2.3399999999999999       0.34928451461958276        49.627339737694690        349.78567199075729     
   2.3500000000000001       0.35077718348547848        50.303921285774777        351.49167634476481     
   2.3599999999999999       0.35226985235137409        50.984867620643797        353.20056671148353     
   2.3700000000000001       0.35376252121726981        51.670150142592156        354.91234909196675     
   2.3799999999999999       0.35525519008316542        52.359740153560857        356.62702931552610     
   2.3900000000000001       0.35674785894906114        53.053608873195863        358.34461304264011     
   2.3999999999999999       0.35824052781495669        53.751727453314743        360.06510576568934     
   2.4100000000000001       0.35973319668085235        54.454066992965437        361.78851281194414     
   2.4199999999999999       0.36122586554674802        55.160598551892278        363.51483934433628     
   2.4300000000000002       0.36271853441264368        55.871293164612112        365.24409036451436     
   2.4399999999999999       0.36421120327853934        56.586121852893747        366.97627071364110     
   2.4500000000000002       0.36570387214443500        57.305055638871522        368.71138507551086     
   2.4600000000000000       0.36719654101033067        58.028065556557429        370.44943797735755     
   2.4700000000000002       0.36868920987622633        58.755122664016902        372.19043379302792     
   2.4800000000000000       0.37018187874212194        59.486198053940946        373.93437674379379     
   2.4900000000000002       0.37167454760801760        60.221262864838884        375.68127090141530     
   2.5000000000000000       0.37316721647391321        60.960288291059157        377.43112018971385     
   2.5100000000000002       0.37465988533980893        61.703245592385549        379.18392838614534     
   2.5200000000000000       0.37615255420570454        62.450106103905910        380.93969912489723     
   2.5300000000000002       0.37764522307160026        63.200841244388144        382.69843589770153     
   2.5400000000000000       0.37913789193749586        63.955422525402341        384.46014205710765     
   2.5500000000000003       0.38063056080339158        64.713821558870350        386.22482081727230     
   2.5600000000000001       0.38212322966928719        65.476010065326832        387.99247525709399     
   2.5699999999999998       0.38361589853518280        66.241959881054129        389.76310832177325     
   2.5800000000000001       0.38510856740107846        67.011642964855554        391.53672282436304     
   2.5899999999999999       0.38660123626697407        67.785031405191404        393.31332144890627     
   2.6000000000000001       0.38809390513286979        68.562097425856464        395.09290675116466     
   2.6099999999999999       0.38958657399876540        69.342813392507509        396.87548116192312     
   2.6200000000000001       0.39107924286466111        70.127151817652233        398.66104698767606     
   2.6299999999999999       0.39257191173055672        70.915085366451549        400.44960641376781     
   2.6400000000000001       0.39406458059645244        71.706586861448613        402.24116150587321     
   2.6499999999999999       0.39555724946234805        72.501629286991658        404.03571421145574     
   2.6600000000000001       0.39704991832824371        73.300185794131067        405.83326636289286     
   2.6699999999999999       0.39854258719413932        74.102229704077558        407.63381967805748     
   2.6800000000000002       0.40003525606003504        74.907734512545844        409.43737576343244     
   2.6899999999999999       0.40152792492593065        75.716673893056694        411.24393611550408     
   2.7000000000000002       0.40302059379182636        76.529021699982238        413.05350212212818     
   2.7100000000000000       0.40451326265772197        77.344751972048755        414.86607506544470     
   2.7200000000000002       0.40600593152361764        78.163838934894713        416.68165612321502     
   2.7300000000000000       0.40749860038951330        78.986257003405484        418.50024637012427     
   2.7400000000000002       0.40899126925540896        79.811980784608465        420.32184678084457     
   2.7500000000000000       0.41048393812130457        80.640985079172196        422.14645823040297     
   2.7600000000000002       0.41197660698720023        81.473244883898786        423.97408149722605     
   2.7700000000000000       0.41346927585309590        82.308735393217972        425.80471726435957     
   2.7800000000000002       0.41496194471899156        83.147432000492458        427.63836612065990     
   2.7900000000000000       0.41645461358488722        83.989310299872798        429.47502856361717     
   2.8000000000000003       0.41794728245078289        84.834346087250282        431.31470500050744     
   2.8100000000000001       0.41943995131667849        85.682515361043372        433.15739574951340     
   2.8199999999999998       0.42093262018257416        86.533794323562489        435.00310104250508     
   2.8300000000000001       0.42242528904846977        87.388159381486844        436.85182102612015     
   2.8399999999999999       0.42391795791436543        88.245587146196158        438.70355576281258     
   2.8500000000000001       0.42541062678026109        89.106054434708057        440.55830523359026     
   2.8599999999999999       0.42690329564615676        89.969538269739530        442.41606933902165     
   2.8700000000000001       0.42839596451205242        90.836015879642716        444.27684790021158     
   2.8799999999999999       0.42988863337794808        91.705464698971397        446.14064066149331     
   2.8900000000000001       0.43138130224384375        92.577862368183887        448.00744729136488     
   2.8999999999999999       0.43287397110973941        93.453186733234077        449.87726738338586     
   2.9100000000000001       0.43436663997563507        94.331415845821653        451.75010045883113     
   2.9199999999999999       0.43585930884153062        95.212527962784435        453.62594596754917     
   2.9300000000000002       0.43735197770742634        96.096501545394247        455.50480328878564     
   2.9399999999999999       0.43884464657332195        96.983315259337814        457.38667173379474     
   2.9500000000000002       0.44033731543921767        97.872947973757235        459.27155054642054     
   2.9600000000000000       0.44182998430511328        98.765378760724872        461.15943890486528     
   2.9700000000000002       0.44332265317100900        99.660586894136856        463.05033592221776     
   2.9800000000000000       0.44481532203690460        100.55855184938645        464.94424064900033     
   2.9900000000000002       0.44630799090280032        101.45925330220656        466.84115207386321     
   3.0000000000000000       0.44780065976869593        102.36267112744034        468.74106912423377     
   3.0100000000000002       0.44929332863459154        103.26878539854459        470.64399066883283     
   3.0200000000000000       0.45078599750048720        104.17757638625011        472.54991551829102     
   3.0300000000000002       0.45227866636638286        105.08902455716688        474.45884242572640     
   3.0400000000000000       0.45377133523227853        106.00311057314241        476.37077008922665     
   3.0500000000000003       0.45526400409817419        106.91981528968446        478.28569715217418     
   3.0600000000000001       0.45675667296406985        107.83911975488016        480.20362220484122     
   3.0700000000000003       0.45824934182996552        108.76100520773630        482.12454378466111     
   3.0800000000000001       0.45974201069586118        109.68545307738347        484.04846037865804     
   3.0899999999999999       0.46123467956175673        110.61244498134755        485.97537042367918     
   3.1000000000000001       0.46272734842765240        111.54196272433208        487.90527230792196     
   3.1099999999999999       0.46422001729354806        112.47398829642702        489.83816437111295     
   3.1200000000000001       0.46571268615944372        113.40850387220299        491.77404490688821     
   3.1299999999999999       0.46720535502533939        114.34549180887035        493.71291216293696     
   3.1400000000000001       0.46869802389123505        115.28493464496509        495.65476434246244     
   3.1499999999999999       0.47019069275713071        116.22681509846366        497.59959960427125     
   3.1600000000000001       0.47168336162302638        117.17111606580291        499.54741606511243     
   3.1699999999999999       0.47317603048892204        118.11782061996000        501.49821179972906     
   3.1800000000000002       0.47466869935481765        119.06691200907609        503.45198484226211     
   3.1899999999999999       0.47616136822071331        120.01837365450734        505.40873318625205     
   3.2000000000000002       0.47765403708660897        120.97218914979919        507.36845478693675     
   3.2100000000000000       0.47914670595250458        121.92834225871871        509.33114756122188     
   3.2200000000000002       0.48063937481840030        122.88681691383992        511.29680938902555     
   3.2300000000000000       0.48213204368429591        123.84759721455606        513.26543811319505     
   3.2400000000000002       0.48362471255019163        124.81066742603733        515.23703154177474     
   3.2500000000000000       0.48511738141608723        125.77601197723278        517.21158744788886     
   3.2600000000000002       0.48661005028198295        126.74361545934752        519.18910357079608     
   3.2700000000000000       0.48810271914787851        127.71346262431601        521.16957761693232     
   3.2800000000000002       0.48959538801377422        128.68553838280218        523.15300725973066     
   3.2900000000000000       0.49108805687966983        129.65982780315173        525.13939014184552     
   3.3000000000000003       0.49258072574556555        130.63631610939120        527.12872387494065     
   3.3100000000000001       0.49407339461146116        131.61498867980629        529.12100604092586     
   3.3200000000000003       0.49556606347735682        132.59583104493922        531.11623419169473     
   3.3300000000000001       0.49705873234325249        133.57882888654640        533.11440585132925     
   3.3399999999999999       0.49855140120914809        134.56396803568865        535.11551851581021     
   3.3500000000000001       0.50004407007504370        135.55123447110591        537.11956965395723     
   3.3599999999999999       0.50153673894093942        136.54061431780855        539.12655670835818     
   3.3700000000000001       0.50302940780683503        137.53209384507801        541.13647709502061     
   3.3799999999999999       0.50452207667273075        138.52565946548424        543.14932820554475     
   3.3900000000000001       0.50601474553862635        139.52129773292165        545.16510740675005     
   3.3999999999999999       0.50750741440452196        140.51899534114784        547.18381204155389     
   3.4100000000000001       0.50900008327041768        141.51873912233478        549.20543942985023     
   3.4199999999999999       0.51049275213631329        142.52051604512411        551.22998686807250     
   3.4300000000000002       0.51198542100220901        143.52431321370224        553.25745163134718     
   3.4399999999999999       0.51347808986810461        144.53011786587501        555.28783097303369     
   3.4500000000000002       0.51497075873400033        145.53791737165955        557.32112212555569     
   3.4600000000000000       0.51646342759989594        146.54769923178398        559.35732230095948     
   3.4700000000000002       0.51795609646579166        147.55901945945234        561.39643276598792     
   3.4800000000000000       0.51944876533168727        148.57273522012761        563.43844258095112     
   3.4900000000000002       0.52094143419758299        149.58839651445516        565.48335293741036     
   3.5000000000000000       0.52243410306347859        150.60599135247577        567.53116097129794     
   3.5100000000000002       0.52392677192937431        151.62550786761662        569.58186380080974     
   3.5200000000000000       0.52541944079526992        152.64693431536875        571.63545852717471     
   3.5300000000000002       0.52691210966116553        153.67025907145342        573.69194223405282     
   3.5400000000000000       0.52840477852706114        154.69547063104605        575.75131198964959     
   3.5500000000000003       0.52989744739295686        155.72255760697007        577.81356484609569     
   3.5600000000000001       0.53139011625885246        156.75150872842323        579.87869784017835     
   3.5700000000000003       0.53288278512474818        157.78231283961566        581.94670799379355     
   3.5800000000000001       0.53437545399064379        158.81495889852584        584.01759231466860     
   3.5899999999999999       0.53586812285653940        159.84943597513904        586.09134779567478     
   3.6000000000000001       0.53736079172243512        160.88573325076240        588.16797141693576     
   3.6099999999999999       0.53885346058833072        161.92384001628906        590.24746014512084     
   3.6200000000000001       0.54034612945422633        162.96374567100943        592.32981093413593     
   3.6299999999999999       0.54183879832012205        164.00543972132900        594.41502072552464     
   3.6400000000000001       0.54333146718601766        165.04891177949739        596.50308644886036     
   3.6499999999999999       0.54482413605191338        166.09415156246448        598.59400502241988     
   3.6600000000000001       0.54631680491780898        167.14114889020223        600.68777335240782     
   3.6699999999999999       0.54780947378370459        168.18989368512874        602.78438833505686     
   3.6800000000000002       0.54930214264960031        169.24037597045958        604.88384685583776     
   3.6899999999999999       0.55079481151549603        170.29258586911450        606.98614579010189     
   3.7000000000000002       0.55228748038139164        171.34651360253093        609.09128200343162     
   3.7100000000000000       0.55378014924728725        172.40214948948861        611.19925235197957     
   3.7200000000000002       0.55527281811318296        173.45948394506061        613.31005368310457     
   3.7300000000000000       0.55676548697907857        174.51850747902358        615.42368283450742     
   3.7400000000000002       0.55825815584497429        175.57921069538514        617.54013663633668     
   3.7500000000000000       0.55975082471086990        176.64158429082383        619.65941191031698     
   3.7600000000000002       0.56124349357676562        177.70561905368950        621.78150547035295     
   3.7700000000000000       0.56273616244266111        178.77130586291068        623.90641412283276     
   3.7800000000000002       0.56422883130855683        179.83863568691095        626.03413466692598     
   3.7900000000000000       0.56572150017445255        180.90759958265417        628.16466389517802     
   3.8000000000000003       0.56721416904034827        181.97818869413800        630.29799859257378     
   3.8100000000000001       0.56870683790624377        183.05039425202671        632.43413553865059     
   3.8200000000000003       0.57019950677213949        184.12420757216918        634.57307150655004     
   3.8300000000000001       0.57169217563803509        185.19962005469469        636.71480326358858     
   3.8399999999999999       0.57318484450393070        186.27662318300827        638.85932757152489     
   3.8500000000000001       0.57467751336982642        187.35520852279475        641.00664118681334     
   3.8599999999999999       0.57617018223572203        188.43536772104125        643.15674086085789     
   3.8700000000000001       0.57766285110161775        189.51709250518201        645.30962334057540     
   3.8799999999999999       0.57915551996751335        190.60037468167980        647.46528536737185     
   3.8900000000000001       0.58064818883340907        191.68520613577550        649.62372367927844     
   3.8999999999999999       0.58214085769930468        192.77157883009258        651.78493500991726     
   3.9100000000000001       0.58363352656520029        193.85948480383007        653.94891608904607     
   3.9199999999999999       0.58512619543109590        194.94891617185499        656.11566364278031     
   3.9300000000000002       0.58661886429699162        196.03986512380359        658.28517439381335     
   3.9399999999999999       0.58811153316288733        197.13232392319415        660.45744506162839     
   3.9500000000000002       0.58960420202878294        198.22628490655200        662.63247236270934     
   3.9600000000000000       0.59109687089467855        199.32174048266285        664.81025301107081     
   3.9700000000000002       0.59258953976057427        200.41868313124701        666.99078371715552     
   3.9800000000000000       0.59408220862646999        201.51710540282602        669.17406118998872     
   3.9900000000000002       0.59557487749236560        202.61699991741875        671.36008213606510     
   4.0000000000000000       0.59706754635826120        203.71835936383778        673.54884325986370     
   4.0099999999999998       0.59856021522415681        204.82117649887826        675.74034126403456     
   4.0200000000000005       0.60005288409005264        205.92544414652016        677.93457284957776     
   4.0300000000000002       0.60154555295594814        207.03115519713623        680.13153471602186     
   4.0400000000000000       0.60303822182184386        208.13830260671358        682.33122356159720     
   4.0499999999999998       0.60453089068773946        209.24687939608384        684.53363608340624     
   4.0600000000000005       0.60602355955363518        210.35687865028584        686.73876897792866     
   4.0700000000000003       0.60751622841953079        211.46829351732703        688.94661893982902     
   4.0800000000000001       0.60900889728542651        212.58111720817683        691.15718266414945     
   4.0899999999999999       0.61050156615132212        213.69534299554692        693.37045684511031     
   4.0999999999999996       0.61199423501721761        214.81096421329312        695.58643817660220     
   4.1100000000000003       0.61348690388311344        215.92797425570382        697.80512335233641     
   4.1200000000000001       0.61497957274900905        217.04636657679583        700.02650906598910     
   4.1299999999999999       0.61647224161490466        218.16613468962422        702.25059201134775     
   4.1399999999999997       0.61796491048080027        219.28727216559591        704.47736888245072     
   4.1500000000000004       0.61945757934669610        220.40977263379500        706.70683637372281     
   4.1600000000000001       0.62095024821259170        221.53362978044174        708.93899118046363     
   4.1699999999999999       0.62244291707848731        222.65883734773300        711.17382999757206     
   4.1799999999999997       0.62393558594438292        223.78538913394544        713.41134952178447     
   4.1900000000000004       0.62542825481027864        224.91327899229384        715.65154645039536     
   4.2000000000000002       0.62692092367617436        226.04250083042214        717.89441748173022     
   4.2100000000000000       0.62841359254206985        227.17304860978149        720.13995931526870     
   4.2199999999999998       0.62990626140796557        228.30491634501323        722.38816865176182     
   4.2300000000000004       0.63139893027386129        229.43809810334042        724.63904219334665     
   4.2400000000000002       0.63289159913975690        230.57258800396849        726.89257664366062     
   4.2500000000000000       0.63438426800565251        231.70838021749228        729.14876870795047     
   4.2599999999999998       0.63587693687154812        232.84546896531265        731.40761509318361     
   4.2700000000000005       0.63736960573744394        233.98384851905843        733.66911250815031     
   4.2800000000000002       0.63886227460333944        235.12351320014670        735.93325766393457     
   4.2900000000000000       0.64035494346923516        236.26445737870310        738.20004727255207     
   4.2999999999999998       0.64184761233513077        237.40667547378436        740.46947804924503     
   4.3100000000000005       0.64334028120102660        238.55016195231212        742.74154671111353     
   4.3200000000000003       0.64483295006692209        239.69491132866185        745.01624997757642     
   4.3300000000000001       0.64632561893281781        240.84091816413175        747.29358457046783     
   4.3399999999999999       0.64781828779871342        241.98817706641327        749.57354721412128     
   4.3500000000000005       0.64931095666460914        243.13668268907389        751.85613463546179     
   4.3600000000000003       0.65080362553050475        244.28642973104269        754.14134356409272     
   4.3700000000000001       0.65229629439640036        245.43741293610594        756.42917073237868     
   4.3799999999999999       0.65378896326229607        246.58962709240524        758.71961287552915     
   4.3899999999999997       0.65528163212819157        247.74306703194645        761.01266673167743     
   4.4000000000000004       0.65677430099408740        248.89772763011243        763.30832904196302     
   4.4100000000000001       0.65826696985998301        250.05360380518167        765.60659655060488     
   4.4199999999999999       0.65975963872587862        251.21069051798932        767.90746600536193     
   4.4299999999999997       0.66125230759177422        252.36898277092166        770.21093415607425     
   4.4400000000000004       0.66274497645767005        253.52847560825953        772.51699775703150     
   4.4500000000000002       0.66423764532356566        254.68916411518487        774.82565356551299     
   4.4600000000000000       0.66573031418946116        255.85104341746603        777.13689834223851     
   4.4699999999999998       0.66722298305535688        257.01410868101146        779.45072885143531     
   4.4800000000000004       0.66871565192125260        258.17835511143301        781.76714186090408     
   4.4900000000000002       0.67020832078714832        259.34377795361036        784.08613414207946     
   4.5000000000000000       0.67170098965304381        260.51037249126591        786.40770247009732     
   4.5099999999999998       0.67319365851893953        261.67813404654174        788.73184362385291     
   4.5200000000000005       0.67468632738483525        262.84705797958202        791.05855438605840     
   4.5300000000000002       0.67617899625073075        264.01713968812334        793.38783154330508     
   4.5400000000000000       0.67767166511662646        265.18837460708778        795.71967188611541     
   4.5499999999999998       0.67916433398252207        266.36075820818087        798.05407220900088     
   4.5600000000000005       0.68065700284841790        267.53428599949916        800.39102931051639     
   4.5700000000000003       0.68214967171431340        268.70895352527572        802.73053999371257     
   4.5800000000000001       0.68364234058020912        269.88475636493627        805.07260106457704     
   4.5899999999999999       0.68513500944610473        271.06169013355839        807.41720933450301     
   4.6000000000000005       0.68662767831200056        272.23975048093524        809.76436161872334     
   4.6100000000000003       0.68812034717789605        273.41893309134292        812.11405473676177     
   4.6200000000000001       0.68961301604379166        274.59923368317624        814.46628551248125     
   4.6299999999999999       0.69110568490968738        275.78064800858641        816.82105077412780     
   4.6399999999999997       0.69259835377558288        276.96317185312029        819.17834735436998     
   4.6500000000000004       0.69409102264147871        278.14680103537250        821.53817209035014     
   4.6600000000000001       0.69558369150737431        279.33153140663416        823.90052182371892     
   4.6699999999999999       0.69707636037327003        280.51735885054779        826.26539340067688     
   4.6799999999999997       0.69856902923916553        281.70427928277076        828.63278367201622     
   4.6900000000000004       0.70006169810506136        282.89228865063797        831.00268949316001     
   4.7000000000000002       0.70155436697095697        284.08138293282917        833.37510772419239     
   4.7100000000000000       0.70304703583685246        285.27155813904488        835.75003522990460     
   4.7199999999999998       0.70453970470274818        286.46281030968146        838.12746887982371     
   4.7300000000000004       0.70603237356864390        287.65513551551248        840.50740554824813     
   4.7400000000000002       0.70752504243453962        288.84852985737348        842.88984211428328     
   4.7500000000000000       0.70901771130043512        290.04298946585050        845.27477546187060     
   4.7599999999999998       0.71051038016633083        291.23851050112137        847.66220248024945     
   4.7700000000000005       0.71200304903222655        292.43508915206252        850.05212006227714     
   4.7800000000000002       0.71349571789812227        293.63272163683212        852.44452510702286     
   4.7900000000000000       0.71498838676401777        294.83140420198526        854.83941451808471     
   4.7999999999999998       0.71648105562991338        296.03113312233000        857.23678520404997     
   4.8100000000000005       0.71797372449580921        297.23190470063798        859.63663407851902     
   4.8200000000000003       0.71946639336170470        298.43371526735802        862.03895806013134     
   4.8300000000000001       0.72095906222760042        299.63656118033583        864.44375407259258     
   4.8399999999999999       0.72245173109349603        300.84043882453653        866.85101904470037     
   4.8500000000000005       0.72394439995939186        302.04534461176593        869.26074991036239     
   4.8600000000000003       0.72543706882528736        303.25127498040513        871.67294360862945     
   4.8700000000000001       0.72692973769118308        304.45822639513608        874.08759708370735     
   4.8799999999999999       0.72842240655707868        305.66619534668206        876.50470728498885     
   4.8899999999999997       0.72991507542297418        306.87517835154131        878.92427116706494     
   4.9000000000000004       0.73140774428887001        308.08517195173198        881.34628568975302     
   4.9100000000000001       0.73290041315476562        309.29617271453600        883.77074781811245     
   4.9199999999999999       0.73439308202066134        310.50817723224424        886.19765452246327     
   4.9299999999999997       0.73588575088655683        311.72118212191202        888.62700277840815     
   4.9400000000000004       0.73737841975245266        312.93518402510819        891.05878956684660     
   4.9500000000000002       0.73887108861834827        314.15017960767466        893.49301187399180     
   4.9600000000000000       0.74036375748424388        315.36616555948569        895.92966669139059     
   4.9699999999999998       0.74185642635013949        316.58313859420929        898.36875101593523     
   4.9800000000000004       0.74334909521603520        317.80109544907401        900.81026184988173     
   4.9900000000000002       0.74484176408193092        319.02003288479125        903.25419620131788     
   5.0000000000000000       0.74633443294782642        320.23994768470618        905.70055108235590     
   5.0099999999999998       0.74782710181372214        321.46083665550304        908.14932351188099     
   5.0200000000000005       0.74931977067961786        322.68269662635925        910.60051051373841     
   5.0300000000000002       0.75081243954551358        323.90552444888027        913.05410911720242     
   5.0400000000000000       0.75230510841140907        325.12931699688187        915.51011635699058     
   5.0499999999999998       0.75379777727730468        326.35407116617455        917.96852927327427     
   5.0600000000000005       0.75529044614320051        327.57978387434986        920.42934491168876     
   5.0700000000000003       0.75678311500909612        328.80645206056795        922.89256032333969     
   5.0800000000000001       0.75827578387499173        330.03407268535392        925.35817256482289     
   5.0899999999999999       0.75976845274088733        331.26264273038669        927.82617869822195     
   5.1000000000000005       0.76126112160678316        332.49215919830027        930.29657579112666     
   5.1100000000000003       0.76275379047267866        333.72261911247966        932.76936091663538     
   5.1200000000000001       0.76424645933857438        334.95401951686381        935.24453115336610     
   5.1299999999999999       0.76573912820446999        336.18635747574893        937.72208358546152     
   5.1399999999999997       0.76723179707036560        337.41963007359533        940.20201530260044     
   5.1500000000000004       0.76872446593626131        338.65383441483431        942.68432339999958     
   5.1600000000000001       0.77021713480215692        339.88896762367767        945.16900497841925     
   5.1699999999999999       0.77170980366805264        341.12502684393530        947.65605714417700     
   5.1799999999999997       0.77320247253394814        342.36200923882382        950.14547700914261     
   5.1900000000000004       0.77469514139984397        343.59991199078911        952.63726169075312     
   5.2000000000000002       0.77618781026573958        344.83873230132087        955.13140831200826     
   5.2100000000000000       0.77768047913163529        346.07846739077621        957.62791400147989     
   5.2199999999999998       0.77917314799753079        347.31911449820336        960.12677589331690     
   5.2300000000000004       0.78066581686342651        348.56067088116555        962.62799112724440     
   5.2400000000000002       0.78215848572932223        349.80313381556914        965.13155684857145     
   5.2500000000000000       0.78365115459521784        351.04650059549220        967.63747020818926     
   5.2599999999999998       0.78514382346111344        352.29076853301581        970.14572836257673     
   5.2700000000000005       0.78663649232700916        353.53593495805933        972.65632847380391     
   5.2800000000000002       0.78812916119290488        354.78199721837700        975.16926771002079     
   5.2900000000000000       0.78962183005880049        356.02895267873566        977.68454324349602     
   5.2999999999999998       0.79111449892469610        357.27679872174690        980.20215225356719     
   5.3100000000000005       0.79260716779059182        358.52553274704240        982.72209192467187     
   5.3200000000000003       0.79409983665648742        359.77515217128621        985.24435944684637     
   5.3300000000000001       0.79559250552238303        361.02565442801529        987.76895201571961     
   5.3399999999999999       0.79708517438827864        362.27703696748642        990.29586683251591     
   5.3500000000000005       0.79857784325417447        363.52929725652598        992.82510110405553     
   5.3600000000000003       0.80007051212007008        364.78243277837544        995.35665204275142     
   5.3700000000000001       0.80156318098596568        366.03644103254641        997.89051686661264     
   5.3799999999999999       0.80305584985186129        367.29131953466907        1000.4266927992354     
   5.3899999999999997       0.80454851871775690        368.54706581635111        1002.9651770698111     
   5.4000000000000004       0.80604118758365273        369.80367742503086        1005.5059669131208     
   5.4100000000000001       0.80753385644954823        371.06115192383317        1008.0490595695267     
   5.4199999999999999       0.80902652531544395        372.31948689143434        1010.5944522849824     
   5.4299999999999997       0.81051919418133955        373.57867992191615        1013.1421423110204     
   5.4400000000000004       0.81201186304723527        374.83872862463312        1015.6921269047557     
   5.4500000000000002       0.81350453191313088        376.09963062407292        1018.2444033288772     
   5.4600000000000000       0.81499720077902660        377.36138355972429        1020.7989688516502     
   5.4699999999999998       0.81648986964492221        378.62398508594163        1023.3558207469100     
   5.4800000000000004       0.81798253851081792        379.88743287181421        1025.9149562940586     
   5.4900000000000002       0.81947520737671353        381.15172460103565        1028.4763727780605     
   5.5000000000000000       0.82096787624260914        382.41685797177570        1031.0400674894431     
   5.5099999999999998       0.82246054510850475        383.68283069655070        1033.6060377242845     
   5.5200000000000005       0.82395321397440047        384.94964050209950        1036.1742807842154     
   5.5300000000000002       0.82544588284029619        386.21728512925790        1038.7447939764140     
   5.5400000000000000       0.82693855170619179        387.48576233283546        1041.3175746135989     
   5.5499999999999998       0.82843122057208740        388.75506988149289        1043.8926200140249     
   5.5600000000000005       0.82992388943798312        390.02520555762118        1046.4699275014802     
   5.5700000000000003       0.83141655830387884        391.29616715722244        1049.0494944052741     
   5.5800000000000001       0.83290922716977445        392.56795248979330        1051.6313180602433     
   5.5899999999999999       0.83440189603566994        393.84055937820540        1054.2153958067368     
   5.6000000000000005       0.83589456490156577        395.11398565859054        1056.8017249906102     
   5.6100000000000003       0.83738723376746138        396.38822918022760        1059.3903029632272     
   5.6200000000000001       0.83887990263335699        397.66328780542710        1061.9811270814439     
   5.6299999999999999       0.84037257149925260        398.93915940942225        1064.5741947076115     
   5.6399999999999997       0.84186524036514832        400.21584188025457        1067.1695032095629     
   5.6500000000000004       0.84335790923104403        401.49333311866621        1069.7670499606090     
   5.6600000000000001       0.84485057809693953        402.77163103799319        1072.3668323395336     
   5.6699999999999999       0.84634324696283525        404.05073356405433        1074.9688477305826     
   5.6799999999999997       0.84783591582873086        405.33063863504748        1077.5730935234617     
   5.6900000000000004       0.84932858469462669        406.61134420144475        1080.1795671133227     
   5.7000000000000002       0.85082125356052218        407.89284822588706        1082.7882659007655     
   5.7100000000000000       0.85231392242641790        409.17514868326538        1085.3991872923705     
   5.7199999999999998       0.85380659129231351        410.45824355988685        1088.0123286984997     
   5.7300000000000004       0.85529926015820934        411.74213085447144        1090.6276875365829     
   5.7400000000000002       0.85679192902410484        413.02680857732048        1093.2452612289130     
   5.7500000000000000       0.85828459789000044        414.31227475040140        1095.8650472031864     
   5.7599999999999998       0.85977726675589616        415.59852740725171        1098.4870428924987     
   5.7700000000000005       0.86126993562179177        416.88556459287719        1101.1112457353297     
   5.7800000000000002       0.86276260448768749        418.17338436366367        1103.7376531755442     
   5.7900000000000000       0.86425527335358310        419.46198478727740        1106.3662626623773     
   5.7999999999999998       0.86574794221947882        420.75136394257129        1108.9970716504238     
   5.8100000000000005       0.86724061108537442        422.04151991949527        1111.6300775996376     
   5.8200000000000003       0.86873327995127014        423.33245081900242        1114.2652779753164     
   5.8300000000000001       0.87022594881716575        424.62415475295921        1116.9026702480971     
   5.8399999999999999       0.87171861768306125        425.91662984405485        1119.5422518939438     
   5.8500000000000005       0.87321128654895708        427.20987422571488        1122.1840203941429     
   5.8600000000000003       0.87470395541485269        428.50388604200674        1124.8279732352837     
   5.8700000000000001       0.87619662428074840        429.79866344756238        1127.4741079092680     
   5.8799999999999999       0.87768929314664390        431.09420460748390        1130.1224219132823     
   5.8899999999999997       0.87918196201253962        432.39050769726157        1132.7729127497983     
   5.9000000000000004       0.88067463087843534        433.68757090268929        1135.4255779265616     
   5.9100000000000001       0.88216729974433106        434.98539241978193        1138.0804149565829     
   5.9199999999999999       0.88365996861022655        436.28397045468830        1140.7374213581245     
   5.9299999999999997       0.88515263747612216        437.58330322361519        1143.3965946546966     
   5.9400000000000004       0.88664530634201799        438.88338895274273        1146.0579323750455     
   5.9500000000000002       0.88813797520791349        440.18422587814484        1148.7214320531425     
   5.9600000000000000       0.88963064407380921        441.48581224570825        1151.3870912281723     
   5.9699999999999998       0.89112331293970481        442.78814631105729        1154.0549074445278     
   5.9800000000000004       0.89261598180560064        444.09122633947356        1156.7248782518009     
   5.9900000000000002       0.89410865067149614        445.39505060581916        1159.3970012047655     
   6.0000000000000000       0.89560131953739186        446.69961739445966        1162.0712738633727     
   6.0099999999999998       0.89709398840328747        448.00492499919102        1164.7476937927404     
   6.0200000000000005       0.89858665726918308        449.31097172316237        1167.4262585631432     
   6.0300000000000002       0.90007932613507879        450.61775587880220        1170.1069657499995     
   6.0400000000000000       0.90157199500097440        451.92527578774599        1172.7898129338630     
   6.0499999999999998       0.90306466386687012        453.23352978076394        1175.4747977004154     
   6.0600000000000005       0.90455733273276573        454.54251619768564        1178.1619176404477     
   6.0700000000000003       0.90605000159866145        455.85223338733590        1180.8511703498632     
   6.0800000000000001       0.90754267046455706        457.16267970745520        1183.5425534296503     
   6.0899999999999999       0.90903533933045255        458.47385352463692        1186.2360644858859     
   6.1000000000000005       0.91052800819634838        459.78575321425683        1188.9317011297192     
   6.1100000000000003       0.91202067706224399        461.09837716040056        1191.6294609773590     
   6.1200000000000001       0.91351334592813971        462.41172375580203        1194.3293416500687     
   6.1299999999999999       0.91500601479403521        463.72579140177049        1197.0313407741492     
   6.1400000000000006       0.91649868365993103        465.04057850812916        1199.7354559809351     
   6.1500000000000004       0.91799135252582664        466.35608349314526        1202.4416849067754     
   6.1600000000000001       0.91948402139172236        467.67230478346852        1205.1500251930338     
   6.1699999999999999       0.92097669025761786        468.98924081406199        1207.8604744860654     
   6.1799999999999997       0.92246935912351347        470.30689002814347        1210.5730304372159     
   6.1900000000000004       0.92396202798940930        471.62525087711805        1213.2876907028060     
   6.2000000000000002       0.92545469685530479        472.94432182051679        1216.0044529441193     
   6.2100000000000000       0.92694736572120051        474.26410132593622        1218.7233148273970     
   6.2199999999999998       0.92844003458709612        475.58458786897393        1221.4442740238203     
   6.2300000000000004       0.92993270345299195        476.90577993316975        1224.1673282095035     
   6.2400000000000002       0.93142537231888745        478.22767600994428        1226.8924750654812     
   6.2500000000000000       0.93291804118478316        479.55027459854006        1229.6197122776978     
   6.2599999999999998       0.93441071005067877        480.87357420596175        1232.3490375369975     
   6.2700000000000005       0.93590337891657449        482.19757334691752        1235.0804485391100     
   6.2800000000000002       0.93739604778247010        483.52227054376226        1237.8139429846451     
   6.2900000000000000       0.93888871664836571        484.84766432643659        1240.5495185790735     
   6.2999999999999998       0.94038138551426143        486.17375323241350        1243.2871730327206     
   6.3100000000000005       0.94187405438015703        487.50053580664235        1246.0269040607593     
   6.3200000000000003       0.94336672324605275        488.82801060148830        1248.7687093831883     
   6.3300000000000001       0.94485939211194836        490.15617617668158        1251.5125867248310     
   6.3399999999999999       0.94635206097784408        491.48503109926020        1254.2585338153167     
   6.3500000000000005       0.94784472984373969        492.81457394351753        1257.0065483890758     
   6.3600000000000003       0.94933739870963529        494.14480329094511        1259.7566281853215     
   6.3700000000000001       0.95083006757553101        495.47571773018359        1262.5087709480470     
   6.3799999999999999       0.95232273644142662        496.80731585696685        1265.2629744260068     
   6.3900000000000006       0.95381540530732234        498.13959627406979        1268.0192363727065     
   6.4000000000000004       0.95530807417321795        499.47255759125864        1270.7775545463969     
   6.4100000000000001       0.95680074303911367        500.80619842523731        1273.5379267100561     
   6.4199999999999999       0.95829341190500916        502.14051739959734        1276.3003506313826     
   6.4299999999999997       0.95978608077090477        503.47551314476789        1279.0648240827802     
   6.4400000000000004       0.96127874963680060        504.81118429796487        1281.8313448413512     
   6.4500000000000002       0.96277141850269621        506.14752950314085        1284.5999106888789     
   6.4600000000000000       0.96426408736859182        507.48454741094042        1287.3705194118259     
   6.4699999999999998       0.96575675623448742        508.82223667864469        1290.1431688013106     
   6.4800000000000004       0.96724942510038325        510.16059597012833        1292.9178566531054     
   6.4900000000000002       0.96874209396627886        511.49962395580957        1295.6945807676191     
   6.5000000000000000       0.97023476283217447        512.83931931260429        1298.4733389498917     
   6.5099999999999998       0.97172743169807008        514.17968072387669        1301.2541290095774     
   6.5200000000000005       0.97322010056396591        515.52070687939704        1304.0369487609346     
   6.5300000000000002       0.97471276942986140        516.86239647529055        1306.8217960228167     
   6.5400000000000000       0.97620543829575701        518.20474821399614        1309.6086686186591     
   6.5499999999999998       0.97769810716165273        519.54776080421891        1312.3975643764668     
   6.5600000000000005       0.97919077602754845        520.89143296088594        1315.1884811288062     
   6.5700000000000003       0.98068344489344406        522.23576340510317        1317.9814167127906     
   6.5800000000000001       0.98217611375933966        523.58075086410713        1320.7763689700678     
   6.5899999999999999       0.98366878262523538        524.92639407122954        1323.5733357468171     
   6.6000000000000005       0.98516145149113110        526.27269176584309        1326.3723148937231     
   6.6100000000000003       0.98665412035702671        527.61964269332941        1329.1733042659791     
   6.6200000000000001       0.98814678922292232        528.96724560502935        1331.9763017232669     
   6.6299999999999999       0.98963945808881792        530.31549925820366        1334.7813051297483     
   6.6400000000000006       0.99113212695471364        531.66440241599230        1337.5883123540541     
   6.6500000000000004       0.99262479582060925        533.01395384737214        1340.3973212692733     
   6.6600000000000001       0.99411746468650497        534.36415232711295        1343.2083297529368     
   6.6699999999999999       0.99561013355240058        535.71499663574298        1346.0213356870117     
   6.6799999999999997       0.99710280241829619        537.06648555950505        1348.8363369578915     
   6.6900000000000004       0.99859547128419190        538.41861789031543        1351.6533314563753     
   6.7000000000000002        1.0000881401500874        539.77139242572844        1354.4723170776672     
   6.7100000000000000        1.0015808090159832        541.12480796889281        1357.2932917213566     
   6.7199999999999998        1.0030734778818788        542.47886332851601        1360.1162532914143     
   6.7300000000000004        1.0045661467477744        543.83355731882591        1362.9411996961751     
   6.7400000000000002        1.0060588156136701        545.18888875952905        1365.7681288483291     
   6.7500000000000000        1.0075514844795659        546.54485647577803        1368.5970386649117     
   6.7599999999999998        1.0090441533454615        547.90145929813013        1371.4279270672896     
   6.7700000000000005        1.0105368222113571        549.25869606273704        1374.2607919818420     
   6.7800000000000002        1.0120294910772527        550.61656561040604        1377.0956313371878     
   6.7900000000000000        1.0135221599431483        551.97506678791524        1379.9324430683130     
   6.7999999999999998        1.0150148288090439        553.33419844707998        1382.7712251138053     
   6.8100000000000005        1.0165074976749398        554.69395944493431        1385.6119754165240     
   6.8200000000000003        1.0180001665408354        556.05434864370363        1388.4546919235972     
   6.8300000000000001        1.0194928354067310        557.41536491076533        1391.2993725864058     
   6.8399999999999999        1.0209855042726266        558.77700711861382        1394.1460153605742     
   6.8500000000000005        1.0224781731385224        560.13927414482748        1396.9946182059598     
   6.8600000000000003        1.0239708420044180        561.50216487203227        1399.8451790866372     
   6.8700000000000001        1.0254635108703136        562.86567818787046        1402.6976959708954     
   6.8799999999999999        1.0269561797362092        564.22981298496313        1405.5521668312172     
   6.8900000000000006        1.0284488486021051        565.59456816088141        1408.4085896442775     
   6.9000000000000004        1.0299415174680007        566.95994261810858        1411.2669623909233     
   6.9100000000000001        1.0314341863338963        568.32593526401013        1414.1272830561704     
   6.9199999999999999        1.0329268551997919        569.69254501080070        1416.9895496291874     
   6.9299999999999997        1.0344195240656875        571.05977077550961        1419.8537601032847     
   6.9400000000000004        1.0359121929315833        572.42761147995384        1422.7199124759086     
   6.9500000000000002        1.0374048617974789        573.79606605069932        1425.5880047486230     
   6.9600000000000000        1.0388975306633745        575.16513341903476        1428.4580349271046     
   6.9699999999999998        1.0403901995292701        576.53481252093854        1431.3300010211283     
   6.9800000000000004        1.0418828683951660        577.90510229704785        1434.2039010445601     
   6.9900000000000002        1.0433755372610614        579.27600169262769        1437.0797330153389     
   7.0000000000000000        1.0448682061269572        580.64750965753979        1439.9574949554735     
   7.0099999999999998        1.0463608749928528        582.01962514621562        1442.8371848910310     
   7.0200000000000005        1.0478535438587486        583.39234711762060        1445.7188008521173     
   7.0300000000000002        1.0493462127246440        584.76567453523023        1448.6023408728763     
   7.0400000000000000        1.0508388815905398        586.13960636699778        1451.4878029914762     
   7.0499999999999998        1.0523315504564354        587.51414158532293        1454.3751852500930     
   7.0600000000000005        1.0538242193223311        588.88927916702914        1457.2644856949114     
   7.0700000000000003        1.0553168881882267        590.26501809332808        1460.1557023761009     
   7.0800000000000001        1.0568095570541223        591.64135734979573        1463.0488333478152     
   7.0899999999999999        1.0583022259200181        593.01829592634112        1465.9438766681753     
   7.1000000000000005        1.0597948947859137        594.39583281718080        1468.8408303992640     
   7.1100000000000003        1.0612875636518093        595.77396702080875        1471.7396926071081     
   7.1200000000000001        1.0627802325177049        597.15269753997040        1474.6404613616762     
   7.1299999999999999        1.0642729013836005        598.53202338163499        1477.5431347368619     
   7.1400000000000006        1.0657655702494964        599.91194355696769        1480.4477108104757     
   7.1500000000000004        1.0672582391153920        601.29245708130259        1483.3541876642309     
   7.1600000000000001        1.0687509079812876        602.67356297411777        1486.2625633837413     
   7.1699999999999999        1.0702435768471832        604.05526025900815        1489.1728360585028     
   7.1799999999999997        1.0717362457130788        605.43754796365670        1492.0850037818846     
   7.1900000000000004        1.0732289145789746        606.82042511981228        1494.9990646511214     
   7.2000000000000002        1.0747215834448702        608.20389076326069        1497.9150167672990     
   7.2100000000000000        1.0762142523107658        609.58794393380072        1500.8328582353467     
   7.2199999999999998        1.0777069211766614        610.97258367521897        1503.7525871640285     
   7.2300000000000004        1.0791995900425573        612.35780903526347        1506.6742016659268     
   7.2400000000000002        1.0806922589084527        613.74361906561899        1509.5976998574376     
   7.2500000000000000        1.0821849277743485        615.13001282188384        1512.5230798587600     
   7.2599999999999998        1.0836775966402441        616.51698936354171        1515.4503397938786     
   7.2700000000000005        1.0851702655061399        617.90454775394062        1518.3794777905628     
   7.2800000000000002        1.0866629343720353        619.29268706026778        1521.3104919803504     
   7.2900000000000000        1.0881556032379311        620.68140635352529        1524.2433804985424     
   7.2999999999999998        1.0896482721038268        622.07070470850556        1527.1781414841842     
   7.3100000000000005        1.0911409409697226        623.46058120376904        1530.1147730800644     
   7.3200000000000003        1.0926336098356180        624.85103492162034        1533.0532734327003     
   7.3300000000000001        1.0941262787015136        626.24206494808391        1535.9936406923277     
   7.3399999999999999        1.0956189475674092        627.63367037288378        1538.9358730128934     
   7.3500000000000005        1.0971116164333050        629.02585028941610        1541.8799685520396     
   7.3600000000000003        1.0986042852992006        630.41860379473223        1544.8259254711022     
   7.3700000000000001        1.1000969541650965        631.81192998951008        1547.7737419350899     
   7.3799999999999999        1.1015896230309921        633.20582797803581        1550.7234161126839     
   7.3900000000000006        1.1030822918968877        634.60029686818291        1553.6749461762263     
   7.4000000000000004        1.1045749607627833        635.99533577138334        1556.6283303017019     
   7.4100000000000001        1.1060676296286789        637.39094380261361        1559.5835666687367     
   7.4199999999999999        1.1075602984945745        638.78712008036860        1562.5406534605870     
   7.4299999999999997        1.1090529673604701        640.18386372664270        1565.4995888641283     
   7.4400000000000004        1.1105456362263659        641.58117386690446        1568.4603710698427     
   7.4500000000000002        1.1120383050922615        642.97904963007909        1571.4229982718107     
   7.4600000000000000        1.1135309739581571        644.37749014852795        1574.3874686677057     
   7.4699999999999998        1.1150236428240528        645.77649455802270        1577.3537804587756     
   7.4800000000000004        1.1165163116899486        647.17606199773229        1580.3219318498436     
   7.4900000000000002        1.1180089805558442        648.57619161019363        1583.2919210492860     
   7.5000000000000000        1.1195016494217398        649.97688254130003        1586.2637462690354     
   7.5099999999999998        1.1209943182876354        651.37813394027398        1589.2374057245602     
   7.5200000000000005        1.1224869871535312        652.77994495965163        1592.2128976348627     
   7.5300000000000002        1.1239796560194266        654.18231475526011        1595.1902202224626     
   7.5400000000000000        1.1254723248853222        655.58524248619881        1598.1693717133924     
   7.5499999999999998        1.1269649937512181        656.98872731482265        1601.1503503371905     
   7.5600000000000005        1.1284576626171137        658.39276840671596        1604.1331543268798     
   7.5700000000000003        1.1299503314830095        659.79736493067912        1607.1177819189695     
   7.5800000000000001        1.1314430003489051        661.20251605870851        1610.1042313534431     
   7.5899999999999999        1.1329356692148007        662.60822096571303        1613.0925008729389     
   7.6000000000000005        1.1344283380806965        664.01447883054357        1616.0825887259648     
   7.6100000000000003        1.1359210069465919        665.42128883440637        1619.0744931620616     
   7.6200000000000001        1.1374136758124875        666.82865016188737        1622.0682124350055     
   7.6299999999999999        1.1389063446783831        668.23656200067603        1625.0637448020025     
   7.6400000000000006        1.1403990135442790        669.64502354154399        1628.0610885236722     
   7.6500000000000004        1.1418916824101746        671.05403397832629        1631.0602418640394     
   7.6600000000000001        1.1433843512760702        672.46359250790840        1634.0612030905299     
   7.6699999999999999        1.1448770201419660        673.87369833020330        1637.0639704739574     
   7.6799999999999997        1.1463696890078614        675.28435064813459        1640.0685422885097     
   7.6900000000000004        1.1478623578737572        676.69554866762121        1643.0749168117470     
   7.7000000000000002        1.1493550267396528        678.10729159755806        1646.0830923245919     
   7.7100000000000000        1.1508476956055484        679.51957864979966        1649.0930671113163     
   7.7199999999999998        1.1523403644714441        680.93240903914091        1652.1048394595296     
   7.7300000000000004        1.1538330333373399        682.34578198330473        1655.1184076601846     
   7.7400000000000002        1.1553257022032355        683.75969670291738        1658.1337700075435     
   7.7500000000000000        1.1568183710691309        685.17415242150116        1661.1509247991964     
   7.7599999999999998        1.1583110399350267        686.58914836544886        1664.1698703360278     
   7.7700000000000005        1.1598037088009223        688.00468376401386        1667.1906049222264     
   7.7800000000000002        1.1612963776668181        689.42075784928920        1670.2131268652636     
   7.7900000000000000        1.1627890465327138        690.83736985619430        1673.2374344758914     
   7.7999999999999998        1.1642817153986094        692.25451902245516        1676.2635260681259     
   7.8100000000000005        1.1657743842645052        693.67220458859458        1679.2913999592533     
   7.8200000000000003        1.1672670531304006        695.09042579790764        1682.3210544697995     
   7.8300000000000001        1.1687597219962962        696.50918189645381        1685.3524879235406     
   7.8399999999999999        1.1702523908621918        697.92847213303651        1688.3856986474841     
   7.8500000000000005        1.1717450597280876        699.34829575918798        1691.4206849718596     
   7.8600000000000003        1.1732377285939832        700.76865202915724        1694.4574452301183     
   7.8700000000000001        1.1747303974598791        702.18954019988882        1697.4959777589108     
   7.8799999999999999        1.1762230663257747        703.61095953101335        1700.5362808980924     
   7.8900000000000006        1.1777157351916705        705.03290928482852        1703.5783529907037     
   7.9000000000000004        1.1792084040575659        706.45538872628515        1706.6221923829678     
   7.9100000000000001        1.1807010729234615        707.87839712297296        1709.6677974242780     
   7.9199999999999999        1.1821937417893571        709.30193374510520        1712.7151664671946     
   7.9300000000000006        1.1836864106552529        710.72599786550336        1715.7642978674253     
   7.9400000000000004        1.1851790795211485        712.15058875958357        1718.8151899838335     
   7.9500000000000002        1.1866717483870441        713.57570570534187        1721.8678411784119     
   7.9600000000000000        1.1881644172529400        715.00134798333784        1724.9222498162846     
   7.9699999999999998        1.1896570861188354        716.42751487668465        1727.9784142656970     
   7.9800000000000004        1.1911497549847312        717.85420567103017        1731.0363328980047     
   7.9900000000000002        1.1926424238506268        719.28141965454552        1734.0960040876655     
   8.0000000000000000        1.1941350927165224        720.70915611790963        1737.1574262122340     
   8.0099999999999998        1.1956277615824180        722.13741435429893        1740.2205976523517     
   8.0199999999999996        1.1971204304483136        723.56619365936740        1743.2855167917348     
   8.0299999999999994        1.1986130993142095        724.99549333123923        1746.3521820171720     
   8.0400000000000009        1.2001057681801053        726.42531267048878        1749.4205917185081     
   8.0500000000000007        1.2015984370460007        727.85565098013308        1752.4907442886445     
   8.0600000000000005        1.2030911059118963        729.28650756561535        1755.5626381235261     
   8.0700000000000003        1.2045837747777921        730.71788173479320        1758.6362716221354     
   8.0800000000000001        1.2060764436436877        732.14977279792129        1761.7116431864765     
   8.0899999999999999        1.2075691125095833        733.58218006764560        1764.7887512215812     
   8.0999999999999996        1.2090617813754789        735.01510285898178        1767.8675941354836     
   8.1099999999999994        1.2105544502413743        736.44854048931086        1770.9481703392298     
   8.1200000000000010        1.2120471191072704        737.88249227835934        1774.0304782468556     
   8.1300000000000008        1.2135397879731660        739.31695754818850        1777.1145162753785     
   8.1400000000000006        1.2150324568390616        740.75193562318566        1780.2002828448060     
   8.1500000000000004        1.2165251257049572        742.18742583004575        1783.2877763781062     
   8.1600000000000001        1.2180177945708530        743.62342749776155        1786.3769953012127     
   8.1699999999999999        1.2195104634367486        745.05993995761287        1789.4679380430150     
   8.1799999999999997        1.2210031323026442        746.49696254315097        1792.5606030353458     
   8.1899999999999995        1.2224958011685396        747.93449459018814        1795.6549887129770     
   8.1999999999999993        1.2239884700344352        749.37253543678639        1798.7510935136136     
   8.2100000000000009        1.2254811389003313        750.81108442324239        1801.8489158778739     
   8.2200000000000006        1.2269738077662269        752.25014089208048        1804.9484542493012     
   8.2300000000000004        1.2284664766321225        753.68970418803372        1808.0497070743379     
   8.2400000000000002        1.2299591454980181        755.12977365803943        1811.1526728023287     
   8.2500000000000000        1.2314518143639139        756.57034865122193        1814.2573498855045     
   8.2599999999999998        1.2329444832298093        758.01142851888403        1817.3637367789818     
   8.2699999999999996        1.2344371520957049        759.45301261449447        1820.4718319407509     
   8.2799999999999994        1.2359298209616005        760.89510029367739        1823.5816338316733     
   8.2900000000000009        1.2374224898274964        762.33769091419754        1826.6931409154618     
   8.3000000000000007        1.2389151586933922        763.78078383595380        1829.8063516586869     
   8.3100000000000005        1.2404078275592878        765.22437842096406        1832.9212645307587     
   8.3200000000000003        1.2419004964251834        766.66847403335532        1836.0378780039273     
   8.3300000000000001        1.2433931652910788        768.11307003935440        1839.1561905532667     
   8.3399999999999999        1.2448858341569746        769.55816580727503        1842.2762006566786     
   8.3499999999999996        1.2463785030228702        771.00376070750417        1845.3979067948694     
   8.3599999999999994        1.2478711718887658        772.44985411249809        1848.5213074513542     
   8.3700000000000010        1.2493638407546617        773.89644539676567        1851.6464011124481     
   8.3800000000000008        1.2508565096205573        775.34353393686001        1854.7731862672563     
   8.3900000000000006        1.2523491784864531        776.79111911136704        1857.9016614076625     
   8.4000000000000004        1.2538418473523487        778.23920030089539        1861.0318250283296     
   8.4100000000000001        1.2553345162182441        779.68777688806483        1864.1636756266855     
   8.4199999999999999        1.2568271850841397        781.13684825750033        1867.2972117029240     
   8.4299999999999997        1.2583198539500353        782.58641379581331        1870.4324317599821     
   8.4399999999999995        1.2598125228159311        784.03647289159971        1873.5693343035512     
   8.4499999999999993        1.2613051916818268        785.48702493542442        1876.7079178420561     
   8.4600000000000009        1.2627978605477226        786.93806931981351        1879.8481808866529     
   8.4700000000000006        1.2642905294136182        788.38960543924236        1882.9901219512190     
   8.4800000000000004        1.2657831982795138        789.84163269013050        1886.1337395523549     
   8.4900000000000002        1.2672758671454094        791.29415047082341        1889.2790322093606     
   8.5000000000000000        1.2687685360113050        792.74715818158961        1892.4259984442419     
