   1.0000000000000000E-002   1.5034613560786184E-003  -1.0782176737995216E-003   1.4148686558163091     
   2.0000000000000000E-002   3.0069227121572368E-003  -3.0609544533066746E-004   2.8320270068922713     
   2.9999999999999999E-002   4.5103840682358554E-003   1.9802795788160786E-003   4.2508913092065210     
   4.0000000000000001E-002   6.0138454243144736E-003   5.6458114704773044E-003   5.6712500518317919     
   5.0000000000000003E-002   7.5173067803930918E-003   1.0574704702985055E-002   7.0929760081531184     
   5.9999999999999998E-002   9.0207681364717109E-003   1.6640615776548760E-002   8.5159703597842693     
   7.0000000000000007E-002   1.0524229492550330E-002   2.3699996128339069E-002   9.9401423972779952     
   8.0000000000000002E-002   1.2027690848628947E-002   3.1593271125060343E-002   11.365401233408868     
   8.9999999999999997E-002   1.3531152204707566E-002   4.0149285815075035E-002   12.791652914803928     
  0.10000000000000001        1.5034613560786184E-002   4.9190980702118609E-002   14.218800277338595     
  0.11000000000000000        1.6538074916864803E-002   5.8541165621738216E-002   15.646744189980067     
  0.12000000000000000        1.8041536272943422E-002   6.8027726618648782E-002   17.075385389954619     
  0.13000000000000000        1.9544997629022041E-002   7.7487909681342615E-002   18.504626419529657     
  0.14000000000000001        2.1048458985100660E-002   8.6771546661054980E-002   19.934373376051031     
  0.14999999999999999        2.2551920341179275E-002   9.5743241666688850E-002   21.364537327717279     
  0.16000000000000000        2.4055381697257894E-002  0.10428363065787814        22.795035344433472     
  0.17000000000000001        2.5558843053336517E-002  0.11228987412725133        24.225791155009077     
  0.17999999999999999        2.7062304409415133E-002  0.11967555531459313        25.656735476865162     
  0.19000000000000000        2.8565765765493748E-002  0.12637014663101712        27.087806079651685     
  0.20000000000000001        3.0069227121572367E-002  0.13231818511601254        28.518947646606417     
  0.20999999999999999        3.1572688477650983E-002  0.13747827113393121        29.950111492189020     
  0.22000000000000000        3.3076149833729605E-002  0.14182197813073907        31.381255185720477     
  0.23000000000000001        3.4579611189808228E-002  0.14533273757478440        32.812342120742976     
  0.23999999999999999        3.6083072545886843E-002  0.14800474352421109        34.243341060319089     
  0.25000000000000000        3.7586533901965459E-002  0.14984793862034596        35.674233332667526     
  0.26000000000000001        3.9089995258044082E-002  0.15086511835085228        37.104984818868580     
  0.27000000000000002        4.0593456614122697E-002  0.15108110483682527        38.535583198280229     
  0.28000000000000003        4.2096917970201320E-002  0.15052341688060883        39.966014468461033     
  0.28999999999999998        4.3600379326279935E-002  0.14922580182298201        41.396267922415404     
  0.29999999999999999        4.5103840682358551E-002  0.14722754790752829        42.826335814136748     
  0.31000000000000000        4.6607302038437173E-002  0.14457286286372947        44.256213054904777     
  0.32000000000000001        4.8110763394515789E-002  0.14131031280477691        45.685896938998546     
  0.33000000000000002        4.9614224750594411E-002  0.13749231531887476        47.115386896920896     
  0.34000000000000002        5.1117686106673034E-002  0.13317468071046445        48.544684273882645     
  0.35000000000000003        5.2621147462751650E-002  0.12841619577687671        49.973792131399584     
  0.35999999999999999        5.4124608818830265E-002  0.12327824488538186        51.402715069751189     
  0.37000000000000000        5.5628070174908888E-002  0.11782446364521260        52.831459069135207     
  0.38000000000000000        5.7131531530987496E-002  0.11212042101217379        54.260031347625329     
  0.39000000000000001        5.8634992887066119E-002  0.10623332619500986        55.688440234130574     
  0.40000000000000002        6.0138454243144734E-002  0.10023175716693129        57.116695054641482     
  0.41000000000000003        6.1641915599223357E-002   9.4185408106696955E-002   58.544806030383675     
  0.41999999999999998        6.3145376955301966E-002   8.8164853498393037E-002   59.972784186490806     
  0.42999999999999999        6.4648838311380588E-002   8.2241327026821243E-002   61.400641270137292     
  0.44000000000000000        6.6152299667459211E-002   7.6486513679955834E-002   62.828389676975057     
  0.45000000000000001        6.7655761023537833E-002   7.0972353860680723E-002   64.256042385002146     
  0.46000000000000002        6.9159222379616456E-002   6.5770858562574419E-002   65.683612895132370     
  0.47000000000000003        7.0662683735695078E-002   6.0953934846948193E-002   67.111115177604646     
  0.47999999999999998        7.2166145091773687E-002   5.6593221118196639E-002   68.538563623647136     
  0.48999999999999999        7.3669606447852296E-002   5.2759931888580643E-002   69.965973001923743     
  0.50000000000000000        7.5173067803930918E-002   4.9524711773188242E-002   71.393358419079249     
  0.51000000000000001        7.6676529160009541E-002   4.6957498674352165E-002   72.820735284050244     
  0.52000000000000002        7.8179990516088163E-002   4.5127396149696491E-002   74.248119275699437     
  0.53000000000000003        7.9683451872166786E-002   4.4102555054280977E-002   75.675526313454966     
  0.54000000000000004        8.1186913228245394E-002   4.3950064537085734E-002   77.102972530476990     
  0.55000000000000004        8.2690374584324017E-002   4.4735852596774692E-002   78.530474249288261     
  0.56000000000000005        8.4193835940402639E-002   4.6524596305501618E-002   79.958047959453040     
  0.57000000000000006        8.5697297296481262E-002   4.9379641831056933E-002   81.385710297034052     
  0.57999999999999996        8.7200758652559870E-002   5.3362934423682652E-002   82.813478025840453     
  0.58999999999999997        8.8704220008638479E-002   5.8534958363394098E-002   84.241368019968604     
  0.59999999999999998        9.0207681364717102E-002   6.4954686968314732E-002   85.669397247795246     
  0.60999999999999999        9.1711142720795724E-002   7.2679542573250933E-002   87.097582757026885     
  0.62000000000000000        9.3214604076874347E-002   8.1765366407314410E-002   88.525941660816954     
  0.63000000000000000        9.4718065432952969E-002   9.2266398222157542E-002   89.954491124844978     
  0.64000000000000001        9.6221526789031578E-002  0.10423526538617765        91.383248355116365     
  0.65000000000000002        9.7724988145110200E-002  0.11772298124742052        92.812230586709731     
  0.66000000000000003        9.9228449501188823E-002  0.13277895228915026        94.241455073016311     
  0.67000000000000004       0.10073191085726745       0.14945099375340615        95.670939075742510     
  0.68000000000000005       0.10223537221334607       0.16778535321186991        97.100699855443310     
  0.69000000000000006       0.10373883356942469       0.18782674161170462        98.530754662734054     
  0.70000000000000007       0.10524229492550330       0.23499006317938489        100.05430408949769     
  0.70999999999999996       0.10674575628158191       0.25882687593902165        101.48633760754632     
  0.71999999999999997       0.10824921763766053       0.28445207812313394        102.91871314682344     
  0.72999999999999998       0.10975267899373915       0.31192503905638774        104.35145130547876     
  0.73999999999999999       0.11125614034981778       0.34129336785346670        105.78457283355583     
  0.75000000000000000       0.11275960170589638       0.37259808231988489        107.21809858889127     
  0.76000000000000001       0.11426306306197499       0.40588169358832077        108.65204923158920     
  0.77000000000000002       0.11576652441805362       0.44117928910471504        110.08644556024406     
  0.78000000000000003       0.11726998577413224       0.47852590198938355        111.52130823903167     
  0.79000000000000004       0.11877344713021085       0.51795501321446447        112.95665783974133     
  0.80000000000000004       0.12027690848628947       0.55949877978873541        114.39251482695093     
  0.81000000000000005       0.12178036984236809       0.60318821501062736        115.82889954663582     
  0.82000000000000006       0.12328383119844671       0.64905333899762097        117.26583221742231     
  0.83000000000000007       0.12478729255452534       0.69712330951901014        118.70333292400854     
  0.83999999999999997       0.12629075391060393       0.74742653893122901        120.14142161252488     
  0.84999999999999998       0.12779421526668255       0.79999080059501970        121.58011808724859     
  0.85999999999999999       0.12929767662276118       0.85484332704093235        123.01944200896622     
  0.87000000000000000       0.13080113797883980       0.91201090122344108        124.45941289432682     
  0.88000000000000000       0.13230459933491842       0.97151994170900791        125.90005011623205     
  0.89000000000000001       0.13380806069099704        1.0333965825787133        127.34137290534055     
  0.90000000000000002       0.13531152204707567        1.0976667483216815        128.78340035216078     
  0.91000000000000003       0.13681498340315429        1.1643562241423466        130.22615140995788     
  0.92000000000000004       0.13831844475923291        1.2334907218791622        131.66964489825449     
  0.93000000000000005       0.13982190611531151        1.3050959417309840        133.11389950684193     
  0.94000000000000006       0.14132536747139016        1.3791976299889497        134.55893380037438     
  0.95000000000000007       0.14282882882746875        1.4558216328025699        136.00476622311402     
  0.95999999999999996       0.14433229018354737        1.5349939462501587        137.45141510425134     
  0.96999999999999997       0.14583575153962600        1.6167407627116723        138.89889866335341     
  0.97999999999999998       0.14733921289570459        1.7010885137453184        140.34723501619243     
  0.98999999999999999       0.14884267425178324        1.7880639094337945        141.79644218046698     
   1.0000000000000000       0.15034613560786184        1.8776939745222609        143.24653808204670     
   1.0100000000000000       0.15184959696394046        1.9700060811887867        144.69754056092103     
   1.0200000000000000       0.15335305832001908        2.0650279787672816        146.14946737746718     
   1.0300000000000000       0.15485651967609768        2.1627878204315900        147.60233621875417     
   1.0400000000000000       0.15635998103217633        2.2633141868351512        149.05616470455962     
   1.0500000000000000       0.15786344238825492        2.3666361070341750        150.51097039375000     
   1.0600000000000001       0.15936690374433357        2.4727830765443692        151.96677079032315     
   1.0700000000000001       0.16087036510041217        2.5817850727179348        153.42358334936586     
   1.0800000000000001       0.16237382645649079        2.6936725676313618        154.88142548320943     
   1.0900000000000001       0.16387728781256941        2.8084765382947916        156.34031456701780     
   1.1000000000000001       0.16538074916864803        2.9262284745951286        157.80026794469606     
   1.1100000000000001       0.16688421052472666        3.0469603847623867        159.26130293434241     
   1.1200000000000001       0.16838767188080528        3.1707047985423786        160.72343683352963     
   1.1300000000000001       0.16989113323688387        3.2974947682634963        162.18668692469885     
   1.1400000000000001       0.17139459459296252        3.4273638676244924        163.65107048004535     
   1.1500000000000001       0.17289805594904112        3.5603461884683916        165.11660476639889     
   1.1599999999999999       0.17440151730511974        3.6964763354485615        166.58330704969586     
   1.1699999999999999       0.17590497866119834        3.8357894188631865        168.05119459957439     
   1.1799999999999999       0.17740844001727696        3.9782613134113540        169.52028443483536     
   1.1899999999999999       0.17891190137335558        4.1240527423523812        170.99059438903603     
   1.2000000000000000       0.18041536272943420        4.2731353690860354        172.46214147959887     
   1.2100000000000000       0.18191882408551283        4.4255461766714959        173.93494302985508     
   1.2200000000000000       0.18342228544159145        4.5813225894510401        175.40901638521018     
   1.2300000000000000       0.18492574679767004        4.7405024552720292        176.88437891615516     
   1.2400000000000000       0.18642920815374869        4.9031240261228177        178.36104802103219     
   1.2500000000000000       0.18793266950982729        5.0692259371484134        179.83904112835296     
   1.2600000000000000       0.18943613086590594        5.2388471843557891        181.31837569925108     
   1.2700000000000000       0.19093959222198453        5.4120271007176877        182.79906922929092     
   1.2800000000000000       0.19244305357806316        5.5888053310050090        184.28113925025633     
   1.2900000000000000       0.19394651493414178        5.7692218051858859        185.76460333143532     
   1.3000000000000000       0.19544997629022040        5.9533167107483020        187.24947908106171     
   1.3100000000000001       0.19695343764629902        6.1411304636250517        188.73578414708766     
   1.3200000000000001       0.19845689900237765        6.3327036780611001        190.22353621790720     
   1.3300000000000001       0.19996036035845624        6.5280771353929108        191.71275302282706     
   1.3400000000000001       0.20146382171453489        6.7272917516916673        193.20345233206498     
   1.3500000000000001       0.20296728307061349        6.9303885446527138        194.69565195693804     
   1.3600000000000001       0.20447074442669214        7.1374085993714118        196.18936974936179     
   1.3700000000000001       0.20597420578277073        7.3483930333909502        197.68462360132506     
   1.3800000000000001       0.20747766713884938        7.5633829609875063        199.18143144412372     
   1.3900000000000001       0.20898112849492798        7.7824194566433444        200.67981124712097     
   1.4000000000000001       0.21048458985100660        8.0055435181338677        202.17978101674433     
   1.4099999999999999       0.21198805120708519        8.2327960288337909        203.68135879478004     
   1.4199999999999999       0.21349151256316382        8.4642177196702644        205.18456265667731     
   1.4299999999999999       0.21499497391924241        8.6998491306872356        206.68941070963473     
   1.4399999999999999       0.21649843527532106        8.9397305721622224        208.19592109021852     
   1.4500000000000000       0.21800189663139966        9.1839020857852383        209.70411196227531     
   1.4600000000000000       0.21950535798747831        9.4324034053911792        211.21400151419007     
   1.4700000000000000       0.22100881934355690        9.6852739176889724        212.72560795593219     
   1.4800000000000000       0.22251228069963555        9.9425526232255326        214.23894951639096     
   1.4900000000000000       0.22401574205571415        10.204278097189855        215.75404443999687     
   1.5000000000000000       0.22551920341179277        10.470488450573949        217.27091098348691     
   1.5100000000000000       0.22702266476787139        10.741221291440974        218.78956741216794     
   1.5200000000000000       0.22852612612394999        11.016513686846359        220.31003199657710     
   1.5300000000000000       0.23002958748002861        11.296402124950532        221.83232300848937     
   1.5400000000000000       0.23153304883610723        11.580922477657035        223.35645871676783     
   1.5500000000000000       0.23303651019218585        11.870273092559698        224.88245779422201     
   1.5600000000000001       0.23453997154826448        12.164179940446356        226.41033771086953     
   1.5700000000000001       0.23604343290434310        12.462823159344968        227.94011707418369     
   1.5800000000000001       0.23754689426042169        12.766235779782455        229.47181409985922     
   1.5900000000000001       0.23905035561650034        13.074450037786637        231.00544697911960     
   1.6000000000000001       0.24055381697257894        13.387497342488849        232.54103387386999     
   1.6100000000000001       0.24205727832865759        13.705408245132231        234.07859291233481     
   1.6200000000000001       0.24356073968473618        14.028212408943638        235.61814218406286     
   1.6300000000000001       0.24506420104081483        14.355938580231831        237.15969973485778     
   1.6400000000000001       0.24656766239689343        14.688614561097383        238.70328356224314     
   1.6500000000000001       0.24807112375297205        15.026267183178309        240.24891161030257     
   1.6600000000000001       0.24957458510905067        15.368922282792841        241.79660176447513     
   1.6699999999999999       0.25107804646512927        15.716604677904595        243.34637184700310     
   1.6799999999999999       0.25258150782120786        16.069338146029381        244.89823961134903     
   1.6899999999999999       0.25408496917728651        16.427145404279962        246.45222273770597     
   1.7000000000000000       0.25558843053336511        16.790048090371659        248.00833882739764     
   1.7100000000000000       0.25709189188944376        17.158066745809965        249.56660539835167     
   1.7200000000000000       0.25859535324552235        17.531220800315271        251.12703987988610     
   1.7300000000000000       0.26009881460160100        17.909528557889278        252.68965960751987     
   1.7400000000000000       0.26160227595767960        18.293007184944024        254.25448181855751     
   1.7500000000000000       0.26310573731375825        18.681672699494364        255.82152364661715     
   1.7600000000000000       0.26460919866983684        19.075539962679180        257.39080211740907     
   1.7700000000000000       0.26611266002591549        19.474622671292732        258.96233414336859     
   1.7800000000000000       0.26761612138199409        19.878933352655839        260.53613651958949     
   1.7900000000000000       0.26911958273807268        20.288483360463612        262.11222591859342     
   1.8000000000000000       0.27062304409415133        20.703282872964554        263.69061888644455     
   1.8100000000000001       0.27212650545022993        21.123340892063965        265.27133183768615     
   1.8200000000000001       0.27362996680630858        21.548665244730824        266.85438105166202     
   1.8300000000000001       0.27513342816238717        21.979262585260443        268.43978266764424     
   1.8400000000000001       0.27663688951846582        22.415138399795275        270.02755268138799     
   1.8500000000000001       0.27814035087454442        22.856297011616398        271.61770694047033     
   1.8600000000000001       0.27964381223062301        23.302741588632003        273.21026114109952     
   1.8700000000000001       0.28114727358670166        23.754474151539061        274.80523082368660     
   1.8800000000000001       0.28265073494278031        24.211495584106569        276.40263136992451     
   1.8900000000000001       0.28415419629885891        24.673805644020799        278.00247799860836     
   1.9000000000000001       0.28565765765493750        25.141402975766805        279.60478576300113     
   1.9100000000000001       0.28716111901101610        25.614285123951461        281.20956954691627     
   1.9199999999999999       0.28866458036709475        26.092448548565855        282.81684406237855     
   1.9299999999999999       0.29016804172317334        26.575888640562784        284.42662384598140     
   1.9399999999999999       0.29167150307925199        27.064599739269262        286.03892325685229     
   1.9500000000000000       0.29317496443533059        27.558575149981635        287.65375647328909     
   1.9600000000000000       0.29467842579140918        28.057807163284259        289.27113749103847     
   1.9700000000000000       0.29618188714748783        28.562287074475456        290.89108012031284     
   1.9800000000000000       0.29768534850356648        29.072005204281570        292.51359798389450     
   1.9900000000000000       0.29918880985964508        29.586950920328171        294.13870451541646     
   2.0000000000000000       0.30069227121572367        30.107112658744214        295.76641295679622     
   2.0100000000000002       0.30219573257180232        30.632477947174301        297.39673635730884     
   2.0200000000000000       0.30369919392788092        31.163033427483541        299.02968757120749     
   2.0300000000000002       0.30520265528395957        31.698764879810806        300.66527925710739     
   2.0400000000000000       0.30670611664003816        32.239657246181928        302.30352387588465     
   2.0499999999999998       0.30820957799611676        32.785694655365560        303.94443369036446     
   2.0600000000000001       0.30971303935219535        33.336860447161399        305.58802076349343     
   2.0699999999999998       0.31121650070827400        33.893137197824402        307.23429695832272     
   2.0800000000000001       0.31271996206435265        34.454506744867622        308.88327393655408     
   2.0899999999999999       0.31422342342043125        35.020950212552542        310.53496315826681     
   2.1000000000000001       0.31572688477650984        35.592448037499565        312.18937588180722     
   2.1099999999999999       0.31723034613258844        36.168979993762278        313.84652316269552     
   2.1200000000000001       0.31873380748866714        36.750525218770996        315.50641585432112     
   2.1299999999999999       0.32023726884474574        37.337062238303986        317.16906460698038     
   2.1400000000000001       0.32174073020082433        37.928568992305152        318.83447986882885     
   2.1499999999999999       0.32324419155690293        38.525022859637126        320.50267188514420     
   2.1600000000000001       0.32474765291298158        39.126400683606569        322.17365069952280     
   2.1699999999999999       0.32625111426906023        39.732678796409878        323.84742615347079     
   2.1800000000000002       0.32775457562513882        40.343833043903366        325.52400788724117     
   2.1899999999999999       0.32925803698121742        40.959838810198242        327.20340534080566     
   2.2000000000000002       0.33076149833729607        41.580671041192076        328.88562775371491     
   2.2100000000000000       0.33226495969337466        42.206304268839652        330.57068416686468     
   2.2200000000000002       0.33376842104945331        42.836712634011789        332.25858342241122     
   2.2300000000000000       0.33527188240553191        43.471869909985081        333.94933416573355     
   2.2400000000000002       0.33677534376161056        44.111749524535348        335.64294484550624     
   2.2500000000000000       0.33827880511768915        44.756324582616671        337.33942371584277     
   2.2600000000000002       0.33978226647376775        45.405567887597897        339.03877883651126     
   2.2700000000000000       0.34128572782984640        46.059451963060006        340.74101807524261     
   2.2800000000000002       0.34278918918592505        46.717949073110958        342.44614910807547     
   2.2900000000000000       0.34429265054200364        47.381031243247776        344.15417942181608     
   2.3000000000000003       0.34579611189808224        48.048670279700978        345.86511631449520     
   2.3100000000000001       0.34729957325416083        48.720837789314736        347.57896689796706     
   2.3199999999999998       0.34880303461023948        49.397505197893402        349.29573809846414     
   2.3300000000000001       0.35030649596631813        50.078643769066119        351.01543665932144     
   2.3399999999999999       0.35180995732239667        50.764224621608292        352.73806914161526     
   2.3500000000000001       0.35331341867847532        51.454218747279441        354.46364192699929     
   2.3599999999999999       0.35481688003455392        52.148597027104337        356.19216121841458     
   2.3700000000000001       0.35632034139063262        52.847330248177400        357.92363304302620     
   2.3799999999999999       0.35782380274671116        53.550389118899759        359.65806325298917     
   2.3900000000000001       0.35932726410278981        54.257744284753130        361.39545752847465     
   2.3999999999999999       0.36083072545886841        54.969366342499399        363.13582137848226     
   2.4100000000000001       0.36233418681494706        55.685225854932867        364.87916014394085     
   2.4199999999999999       0.36383764817102565        56.405293364055154        366.62547899855821     
   2.4300000000000002       0.36534110952710430        57.129539404828641        368.37478295198707     
   2.4399999999999999       0.36684457088318290        57.857934517337711        370.12707685069677     
   2.4500000000000002       0.36834803223926155        58.590449259570477        371.88236538119901     
   2.4600000000000000       0.36985149359534009        59.327054218597034        373.64065307093085     
   2.4700000000000002       0.37135495495141879        60.067720022399506        375.40194429152990     
   2.4800000000000000       0.37285841630749739        60.812417350101384        377.16624325971969     
   2.4900000000000002       0.37436187766357604        61.561116942877881        378.93355404062584     
   2.5000000000000000       0.37586533901965458        62.313789613268554        380.70388054865595     
   2.5100000000000002       0.37736880037573323        63.070406255204524        382.47722655084868     
   2.5200000000000000       0.37887226173181188        63.830937852440975        384.25359566773909     
   2.5300000000000002       0.38037572308789053        64.595355487664818        386.03299137657518     
   2.5400000000000000       0.38187918444396907        65.363630350451956        387.81541701295953     
   2.5500000000000003       0.38338264580004772        66.135733744836088        389.60087577248697     
   2.5600000000000001       0.38488610715612631        66.911637097203680        391.38937071396867     
   2.5699999999999998       0.38638956851220491        67.691311962714209        393.18090476025378     
   2.5800000000000001       0.38789302986828356        68.474730032529365        394.97548070162293     
   2.5899999999999999       0.38939649122436215        69.261863139490757        396.77310119657159     
   2.6000000000000001       0.39089995258044080        70.052683264571584        398.57376877504441     
   2.6099999999999999       0.39240341393651934        70.847162542231501        400.37748584001315     
   2.6200000000000001       0.39390687529259805        71.645273265453810        402.18425466903466     
   2.6299999999999999       0.39541033664867664        72.446987891203989        403.99407741747228     
   2.6400000000000001       0.39691379800475529        73.252279044452166        405.80695611918281     
   2.6499999999999999       0.39841725936083383        74.061119523113788        407.62289268989974     
   2.6600000000000001       0.39992072071691248        74.873482301471796        409.44188892786417     
   2.6699999999999999       0.40142418207299113        75.689340534480934        411.26394651702952     
   2.6800000000000002       0.40292764342906978        76.508667561024751        413.08906702851579     
   2.6899999999999999       0.40443110478514832        77.331436906913865        414.91725192203802     
   2.7000000000000002       0.40593456614122697        78.157622288415666        416.74850254908336     
   2.7100000000000000       0.40743802749730557        78.987197614364121        418.58282015340779     
   2.7200000000000002       0.40894148885338427        79.820136989223940        420.42020587419603     
   2.7300000000000000       0.41044495020946281        80.656414715138141        422.26066074740760     
   2.7400000000000002       0.41194841156554146        81.496005293758984        424.10418570709015     
   2.7500000000000000       0.41345187292162006        82.338883428594983        425.95078158832109     
   2.7600000000000002       0.41495533427769876        83.185024026438995        427.80044912848359     
   2.7700000000000000       0.41645879563377730        84.034402198605136        429.65318896851221     
   2.7800000000000002       0.41796225698985595        84.886993262713020        431.50900165578781     
   2.7900000000000000       0.41946571834593455        85.742772743565126        433.36788764534191     
   2.8000000000000003       0.42096917970201320        86.601716373868484        435.22984730102951     
   2.8100000000000001       0.42247264105809174        87.463800095598742        437.09488089856876     
   2.8199999999999998       0.42397610241417039        88.329000059993930        438.96298862571200     
   2.8300000000000001       0.42547956377024904        89.197292628636276        440.83417058526351     
   2.8399999999999999       0.42698302512632763        90.068654373567412        442.70842679615407     
   2.8500000000000001       0.42848648648240623        90.943062077271378        444.58575719447953     
   2.8599999999999999       0.42998994783848482        91.820492733284482        446.46616163628420     
   2.8700000000000001       0.43149340919456353        92.700923545932866        448.34963989855839     
   2.8799999999999999       0.43299687055064212        93.584331929952782        450.23619168019815     
   2.8900000000000001       0.43450033190672072        94.470695510766660        452.12581660474382     
   2.8999999999999999       0.43600379326279931        95.359992123893889        454.01851422129965     
   2.9100000000000001       0.43750725461887802        96.252199814261516        455.91428400541554     
   2.9199999999999999       0.43901071597495661        97.147296836194045        457.81312536177978     
   2.9300000000000002       0.44051417733103521        98.045261652460653        459.71503762485594     
   2.9399999999999999       0.44201763868711380        98.946072933750813        461.62002006072055     
   2.9500000000000002       0.44352110004319245        99.849709557564637        463.52807186764255     
   2.9600000000000000       0.44502456139927110        100.75615060788132        465.43919217870956     
   2.9700000000000002       0.44652802275534970        101.66537537398992        467.35338006257126     
   2.9800000000000000       0.44803148411142829        102.57736334924893        469.27063452414728     
   2.9900000000000002       0.44953494546750694        103.49209423057238        471.19095450720988     
   3.0000000000000000       0.45103840682358554        104.40954791707144        473.11433889505486     
   3.0100000000000002       0.45254186817966413        105.32970450863903        475.04078651112849     
   3.0200000000000000       0.45404532953574278        106.25254430528167        476.97029612157633     
   3.0300000000000002       0.45554879089182143        107.17804780551918        478.90286643561689     
   3.0400000000000000       0.45705225224789997        108.10619570526994        480.83849610719159     
   3.0500000000000003       0.45855571360397862        109.03696889616765        482.77718373528273     
   3.0600000000000001       0.46005917496005722        109.97034846472633        484.71892786640473     
   3.0700000000000003       0.46156263631613592        110.90631569067128        486.66372699510367     
   3.0800000000000001       0.46306609767221446        111.84485204523028        488.61157956441758     
   3.0899999999999999       0.46456955902829306        112.78593919021574        490.56248396833672     
   3.1000000000000001       0.46607302038437171        113.72955897616791        492.51643855200138     
   3.1099999999999999       0.46757648174045030        114.67569344102223        494.47344161323355     
   3.1200000000000001       0.46907994309652895        115.62432480820310        496.43349140268202     
   3.1299999999999999       0.47058340445260755        116.57543548561682        498.39658612623236     
   3.1400000000000001       0.47208686580868620        117.52900806370643        500.36272394511616     
   3.1499999999999999       0.47359032716476479        118.48502531404220        502.33190297737235     
   3.1600000000000001       0.47509378852084339        119.44347018734238        504.30412129790636     
   3.1699999999999999       0.47659724987692204        120.40432581241103        506.27937694085364     
   3.1800000000000002       0.47810071123300069        121.36757549413242        508.25766789959744     
   3.1899999999999999       0.47960417258907928        122.33320271201875        510.23899212817571     
   3.2000000000000002       0.48110763394515788        123.30119111818158        512.22334754124438     
   3.2100000000000000       0.48261109530123647        124.27152453624488        514.21073201640752     
   3.2200000000000002       0.48411455665731518        125.24418695930427        516.20114339414704     
   3.2300000000000000       0.48561801801339377        126.21916254845344        518.19457947917238     
   3.2400000000000002       0.48712147936947237        127.19643563073298        520.19103804029874     
   3.2500000000000000       0.48862494072555096        128.17599069803850        522.19051681274607     
   3.2600000000000002       0.49012840208162967        129.15781240506595        524.19301349798127     
   3.2700000000000000       0.49163186343770826        130.14188556783762        526.19852576501967     
   3.2800000000000002       0.49313532479378686        131.12819516164490        528.20705125021800     
   3.2900000000000000       0.49463878614986545        132.11672631997078        530.21858755954543     
   3.3000000000000003       0.49614224750594410        133.10746433243796        532.23313226834784     
   3.3100000000000001       0.49764570886202275        134.10039464322969        534.25068292234437     
   3.3200000000000003       0.49914917021810135        135.09550284962097        536.27123703861241     
   3.3300000000000001       0.50065263157417994        136.09277469981330        538.29479210529405     
   3.3399999999999999       0.50215609293025854        137.09219609197268        540.32134558382484     
   3.3500000000000001       0.50365955428633724        138.09375307218085        542.35089490860707     
   3.3599999999999999       0.50516301564241572        139.09743183291175        544.38343748794716     
   3.3700000000000001       0.50666647699849443        140.10278373684181        546.41896853264575     
   3.3799999999999999       0.50816993835457303        141.11067151295450        548.45748975999231     
   3.3900000000000001       0.50967339971065173        142.12064041504078        550.49899631674077     
   3.3999999999999999       0.51117686106673021        143.13267720625538        552.54348551333942     
   3.4100000000000001       0.51268032242280892        144.14676878816462        554.59095463734695     
   3.4199999999999999       0.51418378377888752        145.16290219927828        556.64140095430116     
   3.4300000000000002       0.51568724513496611        146.18106461309037        558.69482170724802     
   3.4399999999999999       0.51719070649104470        147.20124333714213        560.75121411891996     
   3.4500000000000002       0.51869416784712341        148.22342581108416        562.81057539124345     
   3.4600000000000000       0.52019762920320201        149.24759960525688        564.87290270616234     
   3.4700000000000002       0.52170109055928060        150.27375241928584        566.93819322646073     
   3.4800000000000000       0.52320455191535920        151.30187208017182        569.00644409520930     
   3.4900000000000002       0.52470801327143790        152.33194654143063        571.07765243793142     
   3.5000000000000000       0.52621147462751650        153.36396388120713        573.15181536202613     
   3.5100000000000002       0.52771493598359509        154.39791230092334        575.22892995755058     
   3.5200000000000000       0.52921839733967369        155.43378012383386        577.30899329771512     
   3.5300000000000002       0.53072185869575228        156.47155579370366        579.39200243965422     
   3.5400000000000000       0.53222532005183099        157.51122787296626        581.47795442378072     
   3.5500000000000003       0.53372878140790958        158.55278504195812        583.56684627593779     
   3.5600000000000001       0.53523224276398818        159.59621609710490        585.65867500673494     
   3.5700000000000003       0.53673570412006677        160.64150994965291        587.75343761228157     
   3.5800000000000001       0.53823916547614536        161.68865562441582        589.85113107491304     
   3.5899999999999999       0.53974262683222396        162.73764225799701        591.95175236247553     
   3.6000000000000001       0.54124608818830267        163.78845909810238        594.05529843047645     
   3.6099999999999999       0.54274954954438126        164.84109550179016        596.16176622134481     
   3.6200000000000001       0.54425301090045985        165.89554093427475        598.27115266513238     
   3.6299999999999999       0.54575647225653845        166.95178496763538        600.38345467990996     
   3.6400000000000001       0.54725993361261716        168.00981727953896        602.49866917215934     
   3.6499999999999999       0.54876339496869575        169.06962765208755        604.61679303745234     
   3.6600000000000001       0.55026685632477434        170.13120597013150        606.73782315964763     
   3.6699999999999999       0.55177031768085294        171.19454222069078        608.86175641302748     
   3.6800000000000002       0.55327377903693165        172.25962649129829        610.98858966148055     
   3.6899999999999999       0.55477724039301013        173.32644896890142        613.11831975915106     
   3.7000000000000002       0.55628070174908884        174.39499993866934        615.25094355078420     
   3.7100000000000000       0.55778416310516743        175.46526978292496        617.38645787237056     
   3.7200000000000002       0.55928762446124602        176.53724897953407        619.52485955026498     
   3.7300000000000000       0.56079108581732462        177.61092810142418        621.66614540333535     
   3.7400000000000002       0.56229454717340333        178.68629781499797        623.81031224206640     
   3.7500000000000000       0.56379800852948192        179.76334887912182        625.95735686917772     
   3.7600000000000002       0.56530146988556063        180.84207214401570        628.10727607993090     
   3.7700000000000000       0.56680493124163911        181.92245855015361        630.26006666243018     
   3.7800000000000002       0.56830839259771782        183.00449912729485        632.41572539822948     
   3.7900000000000000       0.56981185395379641        184.08818499295509        634.57424906137180     
   3.8000000000000003       0.57131531530987500        185.17350735203522        636.73563442054785     
   3.8100000000000001       0.57281877666595360        186.26045749531772        638.89987823812100     
   3.8200000000000003       0.57432223802203219        187.34902679854946        641.06697727071457     
   3.8300000000000001       0.57582569937811079        188.43920672142266        643.23692826947456     
   3.8399999999999999       0.57732916073418949        189.53098880656688        645.40972798033215     
   3.8500000000000001       0.57883262209026809        190.62436467855707        647.58537314426053     
   3.8599999999999999       0.58033608344634668        191.71932604304604        649.76386049784276     
   3.8700000000000001       0.58183954480242539        192.81586468532996        651.94518677223357     
   3.8799999999999999       0.58334300615850398        193.91397247009078        654.12934869532774     
   3.8900000000000001       0.58484646751458258        195.01364133998470        656.31634299070868     
   3.8999999999999999       0.58634992887066117        196.11486331482510        658.50616637820167     
   3.9100000000000001       0.58785339022673977        197.21763049066209        660.69881557409599     
   3.9199999999999999       0.58935685158281836        198.32193503887220        662.89428729136978     
   3.9300000000000002       0.59086031293889696        199.42776920526146        665.09257823990401     
   3.9399999999999999       0.59236377429497566        200.53512530929760        667.29368512702615     
   3.9500000000000002       0.59386723565105437        201.64399574275683        669.49760465639008     
   3.9600000000000000       0.59537069700713297        202.75437296957818        671.70433353017165     
   3.9700000000000002       0.59687415836321156        203.86624952453226        673.91386844794010     
   3.9800000000000000       0.59837761971929015        204.97961801249946        676.12620610718295     
   3.9900000000000002       0.59988108107536875        206.09447110763750        678.34134320349813     
   4.0000000000000000       0.60138454243144734        207.21080155256320        680.55927643077905     
   4.0099999999999998       0.60288800378752594        208.32860215754366        682.78000248140097     
   4.0200000000000005       0.60439146514360464        209.44786579969477        685.00351804639638     
   4.0300000000000002       0.60589492649968335        210.56858542231745        687.22981981597457     
   4.0400000000000000       0.60739838785576183        211.69075403362734        689.45890447832016     
   4.0499999999999998       0.60890184921184043        212.81436470672477        691.69076872182200     
   4.0600000000000005       0.61040531056791913        213.93941057834419        693.92540923386332     
   4.0700000000000003       0.61190877192399773        215.06588484822825        696.16282270132456     
   4.0800000000000001       0.61341223328007632        216.19378077839113        698.40300581074302     
   4.0899999999999999       0.61491569463615492        217.32309169238823        700.64595524846709     
   4.0999999999999996       0.61641915599223351        218.45381097459813        702.89166770080624     
   4.1100000000000003       0.61792261734831222        219.58593206951150        705.14013985417796     
   4.1200000000000001       0.61942607870439070        220.71944848103087        707.39136839525304     
   4.1299999999999999       0.62092954006046930        221.85435377190740        709.64535001145498     
   4.1399999999999997       0.62243300141654800        222.99064156254971        711.90208138967080     
   4.1500000000000004       0.62393646277262671        224.12830553111192        714.16155921852476     
   4.1600000000000001       0.62543992412870530        225.26733941232135        716.42378018708632     
   4.1699999999999999       0.62694338548478390        226.40773699695094        718.68874098535707     
   4.1799999999999997       0.62844684684086249        227.54949213117027        720.95643830439360     
   4.1900000000000004       0.62995030819694120        228.69259871590859        723.22686883643860     
   4.2000000000000002       0.63145376955301968        229.83705070622256        725.50002927503328     
   4.2100000000000000       0.63295723090909828        230.98284211067531        727.77591631514417     
   4.2199999999999998       0.63446069226517687        232.12996699072283        730.05452665327505     
   4.2300000000000004       0.63596415362125569        233.27841946010739        732.33585698758247     
   4.2400000000000002       0.63746761497733428        234.42819368438967        734.61990401835396     
   4.2500000000000000       0.63897107633341288        235.57928387983853        736.90666444664009     
   4.2599999999999998       0.64047453768949147        236.73168431362845        739.19613497657849     
   4.2700000000000005       0.64197799904557018        237.88538930274717        741.48831231401959     
   4.2800000000000002       0.64348146040164866        239.04039321355441        743.78319316699628     
   4.2900000000000000       0.64498492175772726        240.19669046122542        746.08077424582461     
   4.2999999999999998       0.64648838311380585        241.35427550919721        748.38105226320181     
   4.3100000000000005       0.64799184446988456        242.51314286862262        750.68402393429665     
   4.3200000000000003       0.64949530582596315        243.67328709783416        752.98968597684882     
   4.3300000000000001       0.65099876718204186        244.83470280181015        755.29803511125374     
   4.3399999999999999       0.65250222853812045        245.99738463165428        757.60906806065611     
   4.3500000000000005       0.65400568989419916        247.16132728407425        759.92278155103190     
   4.3600000000000003       0.65550915125027764        248.32652550100923        762.23917231166320     
   4.3700000000000001       0.65701261260635624        249.49297406858540        764.55823707367517     
   4.3799999999999999       0.65851607396243483        250.66066781742651        766.87997257243012     
   4.3899999999999997       0.66001953531851343        251.82960162162550        769.20437554606804     
   4.4000000000000004       0.66152299667459213        252.99977039839453        771.53144273596592     
   4.4100000000000001       0.66302645803067073        254.17116910758466        773.86117088681192     
   4.4199999999999999       0.66452991938674932        255.34379275121711        776.19355674668316     
   4.4299999999999997       0.66603338074282781        256.51763637301502        778.52859706711456     
   4.4400000000000004       0.66753684209890662        257.69269505794455        780.86628860317012     
   4.4500000000000002       0.66904030345498522        258.86896393176045        783.20662811351110     
   4.4600000000000000       0.67054376481106381        260.04643816055841        785.54961236046086     
   4.4699999999999998       0.67204722616714241        261.22511295033269        787.89523811007518     
   4.4800000000000004       0.67355068752322111        262.40498354653960        790.24350213220009     
   4.4900000000000002       0.67505414887929971        263.58604523380632        792.59440120094087     
   4.5000000000000000       0.67655761023537830        264.76829333494652        794.94793209310978     
   4.5099999999999998       0.67806107159145679        265.95172321137926        797.30409159070325     
   4.5200000000000005       0.67956453294753549        267.13633026215462        799.66287647934632     
   4.5300000000000002       0.68106799430361420        268.32210992368528        802.02428354875315     
   4.5400000000000000       0.68257145565969279        269.50905766934136        804.38830959278278     
   4.5499999999999998       0.68407491701577139        270.69716900905382        806.75495140949056     
   4.5600000000000005       0.68557837837185009        271.88643948891786        809.12420580118157     
   4.5700000000000003       0.68708183972792869        273.07686469080681        811.49606957446247     
   4.5800000000000001       0.68858530108400728        274.26844023198709        813.87053954028977     
   4.5899999999999999       0.69008876244008577        275.46116176473856        816.24761251401583     
   4.6000000000000005       0.69159222379616447        276.65502497598334        818.62728531544110     
   4.6100000000000003       0.69309568515224307        277.85002558691411        821.00955476885736     
   4.6200000000000001       0.69459914650832166        279.04615935263053        823.39441770309190     
   4.6299999999999999       0.69610260786440037        280.24342206177852        825.78187095154988     
   4.6399999999999997       0.69760606922047896        281.44180953634185        828.17191135268411     
   4.6500000000000004       0.69910953057655767        282.64131763070770        830.56453574834154     
   4.6600000000000001       0.70061299193263626        283.84194223219373        832.95974098633712     
   4.6699999999999999       0.70211645328871475        285.04367926012492        835.35752391881044     
   4.6799999999999997       0.70361991464479334        286.24652466563884        837.75788140267741     
   4.6900000000000004       0.70512337600087205        287.45047443135610        840.16081029967381     
   4.7000000000000002       0.70662683735695064        288.65552457104633        842.56630747638644     
   4.7100000000000000       0.70813029871302924        289.86167112930610        844.97436980429143     
   4.7199999999999998       0.70963376006910783        291.06891018123645        847.38499415978595     
   4.7300000000000004       0.71113722142518665        292.27723783212690        849.79817742422290     
   4.7400000000000002       0.71264068278126524        293.48665021714135        852.21391648394365     
   4.7500000000000000       0.71414414413734373        294.69714350100736        854.63220823030281     
   4.7599999999999998       0.71564760549342232        295.90871387771477        857.05304955970973     
   4.7700000000000005       0.71715106684950103        297.12135757020837        859.47643737364524     
   4.7800000000000002       0.71865452820557962        298.33507083009579        861.90236857870013     
   4.7900000000000000       0.72015798956165822        299.54984993734934        864.33084008659785     
   4.7999999999999998       0.72166145091773681        300.76569120001648        866.76184881422080     
   4.8100000000000005       0.72316491227381552        301.98259095393303        869.19539168363860     
   4.8200000000000003       0.72466837362989411        303.20054556259277        871.63146562257907     
   4.8300000000000001       0.72617183498597260        304.41955141625556        874.07006756266571     
   4.8399999999999999       0.72767529634205130        305.63960493258793        876.51119444212043     
   4.8500000000000005       0.72917875769813001        306.86070255577852        878.95484320400078     
   4.8600000000000003       0.73068221905420860        308.08284075642172        881.40101079666761     
   4.8700000000000001       0.73218568041028720        309.30601603124887        883.84969417380682     
   4.8799999999999999       0.73368914176636579        310.53022490287026        886.30089029445310     
   4.8899999999999997       0.73519260312244439        311.75546391950775        888.75459612300153     
   4.9000000000000004       0.73669606447852309        312.98172965474379        891.21080862923600     
   4.9100000000000001       0.73819952583460158        314.20901870726516        893.66952478834276     
   4.9199999999999999       0.73970298719068017        315.43732770061172        896.13074158092763     
   4.9299999999999997       0.74120644854675877        316.66665328293141        898.59445599303706     
   4.9400000000000004       0.74270990990283758        317.89699212673253        901.06066501617181     
   4.9500000000000002       0.74421337125891618        319.12834092864284        903.52936564730169     
   4.9600000000000000       0.74571683261499477        320.36069640917214        906.00055488888302     
   4.9699999999999998       0.74722029397107337        321.59405531247518        908.47422974887468     
   4.9800000000000004       0.74872375532715207        322.82841440611816        910.95038724074868     
   4.9900000000000002       0.75022721668323056        324.06377048084948        913.42902438350620     
   5.0000000000000000       0.75173067803930915        325.30012035037112        915.91013820168882     
   5.0099999999999998       0.75323413939538775        326.53746085111499        918.39372572539378     
   5.0200000000000005       0.75473760075146645        327.77578884201955        920.87978399028179     
   5.0300000000000002       0.75624106210754516        329.01510120447148        923.36831003806617     
   5.0400000000000000       0.75774452346362375        330.25539484144650        925.85930091462569     
   5.0499999999999998       0.75924798481970235        331.49666667825807        928.35275367285806     
   5.0600000000000005       0.76075144617578105        332.73891366170267        930.84866537079449     
   5.0700000000000003       0.76225490753185954        333.98213276001343        933.34703307208633     
   5.0800000000000001       0.76375836888793813        335.22632096265090        935.84785384600684     
   5.0899999999999999       0.76526183024401673        336.47147528009924        938.35112476746690     
   5.1000000000000005       0.76676529160009543        337.71759274366582        940.85684291701909     
   5.1100000000000003       0.76826875295617403        338.96467040527779        943.36500538086284     
   5.1200000000000001       0.76977221431225262        340.21270533728938        945.87560925085700     
   5.1299999999999999       0.77127567566833133        341.46169463228279        948.38865162452191     
   5.1399999999999997       0.77277913702440981        342.71163540288018        950.90412960504932     
   5.1500000000000004       0.77428259838048852        343.96252478154696        953.42204030130165     
   5.1600000000000001       0.77578605973656711        345.21435992040955        955.94238082782636     
   5.1699999999999999       0.77728952109264571        346.46713799106510        958.46514830485228     
   5.1799999999999997       0.77879298244872430        347.72085618440082        960.99033985830033     
   5.1900000000000004       0.78029644380480301        348.97551171040863        963.51795261978270     
   5.2000000000000002       0.78179990516088160        350.23110179800864        966.04798372660991     
   5.2100000000000000       0.78330336651696020        351.48762369486923        968.58043032179239     
   5.2199999999999998       0.78480682787303868        352.74507466723452        971.11528955404754     
   5.2300000000000004       0.78631028922911750        354.00345199974635        973.65255857779334     
   5.2400000000000002       0.78781375058519609        355.26275299527651        976.19223455316092     
   5.2500000000000000       0.78931721194127469        356.52297497475530        978.73431464599003     
   5.2599999999999998       0.79082067329735328        357.78411527700445        981.27879602783196     
   5.2700000000000005       0.79232413465343199        359.04617125857158        983.82567587595315     
   5.2800000000000002       0.79382759600951058        360.30914029373554        986.37495137383996     
   5.2900000000000000       0.79533105736558918        361.57301977366313        988.92661970916981     
   5.2999999999999998       0.79683451872166766        362.83780710727302        991.48067807686107     
   5.3100000000000005       0.79833798007774637        364.10349972039364        994.03712367703679     
   5.3200000000000003       0.79984144143382496        365.37009505577919        996.59595371553803     
   5.3300000000000001       0.80134490278990367        366.63759057295164        999.15716540391566     
   5.3399999999999999       0.80284836414598226        367.90598374805086        1001.7207559594395     
   5.3500000000000005       0.80435182550206097        369.17527207368119        1004.2867226050860     
   5.3600000000000003       0.80585528685813956        370.44545305876306        1006.8550625695470     
   5.3700000000000001       0.80735874821421816        371.71652422838366        1009.4257730872203     
   5.3799999999999999       0.80886220957029664        372.98848312365243        1011.9988513982127     
   5.3899999999999997       0.81036567092637524        374.26132730155473        1014.5742947483358     
   5.4000000000000004       0.81186913228245394        375.53505433480916        1017.1521003891038     
   5.4100000000000001       0.81337259363853254        376.80966181172670        1019.7322655777291     
   5.4199999999999999       0.81487605499461113        378.08514733606961        1022.3147875771231     
   5.4299999999999997       0.81637951635068984        379.36150852691594        1024.8996636558932     
   5.4400000000000004       0.81788297770676854        380.63874301851774        1027.4868910883301     
   5.4500000000000002       0.81938643906284714        381.91684846016949        1030.0764671544187     
   5.4600000000000000       0.82088990041892562        383.19582251607432        1032.6683891398222     
   5.4699999999999998       0.82239336177500422        384.47566286520828        1035.2626543358836     
   5.4800000000000004       0.82389682313108292        385.75636720119496        1037.8592600396239     
   5.4900000000000002       0.82540028448716152        387.03793323216894        1040.4582035537271     
   5.5000000000000000       0.82690374584324011        388.32035868065429        1043.0594821865509     
   5.5099999999999998       0.82840720719931871        389.60364128343411        1045.6630932521070     
   5.5200000000000005       0.82991066855539752        390.88777879142572        1048.2690340700665     
   5.5300000000000002       0.83141412991147612        392.17276896955855        1050.8773019657494     
   5.5400000000000000       0.83291759126755460        393.45860959664810        1053.4878942701193     
   5.5499999999999998       0.83442105262363320        394.74529846527912        1056.1008083197814     
   5.5600000000000005       0.83592451397971190        396.03283338168131        1058.7160414569730     
   5.5700000000000003       0.83742797533579050        397.32121216561450        1061.3335910295602     
   5.5800000000000001       0.83893143669186909        398.61043265024688        1063.9534543910263     
   5.5899999999999999       0.84043489804794769        399.90049268204353        1066.5756289004748     
   5.6000000000000005       0.84193835940402639        401.19139012064795        1069.2001119226129     
   5.6100000000000003       0.84344182076010499        402.48312283877107        1071.8269008277537     
   5.6200000000000001       0.84494528211618347        403.77568872226186        1074.4559929923580     
   5.6299999999999999       0.84644874347226218        405.06908566925688        1077.0873857968124     
   5.6399999999999997       0.84795220482834077        406.36331159118123        1079.7210766287474     
   5.6500000000000004       0.84945566618441948        407.65836441189549        1082.3570628808097     
   5.6600000000000001       0.85095912754049807        408.95424206777921        1084.9953419512187     
   5.6699999999999999       0.85246258889657667        410.25094250762027        1087.6359112437474     
   5.6799999999999997       0.85396605025265526        411.54846369250970        1090.2787681677232     
   5.6900000000000004       0.85546951160873386        412.84680359573906        1092.9239101380176     
   5.7000000000000002       0.85697297296481245        414.14596020269397        1095.5713345750326     
   5.7100000000000000       0.85847643432089105        415.44593151075702        1098.2210389047050     
   5.7199999999999998       0.85997989567696964        416.74671552920222        1100.8730205584884     
   5.7300000000000004       0.86148335703304846        418.04831027909631        1103.5272769733458     
   5.7400000000000002       0.86298681838912705        419.35071379320033        1106.1838055917458     
   5.7500000000000000       0.86449027974520565        420.65392411587038        1108.8426038616485     
   5.7599999999999998       0.86599374110128424        421.95793930296310        1111.5036692365027     
   5.7700000000000005       0.86749720245736284        423.26275742173732        1114.1669991752335     
   5.7800000000000002       0.86900066381344143        424.56837655076009        1116.8325911422342     
   5.7900000000000000       0.87050412516952003        425.87479477981219        1119.5004426073572     
   5.7999999999999998       0.87200758652559862        427.18201020979637        1122.1705510459039     
   5.8100000000000005       0.87351104788167733        428.49002095264564        1124.8429139386240     
   5.8200000000000003       0.87501450923775603        429.79882513122885        1127.5175287716893     
   5.8300000000000001       0.87651797059383463        431.10842087926335        1130.1943930366995     
   5.8399999999999999       0.87802143194991322        432.41880634122725        1132.8735042306705     
   5.8500000000000005       0.87952489330599182        433.72997967226667        1135.5548598560167     
   5.8600000000000003       0.88102835466207041        435.04193903811228        1138.2384574205494     
   5.8700000000000001       0.88253181601814901        436.35468261499170        1140.9242944374660     
   5.8799999999999999       0.88403527737422760        437.66820858954196        1143.6123684253366     
   5.8899999999999997       0.88553873873030620        438.98251515872784        1146.3026769080986     
   5.9000000000000004       0.88704220008638490        440.29760052975593        1148.9952174150430     
   5.9100000000000001       0.88854566144246350        441.61346291999160        1151.6899874808064     
   5.9199999999999999       0.89004912279854220        442.93010055687859        1154.3869846453631     
   5.9299999999999997       0.89155258415462069        444.24751167785439        1157.0862064540081     
   5.9400000000000004       0.89305604551069939        445.56569453027470        1159.7876504573578     
   5.9500000000000002       0.89455950686677799        446.88464737132824        1162.4913142113285     
   5.9600000000000000       0.89606296822285658        448.20436846796088        1165.1971952771326     
   5.9699999999999998       0.89756642957893518        449.52485609679735        1167.9052912212678     
   5.9800000000000004       0.89906989093501388        450.84610854406270        1170.6155996155046     
   5.9900000000000002       0.90057335229109248        452.16812410550699        1173.3281180368765     
   6.0000000000000000       0.90207681364717107        453.49090108632919        1176.0428440676712     
   6.0099999999999998       0.90358027500324956        454.81443780110050        1178.7597752954182     
   6.0200000000000005       0.90508373635932826        456.13873257369323        1181.4789093128788     
   6.0300000000000002       0.90658719771540697        457.46378373720279        1184.2002437180324     
   6.0400000000000000       0.90809065907148556        458.78958963387998        1186.9237761140737     
   6.0499999999999998       0.90959412042756416        460.11614861505467        1189.6495041093931     
   6.0600000000000005       0.91109758178364286        461.44345904106694        1192.3774253175711     
   6.0700000000000003       0.91260104313972146        462.77151928119366        1195.1075373573644     
   6.0800000000000001       0.91410450449579994        464.10032771358095        1197.8398378526972     
   6.0899999999999999       0.91560796585187854        465.42988272517596        1200.5743244326518     
   6.1000000000000005       0.91711142720795724        466.76018271185768        1203.3109947320711     
   6.1100000000000003       0.91861488856403584        468.09122607755563        1206.0498463890751     
   6.1200000000000001       0.92011834992011443        469.42301123540727        1208.7908770487638     
   6.1299999999999999       0.92162181127619314        470.75553660687513        1211.5340843607307     
   6.1400000000000006       0.92312527263227184        472.08880062188274        1214.2794659796696     
   6.1500000000000004       0.92462873398835044        473.42280171875132        1217.0270195653618     
   6.1600000000000001       0.92613219534442892        474.75753834413393        1219.7767427826659     
   6.1699999999999999       0.92763565670050752        476.09300895295269        1222.5286333015106     
   6.1799999999999997       0.92913911805658611        477.42921200833263        1225.2826887968772     
   6.1900000000000004       0.93064257941266482        478.76614598154219        1228.0389069487924     
   6.2000000000000002       0.93214604076874341        480.10380935192836        1230.7972854423135     
   6.2100000000000000       0.93364950212482201        481.44220060685552        1233.5578219675212     
   6.2199999999999998       0.93515296348090060        482.78131824164649        1236.3205142195068     
   6.2300000000000004       0.93665642483697942        484.12116075951718        1239.0853598983565     
   6.2400000000000002       0.93815988619305790        485.46172667152183        1241.8523567091461     
   6.2500000000000000       0.93966334754913650        486.80301449649136        1244.6215023619284     
   6.2599999999999998       0.94116680890521509        488.14502276097414        1247.3927945717166     
   6.2700000000000005       0.94267027026129380        489.48774999917794        1250.1662310584788     
   6.2800000000000002       0.94417373161737239        490.83119475291215        1252.9418095471221     
   6.2900000000000000       0.94567719297345099        492.17535557153269        1255.7195277674862     
   6.2999999999999998       0.94718065432952958        493.52023101188297        1258.4993834543259     
   6.3100000000000005       0.94868411568560829        494.86581963823818        1261.2813743473041     
   6.3200000000000003       0.95018757704168677        496.21212002225053        1264.0654981909763     
   6.3300000000000001       0.95169103839776548        497.55913074289367        1266.8517527347847     
   6.3399999999999999       0.95319449975384407        498.90685038640817        1269.6401357330378     
   6.3500000000000005       0.95469796110992278        500.25527754624858        1272.4306449449098     
   6.3600000000000003       0.95620142246600137        501.60441082302719        1275.2232781344178     
   6.3700000000000001       0.95770488382207997        502.95424882446588        1278.0180330704179     
   6.3799999999999999       0.95920834517815856        504.30479016533747        1280.8149075265919     
   6.3900000000000006       0.96071180653423727        505.65603346741977        1283.6138992814340     
   6.4000000000000004       0.96221526789031575        507.00797735943763        1286.4150061182370     
   6.4100000000000001       0.96371872924639435        508.36062047701944        1289.2182258250898     
   6.4199999999999999       0.96522219060247294        509.71396146263976        1292.0235561948532     
   6.4299999999999997       0.96672565195855165        511.06799896557288        1294.8309950251576     
   6.4400000000000004       0.96822911331463035        512.42273164184235        1297.6405401183879     
   6.4500000000000002       0.96973257467070895        513.77815815417068        1300.4521892816697     
   6.4600000000000000       0.97123603602678754        515.13427717193372        1303.2659403268644     
   6.4699999999999998       0.97273949738286603        516.49108737110816        1306.0817910705478     
   6.4800000000000004       0.97424295873894473        517.84858743422717        1308.8997393340085     
   6.4900000000000002       0.97574642009502333        519.20677605033052        1311.7197829432259     
   6.5000000000000000       0.97724988145110192        520.56565191491973        1314.5419197288695     
   6.5099999999999998       0.97875334280718052        521.92521372990859        1317.3661475262743     
   6.5200000000000005       0.98025680416325933        523.28546020358135        1320.1924641754447     
   6.5300000000000002       0.98176026551933793        524.64639005054300        1323.0208675210267     
   6.5400000000000000       0.98326372687541652        526.00800199167509        1325.8513554123090     
   6.5499999999999998       0.98476718823149501        527.37029475409315        1328.6839257032032     
   6.5600000000000005       0.98627064958757371        528.73326707109914        1331.5185762522381     
   6.5700000000000003       0.98777411094365231        530.09691768213736        1334.3553049225402     
   6.5800000000000001       0.98927757229973090        531.46124533275383        1337.1941095818304     
   6.5899999999999999       0.99078103365580950        532.82624877455032        1340.0349881024074     
   6.6000000000000005       0.99228449501188820        534.19192676514251        1342.8779383611370     
   6.6100000000000003       0.99378795636796680        535.55827806811669        1345.7229582394416     
   6.6200000000000001       0.99529141772404550        536.92530145298826        1348.5700456232855     
   6.6299999999999999       0.99679487908012399        538.29299569515968        1351.4191984031665     
   6.6400000000000006       0.99829834043620269        539.66135957587960        1354.2704144741042     
   6.6500000000000004       0.99980180179228129        541.03039188220180        1357.1236917356257     
   6.6600000000000001        1.0013052631483599        542.40009140694235        1359.9790280917532     
   6.6699999999999999        1.0028087245044386        543.77045694864364        1362.8364214510000     
   6.6799999999999997        1.0043121858605171        545.14148731153034        1365.6958697263501     
   6.6900000000000004        1.0058156472165958        546.51318130547099        1368.5573708352485     
   6.7000000000000002        1.0073191085726745        547.88553774594004        1371.4209226995927     
   6.7100000000000000        1.0088225699287530        549.25855545397803        1374.2865232457198     
   6.7199999999999998        1.0103260312848314        550.63223325615149        1377.1541704043927     
   6.7300000000000004        1.0118294926409102        552.00656998452041        1380.0238621107953     
   6.7400000000000002        1.0133329539969889        553.38156447659105        1382.8955963045091     
   6.7500000000000000        1.0148364153530673        554.75721557528630        1385.7693709295131     
   6.7599999999999998        1.0163398767091461        556.13352212890572        1388.6451839341653     
   6.7700000000000005        1.0178433380652248        557.51048299108788        1391.5230332711953     
   6.7800000000000002        1.0193467994213035        558.88809702077469        1394.4029168976892     
   6.7900000000000000        1.0208502607773819        560.26636308217587        1397.2848327750837     
   6.7999999999999998        1.0223537221334604        561.64528004473118        1400.1687788691474     
   6.8100000000000005        1.0238571834895391        563.02484678307542        1403.0547531499735     
   6.8200000000000003        1.0253606448456178        564.40506217700408        1405.9427535919669     
   6.8300000000000001        1.0268641062016963        565.78592511143643        1408.8327781738353     
   6.8399999999999999        1.0283675675577750        567.16743447638464        1411.7248248785766     
   6.8500000000000005        1.0298710289138537        568.54958916691476        1414.6188916934657     
   6.8600000000000003        1.0313744902699322        569.93238808311321        1417.5149766100419     
   6.8700000000000001        1.0328779516260107        571.31583013005661        1420.4130776241036     
   6.8799999999999999        1.0343814129820894        572.69991421777468        1423.3131927356924     
   6.8900000000000006        1.0358848743381681        574.08463926121954        1426.2153199490836     
   6.9000000000000004        1.0373883356942468        575.47000418022935        1429.1194572727707     
   6.9100000000000001        1.0388917970503253        576.85600789949899        1432.0256027194609     
   6.9199999999999999        1.0403952584064040        578.24264934854568        1434.9337543060587     
   6.9299999999999997        1.0418987197624825        579.62992746167720        1437.8439100536546     
   6.9400000000000004        1.0434021811185612        581.01784117796251        1440.7560679875226     
   6.9500000000000002        1.0449056424746397        582.40638944119371        1443.6702261370897     
   6.9600000000000000        1.0464091038307184        583.79557119986225        1446.5863825359490     
   6.9699999999999998        1.0479125651867969        585.18538540712302        1449.5045352218281     
   6.9800000000000004        1.0494160265428758        586.57583102076626        1452.4246822365922     
   6.9900000000000002        1.0509194878989543        587.96690700318345        1455.3468216262211     
   7.0000000000000000        1.0524229492550330        589.35861232158709        1458.2709514415583     
   7.0099999999999998        1.0539264106111115        590.75094594699590        1461.1970697352967     
   7.0200000000000005        1.0554298719671902        592.14390685567810        1464.1251745664622     
   7.0300000000000002        1.0569333333232687        593.53749402813924        1467.0552639974082     
   7.0400000000000000        1.0584367946793474        594.93170644934071        1469.9873360945533     
   7.0499999999999998        1.0599402560354259        596.32654310866928        1472.9213889283706     
   7.0600000000000005        1.0614437173915046        597.72200299990789        1475.8574205733757     
   7.0700000000000003        1.0629471787475833        599.11808512120854        1478.7954291081192     
   7.0800000000000001        1.0644506401036620        600.51478847506121        1481.7354126151656     
   7.0899999999999999        1.0659541014597405        601.91211206826995        1484.6773691810988     
   7.1000000000000005        1.0674575628158192        603.31005491192047        1487.6212968964949     
   7.1100000000000003        1.0689610241718976        604.70861602135597        1490.5671938559228     
   7.1200000000000001        1.0704644855279764        606.10779441614693        1493.5150581579244     
   7.1299999999999999        1.0719679468840548        607.50758912006813        1496.4648879050148     
   7.1400000000000006        1.0734714082401335        608.90799916106619        1499.4166812036597     
   7.1500000000000004        1.0749748695962122        610.30902357123591        1502.3704361642704     
   7.1600000000000001        1.0764783309522907        611.71066138679407        1505.3261509011929     
   7.1699999999999999        1.0779817923083694        613.11291164805323        1508.2838235326997     
   7.1799999999999997        1.0794852536644479        614.51577339939377        1511.2434521809735     
   7.1900000000000004        1.0809887150205266        615.91924568923946        1514.2050349721001     
   7.2000000000000002        1.0824921763766053        617.32332757002996        1517.1685700360536     
   7.2100000000000000        1.0839956377326838        618.72801809819930        1520.1340555066934     
   7.2199999999999998        1.0854990990887625        620.13331633414634        1523.1014895217472     
   7.2300000000000004        1.0870025604448412        621.53922134221159        1526.0708702228010     
   7.2400000000000002        1.0885060218009197        622.94573219065353        1529.0421957552931     
   7.2500000000000000        1.0900094831569984        624.35284795162102        1532.0154642684959     
   7.2599999999999998        1.0915129445130769        625.76056770113144        1534.9906739155126     
   7.2700000000000005        1.0930164058691556        627.16889051904502        1537.9678228532634     
   7.2800000000000002        1.0945198672252343        628.57781548904234        1540.9469092424761     
   7.2900000000000000        1.0960233285813128        629.98734169859665        1543.9279312476708     
   7.2999999999999998        1.0975267899373915        631.39746823895734        1546.9108870371613     
   7.3100000000000005        1.0990302512934700        632.80819420511682        1549.8957747830284     
   7.3200000000000003        1.1005337126495487        634.21951869579698        1552.8825926611255     
   7.3300000000000001        1.1020371740056272        635.63144081341807        1555.8713388510548     
   7.3399999999999999        1.1035406353617059        637.04395966408083        1558.8620115361671     
   7.3500000000000005        1.1050440967177846        638.45707435754252        1561.8546089035465     
   7.3600000000000003        1.1065475580738633        639.87078400719145        1564.8491291439980     
   7.3700000000000001        1.1080510194299420        641.28508773003023        1567.8455704520459     
   7.3799999999999999        1.1095544807860203        642.69998464664729        1570.8439310259118     
   7.3900000000000006        1.1110579421420992        644.11547388120084        1573.8442090675173     
   7.4000000000000004        1.1125614034981777        645.53155456139234        1576.8464027824605     
   7.4100000000000001        1.1140648648542564        646.94822581844585        1579.8505103800153     
   7.4199999999999999        1.1155683262103349        648.36548678708755        1582.8565300731182     
   7.4299999999999997        1.1170717875664136        649.78333660552607        1585.8644600783603     
   7.4400000000000004        1.1185752489224920        651.20177441542671        1588.8742986159709     
   7.4500000000000002        1.1200787102785708        652.62079936189366        1591.8860439098164     
   7.4600000000000000        1.1215821716346492        654.04041059344797        1594.8996941873802     
   7.4699999999999998        1.1230856329907279        655.46060726200801        1597.9152476797644     
   7.4800000000000004        1.1245890943468067        656.88138852286852        1600.9327026216704     
   7.4900000000000002        1.1260925557028851        658.30275353467778        1603.9520572513907     
   7.5000000000000000        1.1275960170589638        659.72470145942157        1606.9733098108024     
   7.5099999999999998        1.1290994784150423        661.14723146240090        1609.9964585453581     
   7.5200000000000005        1.1306029397711213        662.57034271221039        1613.0215017040659     
   7.5300000000000002        1.1321064011271997        663.99403438072170        1616.0484375394947     
   7.5400000000000000        1.1336098624832782        665.41830564306179        1619.0772643077494     
   7.5499999999999998        1.1351133238393567        666.84315567759552        1622.1079802684756     
   7.5600000000000005        1.1366167851954356        668.26858366590477        1625.1405836848387     
   7.5700000000000003        1.1381202465515143        669.69458879276704        1628.1750728235158     
   7.5800000000000001        1.1396237079075928        671.12117024614111        1631.2114459546908     
   7.5899999999999999        1.1411271692636715        672.54832721714638        1634.2497013520442     
   7.6000000000000005        1.1426306306197500        673.97605890004229        1637.2898372927366     
   7.6100000000000003        1.1441340919758287        675.40436449221170        1640.3318520574057     
   7.6200000000000001        1.1456375533319072        676.83324319414260        1643.3757439301573     
   7.6299999999999999        1.1471410146879859        678.26269420940844        1646.4215111985507     
   7.6400000000000006        1.1486444760440644        679.69271674465006        1649.4691521535915     
   7.6500000000000004        1.1501479374001431        681.12331000955976        1652.5186650897224     
   7.6600000000000001        1.1516513987562216        682.55447321685961        1655.5700483048131     
   7.6699999999999999        1.1531548601123003        683.98620558229049        1658.6233001001560     
   7.6799999999999997        1.1546583214683790        685.41850632458318        1661.6784187804419     
   7.6900000000000004        1.1561617828244575        686.85137466545370        1664.7354026537707     
   7.7000000000000002        1.1576652441805362        688.28480982957763        1667.7942500316278     
   7.7100000000000000        1.1591687055366147        689.71881104457407        1670.8549592288778     
   7.7199999999999998        1.1606721668926934        691.15337754099073        1673.9175285637571     
   7.7300000000000004        1.1621756282487721        692.58850855228638        1676.9819563578649     
   7.7400000000000002        1.1636790896048508        694.02420331481233        1680.0482409361516     
   7.7500000000000000        1.1651825509609293        695.46046106779738        1683.1163806269089     
   7.7599999999999998        1.1666860123170080        696.89728105333018        1686.1863737617664     
   7.7700000000000005        1.1681894736730867        698.33466251634525        1689.2582186756767     
   7.7800000000000002        1.1696929350291652        699.77260470460180        1692.3319137069061     
   7.7900000000000000        1.1711963963852439        701.21110686867257        1695.4074571970286     
   7.7999999999999998        1.1726998577413223        702.65016826192402        1698.4848474909143     
   7.8100000000000005        1.1742033190974011        704.08978814050226        1701.5640829367223     
   7.8200000000000003        1.1757067804534795        705.52996576331759        1704.6451618858910     
   7.8300000000000001        1.1772102418095582        706.97070039202686        1707.7280826931276     
   7.8399999999999999        1.1787137031656367        708.41199129101824        1710.8128437163991     
   7.8500000000000005        1.1802171645217154        709.85383772739851        1713.8994433169271     
   7.8600000000000003        1.1817206258777939        711.29623897097406        1716.9878798591740     
   7.8700000000000001        1.1832240872338726        712.73919429423722        1720.0781517108389     
   7.8799999999999999        1.1847275485899513        714.18270297234949        1723.1702572428401     
   7.8900000000000006        1.1862310099460300        715.62676428313068        1726.2641948293185     
   7.9000000000000004        1.1877344713021087        717.07137750703816        1729.3599628476175     
   7.9100000000000001        1.1892379326581872        718.51654192715750        1732.4575596782822     
   7.9199999999999999        1.1907413940142659        719.96225682918157        1735.5569837050423     
   7.9300000000000006        1.1922448553703444        721.40852150140427        1738.6582333148149     
   7.9400000000000004        1.1937483167264231        722.85533523469724        1741.7613068976857     
   7.9500000000000002        1.1952517780825016        724.30269732250076        1744.8662028469016     
   7.9600000000000000        1.1967552394385803        725.75060706080865        1747.9729195588695     
   7.9699999999999998        1.1982587007946590        727.19906374815184        1751.0814554331334     
   7.9800000000000004        1.1997621621507375        728.64806668558685        1754.1918088723821     
   7.9900000000000002        1.2012656235068162        730.09761517668187        1757.3039782824337     
   8.0000000000000000        1.2027690848628947        731.54770852749925        1760.4179620722173     
   8.0099999999999998        1.2042725462189734        732.99834604658622        1763.5337586537828     
   8.0199999999999996        1.2057760075750519        734.44952704495722        1766.6513664422771     
   8.0299999999999994        1.2072794689311306        735.90125083608530        1769.7707838559461     
   8.0400000000000009        1.2087829302872093        737.35351673588241        1772.8920093161164     
   8.0500000000000007        1.2102863916432880        738.80632406268899        1776.0150412471930     
   8.0600000000000005        1.2117898529993667        740.25967213726256        1779.1398780766517     
   8.0700000000000003        1.2132933143554452        741.71356028276114        1782.2665182350261     
   8.0800000000000001        1.2147967757115237        743.16798782473222        1785.3949601559036     
   8.0899999999999999        1.2163002370676022        744.62295409109981        1788.5252022759166     
   8.0999999999999996        1.2178036984236809        746.07845841214987        1791.6572430347312     
   8.1099999999999994        1.2193071597797593        747.53450012051644        1794.7910808750346     
   8.1200000000000010        1.2208106211358383        748.99107855117393        1797.9267142425417     
   8.1300000000000008        1.2223140824919168        750.44819304141902        1801.0641415859727     
   8.1400000000000006        1.2238175438479955        751.90584293086079        1804.2033613570502     
   8.1500000000000004        1.2253210052040739        753.36402756140888        1807.3443720104926     
   8.1600000000000001        1.2268244665601526        754.82274627725747        1810.4871720039996     
   8.1699999999999999        1.2283279279162314        756.28199842487697        1813.6317597982518     
   8.1799999999999997        1.2298313892723098        757.74178335300019        1816.7781338569002     
   8.1899999999999995        1.2313348506283885        759.20210041260896        1819.9262926465517     
   8.1999999999999993        1.2328383119844670        760.66294895692454        1823.0762346367719     
   8.2100000000000009        1.2343417733405460        762.12432834139315        1826.2279583000666     
   8.2200000000000006        1.2358452346966244        763.58623792367507        1829.3814621118813     
   8.2300000000000004        1.2373486960527031        765.04867706363495        1832.5367445505890     
   8.2400000000000002        1.2388521574087814        766.51164512332446        1835.6938040974828     
   8.2500000000000000        1.2403556187648601        767.97514146697870        1838.8526392367712     
   8.2599999999999998        1.2418590801209386        769.43916546099649        1842.0132484555661     
   8.2699999999999996        1.2433625414770173        770.90371647393374        1845.1756302438748     
   8.2799999999999994        1.2448660028330960        772.36879387649083        1848.3397830945969     
   8.2900000000000009        1.2463694641891747        773.83439704150169        1851.5057055035106     
   8.3000000000000007        1.2478729255452534        775.30052534392075        1854.6733959692669     
   8.3100000000000005        1.2493763869013319        776.76717816081373        1857.8428529933822     
   8.3200000000000003        1.2508798482574106        778.23435487134634        1861.0140750802343     
   8.3300000000000001        1.2523833096134891        779.70205485677354        1864.1870607370483     
   8.3399999999999999        1.2538867709695678        781.17027750042359        1867.3618084738864     
   8.3499999999999996        1.2553902323256463        782.63902218769613        1870.5383168036547     
   8.3599999999999994        1.2568936936817250        784.10828830604498        1873.7165842420793     
   8.3700000000000010        1.2583971550378039        785.57807524496934        1876.8966093077088     
   8.3800000000000008        1.2599006163938824        787.04838239599951        1880.0783905218950     
   8.3900000000000006        1.2614040777499611        788.51920915269500        1883.2619264088057     
   8.4000000000000004        1.2629075391060394        789.99055491062461        1886.4472154953962     
   8.4100000000000001        1.2644110004621181        791.46241906736111        1889.6342563114122     
   8.4199999999999999        1.2659144618181966        792.93480102247054        1892.8230473893809     
   8.4299999999999997        1.2674179231742753        794.40770017749878        1896.0135872646001     
   8.4399999999999995        1.2689213845303537        795.88111593596648        1899.2058744751382     
   8.4499999999999993        1.2704248458864325        797.35504770335422        1902.3999075618183     
   8.4600000000000009        1.2719283072425114        798.82949488709380        1905.5956850682135     
   8.4700000000000006        1.2734317685985899        800.30445689656017        1908.7932055406445     
   8.4800000000000004        1.2749352299546686        801.77993314305729        1911.9924675281611     
   8.4900000000000002        1.2764386913107471        803.25592303981500        1915.1934695825507     
   8.5000000000000000        1.2779421526668258        804.73242600196886        1918.3962102583109     
