         600   1.4838075601873473        11.741000000000000        2.3385482342787096       0.58878493924243558      -0.76866676879192164       -1.1863465107691091     
         599   1.4817557727875361        11.743000000000000        2.3388295248889812       0.58875547030453845      -0.76645503832364459       -1.1858223117069571     
         598   1.4797039853877254        11.744999999999999        2.3391101972984063       0.58872585580918568      -0.76420073450156978       -1.1852971852468397     
         597   1.4776521979879145        11.747000000000000        2.3393911676906289       0.58869632638384906      -0.76200652528033008       -1.1847711038527824     
         596   1.4756004105881035        11.749000000000001        2.3396741905019875       0.58866732340523975      -0.75589701765995632       -1.1842439761603476     
         595   1.4735486231882926        11.752000000000001        2.3399545557785886       0.58858757347457380      -0.75382441772834807       -1.1837159591936559     
         594   1.4714968357884819        11.754000000000000        2.3402322640236815       0.58855726475019599      -0.75546796611216516       -1.1831869570597047     
         592   1.4673932609888598        11.757999999999999        2.3407919451278483       0.58849775039920083      -0.75118550458611710       -1.1821260547019008     
         591   1.4653414735890489        11.760000000000000        2.3410707763302354       0.58846775468880952      -0.74898617306241400       -1.1815940880010209     
         590   1.4632896861892379        11.762000000000000        2.3413504090716715       0.58843797062544978      -0.74687560701765243       -1.1810611004514717     
         589   1.4612378987894272        11.765000000000001        2.3416293982909080       0.58835802155144878      -0.74476590930508979       -1.1805271958598271     
         588   1.4591861113896161        11.766999999999999        2.3419080595340143       0.58832802473757206      -0.74259628382855170       -1.1799923228955209     
         586   1.4550825365899944        11.771000000000001        2.3424648500782554       0.58826792810254680      -0.73817711516880669       -1.1789194479348979     
         584   1.4509789617903726        11.775000000000000        2.3430203865184653       0.58820755745881714      -0.73385556356764514       -1.1778427619126457     
         582   1.4468753869907507        11.779999999999999        2.3435750768383632       0.58809708788327364      -0.72966785560833036       -1.1767617279432045     
         581   1.4448235995909400        11.782000000000000        2.3438521718124758       0.58806678057974571      -0.72747909073896355       -1.1762197598406607     
         579   1.4407200247913179        11.786000000000000        2.3444050702051400       0.58800587289213124      -0.72324620578660614       -1.1751327870542112     
         578   1.4386682373915072        11.789000000000000        2.3446811181888485       0.58792545902537108      -0.72119899924791520       -1.1745877384279813     
         577   1.4366164499916960        11.791000000000000        2.3449566623583893       0.58789481517098419      -0.71907007407346490       -1.1740416707054495     
         576   1.4345646625918853        11.792999999999999        2.3452349428195975       0.58786486759903678      -0.71296990832931961       -1.1734945633171625     
         575   1.4325128751920742        11.795000000000000        2.3455074519407559       0.58783348376394828      -0.71491000620597411       -1.1729464974363479     
         574   1.4304610877922634        11.797000000000001        2.3457824755725483       0.58780274065254901      -0.71277822390970558       -1.1723972466013650     
         573   1.4284093003924525        11.800000000000001        2.3460571819709988       0.58772211730465418      -0.71061270622197559       -1.1718470230964788     
         572   1.4263575129926416        11.802000000000000        2.3463335143894697       0.58769173390517293      -0.70523070090316609       -1.1713127688028904     
         571   1.4243057255928306        11.804000000000000        2.3466055001831752       0.58766027227668405      -0.70640316852361473       -1.1707433176046449     
         570   1.4222539381930199        11.805999999999999        2.3468792479780971       0.58762926249083969      -0.70428185084889827       -1.1701900399636924     
         569   1.4202021507932088        11.808999999999999        2.3471526995784826       0.58754843055351536      -0.70225231532994403       -1.1696354713793466     
         568   1.4181503633933981        11.811000000000000        2.3474257470550794       0.58751727755700989      -0.70013887356904714       -1.1690799465208401     
         566   1.4140467885937762        11.815000000000000        2.3479709857399458       0.58745478896920944      -0.69589527637483983       -1.1679656523145960     
         565   1.4119950011939653        11.817000000000000        2.3482430246347952       0.58742341533784392      -0.69384552988773940       -1.1674069130463625     
         564   1.4099432137941541        11.820000000000000        2.3485147785240019       0.58734228628809970      -0.69173053252612693       -1.1668470845246994     
         563   1.4078914263943434        11.821999999999999        2.3487862283131373       0.58731079765359140      -0.68968238126704462       -1.1662861627930663     
         561   1.4037878515947215        11.826000000000001        2.3493280396951928       0.58724758032656577      -0.68554896263313614       -1.1651610426330934     
         560   1.4017360641949106        11.829000000000001        2.3495983017303264       0.58716618478210114      -0.68362668666967785       -1.1645968537886948     
         559   1.3996842767950999        11.831000000000000        2.3498683580549389       0.58713440170207531      -0.68144706863038140       -1.1640315345639503     
         558   1.3976324893952887        11.833000000000000        2.3501375666854476       0.58710241759821546      -0.67944153889043402       -1.1634651289011695     
         557   1.3955807019954780        11.836000000000000        2.3504072682043442       0.58702096699536632      -0.67725010830670074       -1.1628975925898437     
         556   1.3935289145956669        11.837999999999999        2.3506802238393663       0.58698995123212994      -0.66863856360608254       -1.1623432693595788     
         555   1.3914771271958561        11.840000000000000        2.3509445918044274       0.58695680187654331      -0.67324097584921483       -1.1617592723608570     
         554   1.3894253397960452        11.842000000000001        2.3512126938326525       0.58692459583865542      -0.67122215033168553       -1.1611883860338974     
         552   1.3853217649964233        11.847000000000000        2.3517481224330643       0.58681048628524690      -0.66708819747686177       -1.1600433051310530     
         551   1.3832699775966124        11.849000000000000        2.3520148795244737       0.58677798843702489      -0.66514124874256775       -1.1594689765328565     
         550   1.3812181901968015        11.852000000000000        2.3522815723478487       0.58669597949528907      -0.66297329410818018       -1.1588935781390231     
         549   1.3791664027969905        11.853999999999999        2.3525477169348044       0.58666336193167301      -0.66099762989142197       -1.1583170212745419     
         548   1.3771146153971796        11.856000000000000        2.3528176829530816       0.58663170817607369      -0.65241897120471692       -1.1577393048015145     
         547   1.3750628279973687        11.859000000000000        2.3530787151934627       0.58654837364158152      -0.65702601219024792       -1.1571604721025561     
         546   1.3730110405975580        11.861000000000001        2.3533436361296469       0.58651549525098601      -0.65496685615622152       -1.1565805072864883     
         545   1.3709592531977468        11.863000000000000        2.3536080411922788       0.58648249939875796      -0.65299547125867730       -1.1559993336629486     
         544   1.3689074657979361        11.866000000000000        2.3538747202633190       0.58640065849506073      -0.64710006908838691       -1.1554169773135468     
         543   1.3668556783981252        11.868000000000000        2.3541358415039535       0.58636687796375120      -0.64889351104620507       -1.1548335050886249     
         542   1.3648038909983142        11.869999999999999        2.3543989988518708       0.58633361588298594      -0.64692058670412467       -1.1542488866583989     
         541   1.3627521035985033        11.872999999999999        2.3546618552807441       0.58625090910882049      -0.64486403234837308       -1.1536629372772067     
         540   1.3607003161986924        11.875000000000000        2.3549240223816539       0.58621743405994498      -0.64290836582811350       -1.1530760624701566     
         539   1.3586485287988814        11.877000000000001        2.3551860890184249       0.58618394528038564      -0.64081145841513165       -1.1524877069032500     
         538   1.3565967413990707        11.880000000000001        2.3554473179916626       0.58610092007846837      -0.63888244028135299       -1.1518983771320905     
         537   1.3545449539992596        11.882000000000000        2.3557082690737499       0.58606718746862352      -0.63693863789778427       -1.1513076783379135     
         536   1.3524931665994486        11.884000000000000        2.3559685846714205       0.58603330813973142      -0.63493819185920719       -1.1507159109554055     
         535   1.3504413791996379        11.887000000000000        2.3562286677197526       0.58595008487672817      -0.63297045802947050       -1.1501228843028988     
         534   1.3483895917998268        11.888999999999999        2.3564880445680378       0.58591600608515959      -0.63106571542634460       -1.1495286609944060     
         532   1.3442860170002049        11.894000000000000        2.3570054258964399       0.58579828605656781      -0.62695389625791997       -1.1483365598271702     
         531   1.3422342296003942        11.896000000000001        2.3572635382920257       0.58576393863118692      -0.62498884805598443       -1.1477386485921304     
         530   1.3401824422005832        11.898999999999999        2.3575209960650994       0.58568021501329004      -0.62310144319375682       -1.1471395688977459     
         529   1.3381306548007723        11.901000000000000        2.3577778527456461       0.58564558995505300      -0.62112602960498464       -1.1465392359625182     
         528   1.3360788674009614        11.903000000000000        2.3580344892189529       0.58561092184473795      -0.61915241358625206       -1.1459376067928380     
         527   1.3340270800011507        11.906000000000001        2.3582903114917722       0.58552687993810182      -0.61724066716075054       -1.1453347288044711     
         526   1.3319752926013395        11.907999999999999        2.3585455435987122       0.58549189769848531      -0.61525817539569672       -1.1447307432876215     
         525   1.3299235052015288        11.911000000000000        2.3588029281293710       0.58540830877088657      -0.60953907060577084       -1.1441325973379297     
         524   1.3278717178017176        11.913000000000000        2.3590582880687565       0.58537339283999401      -0.60472235708610234       -1.1435187781409892     
         522   1.3237681430020960        11.917999999999999        2.3595614960960600       0.58525262204834372      -0.60742137199905333       -1.1423018432280010     
         520   1.3196645682024741        11.923000000000000        2.3600665132461764       0.58513240108564879      -0.60346157842974113       -1.1410797980966854     
         519   1.3176127808026632        11.925000000000001        2.3603179146903575       0.58509658529713193      -0.60159449285104527       -1.1404668698433054     
         518   1.3155609934028523        11.928000000000001        2.3605688157691991       0.58501160815517561      -0.59977472928899167       -1.1398526222491872     
         517   1.3135092060030413        11.930000000000000        2.3608192276867421       0.58497558243789483      -0.59780234072705163       -1.1392518726389504     
         516   1.3114574186032306        11.932000000000000        2.3610731664490539       0.58494044255035926      -0.58940601218840272       -1.1386274855067990     
         515   1.3094056312034195        11.935000000000000        2.3613180586026692       0.58485406619890112      -0.59396383805681385       -1.1380021606978141     
         514   1.3073538438036088        11.936999999999999        2.3615662503084605       0.58481753819054882      -0.59199693340639992       -1.1373827105445868     
         513   1.3053020564037976        11.940000000000000        2.3618144600490329       0.58473205025037223      -0.59012654958052102       -1.1367619560912370     
         512   1.3032502690039869        11.942000000000000        2.3620617675932976       0.58469533910888938      -0.58819108866859493       -1.1361398725831653     
         511   1.3011984816041759        11.945000000000000        2.3623081644547570       0.58460946900297994      -0.58618258656366262       -1.1355164773227973     
         510   1.2991466942043650        11.946999999999999        2.3625544520422075       0.58457254137613357      -0.58441898184907015       -1.1348917441210629     
         509   1.2970949068045541        11.949999999999999        2.3627998570247088       0.58448649266563313      -0.58250161579194226       -1.1342656939976314     
         508   1.2950431194047431        11.952000000000000        2.3630446103587635       0.58444922160025781      -0.58049079030301243       -1.1336383288778178     
         507   1.2929913320049322        11.955000000000000        2.3632886300299476       0.58436289728279189      -0.57875300707591415       -1.1330095618504050     
         506   1.2909395446051213        11.957000000000001        2.3635322607044245       0.58432538492613795      -0.57676416488004056       -1.1323794657610489     
         505   1.2888877572053103        11.960000000000001        2.3637749030213353       0.58423878732849444      -0.57484256023638958       -1.1317480411839567     
         504   1.2868359698054994        11.962000000000000        2.3640169820904826       0.58420092796632028      -0.57305564256990138       -1.1311152124716339     
         503   1.2847841824056887        11.965000000000000        2.3642584486742817       0.58411410728498347      -0.57115007135349327       -1.1304810238346821     
         502   1.2827323950058775        11.967000000000001        2.3644989421868505       0.58407589291593498      -0.56919359100460909       -1.1298455063351966     
         501   1.2806806076060668        11.970000000000001        2.3647390211947839       0.58398879716611285      -0.56740160298174447       -1.1292085416141591     
         500   1.2786288202062559        11.972000000000000        2.3649782703266173       0.58395031243365814      -0.56551910460980048       -1.1285702540343827     
         499   1.2765770328064450        11.975000000000000        2.3652170184453922       0.58386295597502813      -0.56361328898642071       -1.1279305373730051     
         497   1.2724734580068231        11.980000000000000        2.3656918248236565       0.58373643247625961      -0.55986674275018278       -1.1266445919903940     
         496   1.2704216706070122        11.981999999999999        2.3659282985706174       0.58369733727233664      -0.55793555229518044       -1.1260030278495563     
         495   1.2683698832072015        11.984999999999999        2.3661638875386810       0.58360933782694246      -0.55617692780906436       -1.1253578059732556     
         494   1.2663180958073903        11.987000000000000        2.3663983076336037       0.58356977369133267      -0.55431762543399243       -1.1247110172245072     
         493   1.2642663084075794        11.990000000000000        2.3666329344387562       0.58348160564395712      -0.55246713196820463       -1.1240628283409706     
         492   1.2622145210077687        11.992000000000001        2.3668662373760250       0.58344180392356004      -0.55061988084844449       -1.1234132600153182     
         491   1.2601627336079575        11.994999999999999        2.3670987978092768       0.58335319539258501      -0.54883041045881609       -1.1227622618473345     
         490   1.2581109462081468        11.997000000000000        2.3673302012202435       0.58331296362191642      -0.54692756972470535       -1.1221097923620829     
         489   1.2560591588083356        12.000000000000000        2.3675613851031234       0.58322408512239288      -0.54512099479562492       -1.1214558852387722     
         488   1.2540073714085249        12.003000000000000        2.3677911135211098       0.58313489260200901      -0.54332220585614810       -1.1208005242153924     
         487   1.2519555840087140        12.005000000000001        2.3680205692588125       0.58309424442080326      -0.54143419202417575       -1.1201436912416605     
         486   1.2499037966089031        12.007999999999999        2.3682494554785345       0.58300491414920952      -0.53959137620312037       -1.1194853966405893     
         484   1.2458002218092814        12.013000000000000        2.3687042017225073       0.58287415908656126      -0.53598948151501036       -1.1181643907614107     
         483   1.2437484344094702        12.016000000000000        2.3689302534548462       0.58278424592056710      -0.53418436560465721       -1.1175016467672685     
         482   1.2416966470096595        12.018000000000001        2.3691554690347720       0.58274265710825124      -0.53229304377678321       -1.1168374371966208     
         481   1.2396448596098484        12.021000000000001        2.3693795763324448       0.58265233600423683      -0.53054509872192701       -1.1161717242532754     
         480   1.2375930722100374        12.023000000000000        2.3696065407265134       0.58261121640839453      -0.52367255854849537       -1.1155044822751301     
         479   1.2355412848102267        12.026000000000000        2.3698253315854716       0.58251965882808265      -0.52688805440290276       -1.1148358166980310     
         477   1.2314377100106049        12.031000000000001        2.3702680882627876       0.58238635516677073      -0.52322632856895790       -1.1134912805962542     
         475   1.2273341352109830        12.036000000000000        2.3707066523589471       0.58225213255001440      -0.51975458894591575       -1.1121456954060973     
         474   1.2252823478111721        12.039000000000000        2.3709248179128970       0.58216060977754513      -0.51792534499819820       -1.1114692892777041     
         473   1.2232305604113611        12.042000000000000        2.3711415977123900       0.58206879243129483      -0.51620779582633591       -1.1107913830057217     
         472   1.2211787730115502        12.044000000000000        2.3713576221527584       0.58202515633553753      -0.51432370567450392       -1.1101119211380459     
         471   1.2191269856117395        12.047000000000001        2.3715730260889902       0.58193307322121779      -0.51259105961693352       -1.1094308561625761     
         468   1.2129716234123067        12.055000000000000        2.3722123467091110       0.58170365929474366      -0.50718187132044468       -1.1073783009840261     
         467   1.2109198360124958        12.057000000000000        2.3724277958218978       0.58165998975982547      -0.49911369963548219       -1.1066909619287220     
         466   1.2088680486126848        12.060000000000000        2.3726337097823609       0.58156577061732107      -0.50373375393279662       -1.1060020088455411     
         465   1.2068162612128737        12.063000000000001        2.3728426831169647       0.58147234804733328      -0.50205366184611866       -1.1053114826936916     
         464   1.2047644738130630        12.066000000000001        2.3730536224997141       0.58137945359943988      -0.49647213558207909       -1.1046192903643768     
         463   1.2027126864132520        12.068000000000000        2.3732581624546265       0.58133320538432709      -0.49856129117214132       -1.1039255353455530     
         462   1.2006608990134411        12.071000000000000        2.3734640158841600       0.58123913849347753      -0.49669712819232631       -1.1032445472625796     
         461   1.1986091116136302        12.074000000000000        2.3736689951053274       0.58114490431555244      -0.49492729174519479       -1.1025330885957310     
         460   1.1965573242138194        12.076000000000001        2.3738730006223001       0.58109859475940417      -0.49316348315726100       -1.1018344221074159     
         459   1.1945055368140083        12.079000000000001        2.3740755147938200       0.58100383122726562      -0.49144780526883103       -1.1011341505002681     
         458   1.1924537494141976        12.082000000000001        2.3742769052561421       0.58090883981998420      -0.48980721525865994       -1.1004321454098220     
         457   1.1904019620143864        12.084000000000000        2.3744778470458203       0.58086185052184480      -0.48801664770964304       -1.0997285325160731     
         456   1.1883501746145757        12.087000000000000        2.3746773979871811       0.58076648376395767      -0.48630139970169228       -1.0990232926971011     
         455   1.1862983872147648        12.090000000000000        2.3748753952278867       0.58067078444568032      -0.48465192055049872       -1.0983162961148043     
         454   1.1842465998149538        12.093000000000000        2.3750727131949603       0.58057496656394536      -0.48289215911331068       -1.0976076560573587     
         453   1.1821948124151429        12.095000000000001        2.3752700773929800       0.58052720082922304      -0.47914441341103486       -1.0968972290638570     
         452   1.1801430250153322        12.098000000000001        2.3754635636085242       0.58043052188742494      -0.47946071174553323       -1.0961852520222362     
         451   1.1780912376155210        12.101000000000001        2.3756572700091749       0.58033394466923161      -0.47770119838154951       -1.0954714773097658     
         450   1.1760394502157101        12.103999999999999        2.3758539613520502       0.58023814431623932      -0.46966996355368551       -1.0947560218062564     
         449   1.1739876628158994        12.106000000000000        2.3760409091934580       0.58018793413547420      -0.47422143874081363       -1.0940388534401222     
         448   1.1719358754160882        12.109000000000000        2.3762309919048761       0.58009059620077674      -0.47247663803967432       -1.0933198930710415     
         446   1.1678323006164664        12.115000000000000        2.3766095386586250       0.57989566999507181      -0.46581553593024994       -1.0918769444723206     
         444   1.1637287258168447        12.119999999999999        2.3769786882195540       0.57974647489922593      -0.46579370813422094       -1.0904269065448609     
         443   1.1616769384170338        12.122999999999999        2.3771623385881595       0.57964779015441670      -0.46403015445696477       -1.0896992670829821     
         441   1.1575733636174121        12.128000000000000        2.3775257562050847       0.57949739856315508      -0.46073355601162680       -1.0882386291423658     
         440   1.1555215762176010        12.131000000000000        2.3777057872357519       0.57939795853622333      -0.45898135579068783       -1.0875055810838798     
         439   1.1534697888177903        12.134000000000000        2.3778842603268058       0.57929818813627509      -0.45727655857570965       -1.0867707421948192     
         438   1.1514180014179791        12.137000000000000        2.3780611756876842       0.57919808765930381      -0.45563428535974848       -1.0860343141412752     
         437   1.1493662140181682        12.140000000000001        2.3782370090728588       0.57909777319563849      -0.45401935769509089       -1.0852957407475079     
         436   1.1473144266183575        12.141999999999999        2.3784114106723493       0.57904484523169697      -0.45223874680318737       -1.0845555024098843     
         435   1.1452626392185463        12.145000000000000        2.3785843496299472       0.57894390542053076      -0.45070322102601851       -1.0838134064263851     
         434   1.1432108518187356        12.148000000000000        2.3787558237935631       0.57884265902375343      -0.44904570689808099       -1.0830695027625354     
         433   1.1411590644189247        12.151000000000000        2.3789262874574084       0.57874121678838431      -0.44730454033449557       -1.0823236841226245     
         432   1.1391072770191137        12.154000000000000        2.3790950651813914       0.57863941458006263      -0.44564394512351663       -1.0815760348750958     
         431   1.1370554896193028        12.157000000000000        2.3792620342691349       0.57853722283064346      -0.44411029585264011       -1.0808265980278526     
         430   1.1350037022194919        12.159000000000001        2.3794280528733003       0.57848242301155040      -0.44242198548954370       -1.0800751595874036     
         429   1.1329519148196809        12.162000000000001        2.3795923915885040       0.57837967266609003      -0.44070226530418399       -1.0793219168660901     
         428   1.1309001274198702        12.164999999999999        2.3797552140568663       0.57827660455348551      -0.43921009500994812       -1.0785667547946649     
         427   1.1288483400200591        12.167999999999999        2.3799167216915480       0.57817326783977174      -0.43746823649455541       -1.0778097068835644     
         426   1.1267965526202484        12.170999999999999        2.3800761674163016       0.57806948127476321      -0.43582629057712863       -1.0770507568723771     
         424   1.1226929778206265        12.177000000000000        2.3803912028210248       0.57786112547254331      -0.43261205945452702       -1.0755270551767824     
         423   1.1206411904208156        12.179000000000000        2.3805459833320790       0.57780379897186751      -0.43093802452268193       -1.0747622876817531     
         421   1.1165376156211937        12.185000000000000        2.3808517595156302       0.57759346450637394      -0.42770699645103166       -1.0732269035770710     
         420   1.1144858282213828        12.188000000000001        2.3810023320686460       0.57748781332210553      -0.42606760060757087       -1.0724562582796253     
         419   1.1124340408215718        12.191000000000001        2.3811509028685136       0.57738172875047500      -0.42441350345202011       -1.0716836685333377     
         418   1.1103822534217609        12.194000000000001        2.3812979555271605       0.57727532834877404      -0.42289707862931464       -1.0709091742391683     
         417   1.1083304660219502        12.196999999999999        2.3814433192939184       0.57716857096677621      -0.42121061453175596       -1.0701324954039595     
         416   1.1062786786221390        12.199999999999999        2.3815866140768733       0.57706136477108960      -0.41975209230215332       -1.0693538984526625     
         415   1.1042268912223283        12.202999999999999        2.3817302952228454       0.57695430488001909      -0.41631867555127761       -1.0685732933182768     
         414   1.1021751038225172        12.206000000000000        2.3818691831188086       0.57684613677600616      -0.41645079862878054       -1.0677906872825755     
         413   1.1001233164227064        12.209000000000000        2.3820077895796987       0.57673795368841074      -0.41489472086134477       -1.0670060170390669     
         412   1.0980715290228955        12.212000000000000        2.3821445567463639       0.57662937852800589      -0.41324341058100972       -1.0662193234124158     
         411   1.0960197416230846        12.214000000000000        2.3822794298527579       0.57656759993466433      -0.41167823932763964       -1.0654305475792742     
         410   1.0939679542232736        12.217000000000001        2.3824125683676263       0.57645823303898913      -0.41016213757270920       -1.0646398493722651     
         409   1.0919161668234629        12.220000000000001        2.3825438464068762       0.57634846978455045      -0.40853300168694645       -1.0638468914407679     
         408   1.0898643794236518        12.223000000000001        2.3826734667248153       0.57623835949836844      -0.40691827148105325       -1.0630495270251619     
         407   1.0878125920238408        12.226000000000001        2.3828013106287615       0.57612787373768326      -0.40534618137267941       -1.0622548281085802     
         406   1.0857608046240299        12.228999999999999        2.3829268834132193       0.57601689319533333      -0.40383767647635926       -1.0614556947265157     
         405   1.0837090172242190        12.231999999999999        2.3830509676802634       0.57590560736473462      -0.40223950408226528       -1.0606544154666460     
         404   1.0816572298244083        12.234999999999999        2.3831729513018463       0.57579386857536619      -0.40063075153664929       -1.0598510068118352     
         403   1.0796054424245971        12.238000000000000        2.3832931062215854       0.57568174284801210      -0.39913119093058408       -1.0590455946891937     
         402   1.0775536550247864        12.241000000000000        2.3834111348365150       0.57556915859912183      -0.39762244479697290       -1.0582377865131614     
         401   1.0755018676249755        12.244000000000000        2.3835272357493760       0.57545616411449163      -0.39596676162716776       -1.0574279366438712     
         400   1.0734500802251645        12.247000000000000        2.3836429126074790       0.57534312263298382      -0.39262207255336395       -1.0566158990709593     
         398   1.0693465054255429        12.253000000000000        2.3838638185137611       0.57511468516388364      -0.39140401334841041       -1.0549853770176731     
         397   1.0672947180257317        12.256000000000000        2.3839719176355554       0.57499998257380258      -0.38982585344923054       -1.0541668069598613     
         395   1.0631911432261099        12.262000000000000        2.3841818726434529       0.57476924067643897      -0.38685437579951043       -1.0525230528535896     
         394   1.0611393558262989        12.265000000000001        2.3842837026376644       0.57465319578268514      -0.38508643100142775       -1.0516977996340957     
         393   1.0590875684264882        12.268000000000001        2.3843835176938342       0.57453672212804041      -0.38364688333397229       -1.0508703026778590     
         392   1.0570357810266771        12.271000000000001        2.3844807398825063       0.57441968080418704      -0.38218371910408955       -1.0500406149183532     
         389   1.0508804188272445        12.281000000000001        2.3847601719206608       0.57401921058630134      -0.37754569502754060       -1.0475377317106516     
         388   1.0488286314274335        12.284000000000001        2.3848491969089745       0.57390044690269426      -0.37616724232608612       -1.0466988972960263     
         387   1.0467768440276226        12.287000000000001        2.3849356899275915       0.57378113205849313      -0.37456042286402480       -1.0458577139043632     
         386   1.0447250566278117        12.289999999999999        2.3850197728030973       0.57366129575987923      -0.37312607872050352       -1.0450142068356727     
         384   1.0406214818281898        12.295999999999999        2.3851808709410824       0.57342009946870198      -0.37015390969089040       -1.0433202268893556     
         382   1.0365179070285682        12.302000000000000        2.3853330475091989       0.57317699466881444      -0.36706827476271575       -1.0416167267807681     
         381   1.0344661196287572        12.305000000000000        2.3854066388685853       0.57305493132819607      -0.36227381117718815       -1.0407614497453479     
         380   1.0324143322289463        12.308000000000000        2.3854750687001292       0.57293168782155779      -0.36412897345457518       -1.0399037209432223     
         379   1.0303625448291351        12.311999999999999        2.3855427489946623       0.57276180001091581      -0.36266962513487705       -1.0390436418373514     
         378   1.0283107574293244        12.315000000000000        2.3856073741961681       0.57263778470783089      -0.36124058899881945       -1.0381810848697808     
         377   1.0262589700295135        12.318000000000000        2.3856695715659453       0.57251324718028906      -0.35954248684450385       -1.0373161082766655     
         376   1.0242071826297026        12.321000000000000        2.3857297394912895       0.57238828339150338      -0.35816507428408090       -1.0364486972872320     
         375   1.0221553952298916        12.324000000000000        2.3857871403586435       0.57226271672636131      -0.35672424467461961       -1.0355788310169161     
         374   1.0201036078300809        12.327000000000000        2.3858414843513205       0.57213647812556412      -0.35532197682568556       -1.0347065042413948     
         373   1.0180518204302698        12.330000000000000        2.3858938253954367       0.57200982075472950      -0.35376026675563782       -1.0338316466255901     
         372   1.0160000330304588        12.334000000000000        2.3859435697567770       0.57183623625496705      -0.35228783093229860       -1.0329543087666624     
         371   1.0139482456306479        12.337000000000000        2.3859902642246600       0.57170837078040948      -0.35093538268124613       -1.0320744869744374     
         370   1.0118964582308372        12.340000000000000        2.3860343667457009       0.57157994657032396      -0.34935221333056532       -1.0311920479277299     
         369   1.0098446708310262        12.343000000000000        2.3860756168649484       0.57145090165470724      -0.34796596988253481       -1.0303071915560869     
         368   1.0077928834312153        12.346000000000000        2.3861143855513269       0.57132132530930169      -0.34649549697274473       -1.0294197630184003     
         366   1.0036893086315934        12.353000000000000        2.3861831968311313       0.57101404465090144      -0.34353260665867097       -1.0276370257492480     
         364  0.99958573383197169        12.359000000000000        2.3862400541046118       0.57075043028863903      -0.34074163880788039       -1.0258440237617896     
         363  0.99753394643216076        12.362000000000000        2.3862650775877032       0.57061790480748009      -0.33928600719319180       -1.0249435693898028     
         362  0.99548215903234982        12.366000000000000        2.3862863647270878       0.57043841707994702      -0.33791426476916420       -1.0240404550230657     
         361  0.99343037163253889        12.369000000000000        2.3863049053921594       0.57030449294260877      -0.33649176156266364       -1.0231347149212429     
         360  0.99137858423272807        12.372000000000000        2.3863203140536884       0.57016988541595992      -0.33502145305095304       -1.0222263667692100     
         359  0.98932679683291702        12.375000000000000        2.3863322111579390       0.57003450433120839      -0.33369647513322537       -1.0213152755526753     
         358  0.98727500943310609        12.378000000000000        2.3863422834812034       0.56989875308141036      -0.33216507642473853       -1.0204014892720512     
         357  0.98522322203329515        12.382000000000000        2.3863485019212938       0.56971613211250105      -0.33079996387148647       -1.0194849691629215     
         356  0.98317143463348433        12.385000000000000        2.3863517635152744       0.56957890911048970      -0.32946902723663374       -1.0185657928435270     
         355  0.98111964723367340        12.388000000000000        2.3863541266334813       0.56944153817307619      -0.32497683011908535       -1.0176438617087809     
         354  0.97906785983386246        12.391999999999999        2.3863485926836039       0.56925640866019878      -0.32658406022626796       -1.0167191322232207     
         353  0.97701607243405153        12.395000000000000        2.3863423115838458       0.56911713180437407      -0.32511263262861106       -1.0157916801514626     
         352  0.97496428503424071        12.398000000000000        2.3863327943456203       0.56897715075376909      -0.32368372596733652       -1.0148613858120803     
         351  0.97291249763442977        12.401000000000000        2.3863193975807708       0.56883631265249390      -0.32235830787738545       -1.0139283315884842     
         350  0.97086071023461884        12.404999999999999        2.3863035548297393       0.56864911574714394      -0.32102617554193286       -1.0129925253712904     
         349  0.96880892283480791        12.407999999999999        2.3862837976118478       0.56850692110134127      -0.31958983060711238       -1.0120537635851024     
         348  0.96675713543499708        12.411000000000000        2.3862608652567734       0.56836403893835441      -0.31820825467387920       -1.0111121580764921     
         347  0.96470534803518615        12.414999999999999        2.3862345279604575       0.56817464617323477      -0.31688458119344903       -1.0101677902855963     
         346  0.96265356063537522        12.417999999999999        2.3862045146998088       0.56803023923266527      -0.31542912384267274       -1.0092204617935612     
         345  0.96060177323556428        12.420999999999999        2.3861707378558208       0.56788500635272077      -0.31406690200518267       -1.0082702954682838     
         344  0.95854998583575335        12.423999999999999        2.3861340918890752       0.56773916095307453      -0.31269058251447185       -1.0073171829634260     
         343  0.95649819843594241        12.428000000000001        2.3860936981436196       0.56754682400546341      -0.31134493981738431       -1.0063611549533178     
         342  0.95444641103613148        12.430999999999999        2.3860494159271020       0.56739932645697910      -0.30995704590977591       -1.0054021791756234     
         341  0.95239462363632055        12.433999999999999        2.3860015049042578       0.56725103736608118      -0.30859485811329296       -1.0044402178286902     
         339  0.94829104883669879        12.441000000000001        2.3858949706529891       0.56690655697878256      -0.30594019798404221       -1.0025073644056381     
         338  0.94623926143688786        12.445000000000000        2.3858359088255821       0.56671031612547862      -0.30458754899928225       -1.0015365807628198     
         337  0.94418747403707703        12.448000000000000        2.3857779622149580       0.56655997667533586      -0.29729750354056828       -1.0005624275107132     
         336  0.94213568663726610        12.451000000000001        2.3856984201336902       0.56640458254732129      -0.31370823898897698      -0.99958543961818780     
         335  0.94008389923745517        12.455000000000000        2.3856358990609037       0.56620783944732722      -0.30050268766866867      -0.99860551170681910     
         334  0.93803211183764423        12.458000000000000        2.3855615628222169       0.56605385269061526      -0.29909471942151317      -0.99762213882301842     
         333  0.93598032443783341        12.461000000000000        2.3854830087430776       0.56589893949684555      -0.29786609555853966      -0.99663588443746809     
         331  0.93187674963821154        12.468000000000000        2.3853141155544173       0.56554117935013826      -0.29511097616924170      -0.99465397378372000     
         330  0.92982496223840050        12.472000000000000        2.3852233133550382       0.56533827822530425      -0.29384362228228300      -0.99365829532052807     
         329  0.92777317483858968        12.475000000000000        2.3851283452389382       0.56517982149516588      -0.29250036506851779      -0.99265943916454102     
         328  0.92572138743877874        12.478999999999999        2.3850292196248457       0.56497517833179867      -0.29116405908743886      -0.99165741241092165     
         327  0.92366960003896781        12.481999999999999        2.3849263145660120       0.56481501805245338      -0.28984369496970036      -0.99065215843784582     
         326  0.92161781263915687        12.484999999999999        2.3848186756287539       0.56465381390142322      -0.28854427184014836      -0.98964360917446415     
         325  0.91956602523934605        12.489000000000001        2.3847068873858475       0.56444650589551759      -0.28721201285827996      -0.98863184469672238     
         324  0.91751423783953512        12.492000000000001        2.3845904824030422       0.56428340620153472      -0.28591393075822469      -0.98761687360370576     
         323  0.91546245043972418        12.496000000000000        2.3844698821908175       0.56407424831923980      -0.28470066024832696      -0.98659857327064104     
         322  0.91341066303991325        12.499000000000001        2.3843445889467807       0.56390922719984438      -0.28339729684836518      -0.98557701404365960     
         321  0.91135887564010243        12.503000000000000        2.3842147839649166       0.56369812984956336      -0.28202880952977749      -0.98455196479880558     
         320  0.90930708824029149        12.506000000000000        2.3840807476329875       0.56353122469688011      -0.28071013930181199      -0.98352368968091919     
         319  0.90725530084048056        12.510000000000000        2.3839417700617584       0.56331819887572443      -0.27955381297702153      -0.98249205168144471     
         318  0.90520351344066963        12.513000000000000        2.3837982886596265       0.56314924687521017      -0.27818831752740619      -0.98145696284398221     
         317  0.90315172604085880        12.516999999999999        2.3836499579892418       0.56293425338044645      -0.27697614074985177      -0.98041846895333251     
         316  0.90109993864104776        12.520000000000000        2.3834967708699688       0.56276319624196824      -0.27559302346338538      -0.97937659302567093     
         315  0.89904815124123683        12.523999999999999        2.3833389177562467       0.56254619860318555      -0.27428183718974952      -0.97833120563684439     
         314  0.89699636384142589        12.526999999999999        2.3831762487470818       0.56237309248144240      -0.27310022139033868      -0.97728243678413185     
         313  0.89494457644161507        12.531000000000001        2.3830086376891852       0.56215403867664659      -0.27180360697471023      -0.97624695914363846     
         312  0.89289278904180414        12.534000000000001        2.3828359328005826       0.56197875618744864      -0.27056920550304486      -0.97517428676285212     
         310  0.88878921424218227        12.541000000000000        2.3824752104830633       0.56158005006209399      -0.26805138156292135      -0.97305197703119251     
         309  0.88673742684237145        12.545000000000000        2.3822873066296251       0.56135671183301461      -0.26672966082023181      -0.97198544948636545     
         308  0.88468563944256051        12.548000000000000        2.3820941092162951       0.56117698787867065      -0.26554532200917225      -0.97091534048758665     
         307  0.88263385204274958        12.552000000000000        2.3818954242005841       0.56095136361486142      -0.26418571253136813      -0.96984158240512885     
         305  0.87853027724312782        12.558999999999999        2.3814823693613714       0.56054148379727009      -0.26164597334381889      -0.96768312065617601     
         304  0.87647848984331689        12.561999999999999        2.3812679268373018       0.56035715545498932      -0.26055024073739425      -0.96659841866827279     
         301  0.87032312764388409        12.573000000000000        2.3805907984904815       0.55970770258870195      -0.25681677754458321      -0.96332169945423174     
         300  0.86827134024407315        12.577000000000000        2.3803536992988854       0.55947396530611049      -0.25558926686831607      -0.96222196059319265     
         299  0.86621955284426222        12.580000000000000        2.3801108872981169       0.55928348896421154      -0.25428062416464248      -0.96111832375065631     
         298  0.86416776544445129        12.584000000000000        2.3798624072930101       0.55904734310542625      -0.25299620317215216      -0.96001117985325812     
         297  0.86211597804464046        12.587999999999999        2.3796076331573026       0.55880986925528064      -0.25187381238315260      -0.95889966556442296     
         296  0.86006419064482953        12.590999999999999        2.3793472253133876       0.55861558645606157      -0.25069454233778321      -0.95778450882132637     
         295  0.85801240324501860        12.595000000000001        2.3790807226117274       0.55837562898725379      -0.24940262393915871      -0.95666540327340732     
         294  0.85596061584520766        12.598000000000001        2.3788080986247269       0.55817869107335205      -0.24816675752282388      -0.95554238304089412     
         293  0.85390882844539684        12.602000000000000        2.3785294372364625       0.55793615348188985      -0.24697572063630832      -0.95441542205351082     
         292  0.85185704104558591        12.606000000000000        2.3782446886094681       0.55769234236722454      -0.24578781555227355      -0.95328439823260003     
         291  0.84980525364577497        12.609000000000000        2.3779533183629242       0.55749134392732813      -0.24463240497533298      -0.95214944824915426     
         290  0.84775346624596404        12.613000000000000        2.3776557003334156       0.55724479302014596      -0.24334861410853867      -0.95101045765509584     
         289  0.84570167884615322        12.617000000000001        2.3773517119646228       0.55699690591628925      -0.24221552150510048      -0.94988423156618218     
         288  0.84364989144634228        12.619999999999999        2.3770329516355218       0.55678983221125000      -0.25229408782612028      -0.94872021402272633     
         287  0.84159810404653124        12.624000000000001        2.3767267092171513       0.55654169890281135      -0.23661531091480575      -0.94756883407869530     
         286  0.83954631664672030        12.628000000000000        2.3763999988197853       0.55628893146271752      -0.23866840437308764      -0.94641347515383767     
         285  0.83749452924690948        12.631000000000000        2.3760691199651029       0.55607937010536312      -0.23740896094769295      -0.94525380197765774     
         284  0.83544274184709855        12.635000000000000        2.3757321984730160       0.55582450008714845      -0.23620795960815671      -0.94409010666363824     
         283  0.83339095444728761        12.638999999999999        2.3753878960175490       0.55556806509376344      -0.23511214434873176      -0.94292194099889015     
         282  0.83133916704747679        12.641999999999999        2.3750366873603146       0.55535410343210267      -0.23389064930542916      -0.94174961535500490     
         280  0.82723559224785492        12.650000000000000        2.3743128234798418       0.55483373752317577      -0.23157922741439171      -0.93939208886345782     
         279  0.82518380484804399        12.654000000000000        2.3739402012599049       0.55457130397023657      -0.23050793595976293      -0.93820714636738600     
         278  0.82313201744823317        12.657000000000000        2.3735602569328065       0.55435112084322080      -0.22926796175121045      -0.93701723670049619     
         277  0.82108023004842223        12.661000000000000        2.3731727031315555       0.55408549865015500      -0.22816242258834410      -0.93582330954221005     
         276  0.81902844264861130        12.664999999999999        2.3727780706781663       0.55381839204737149      -0.22701981005861488      -0.93462470466437109     
         275  0.81697665524880037        12.667999999999999        2.3723757115244912       0.55359334791954218      -0.22585528683262954      -0.93342175536239069     
         274  0.81492486784898954        12.672000000000001        2.3719658999378170       0.55332300328745909      -0.22466639157209556      -0.93223071613039987     
         273  0.81287308044917850        12.676000000000000        2.3715479544393427       0.55305093242499836      -0.22352257743981743      -0.93100236517181989     
         272  0.81082129304936756        12.680000000000000        2.3711222784704429       0.55277723101967779      -0.22242387644530964      -0.92978587197692186     
         271  0.80876950564955663        12.683000000000000        2.3706888793771399       0.55254546472481103      -0.22122803381301362      -0.92856478303488266     
         270  0.80671771824974581        12.686999999999999        2.3702472713116358       0.55226836151513703      -0.22010959147740974      -0.92733905476719181     
         269  0.80466593084993487        12.691000000000001        2.3697979036486503       0.55198962556364217      -0.21899366131818926      -0.92610868125951307     
         268  0.80261414345012394        12.695000000000000        2.3693427380976617       0.55170971520457224      -0.21470774598291817      -0.92487361408530588     
         267  0.80056235605031301        12.699000000000000        2.3688786737470582       0.55142790971705136      -0.21127022587506608      -0.92363381650296794     
         266  0.79851056865050218        12.702000000000000        2.3683995973621461       0.55118617853663243      -0.21566362930029589      -0.92238934142553897     
         265  0.79645878125069125        12.706000000000000        2.3679165317009550       0.55090027242624739      -0.21452482270803366      -0.92114011918247318     
         264  0.79440699385088032        12.710000000000001        2.3674249973400681       0.55061257663352015      -0.21347872216976216      -0.91988586749775492     
         263  0.79235520645106938        12.714000000000000        2.3669246119254002       0.55032300394819700      -0.21236210231858643      -0.91862695440487385     
         262  0.79030341905125856        12.718000000000000        2.3664153531487915       0.55003155095607115      -0.21115581990679569      -0.91736307143555651     
         261  0.78825163165144763        12.721000000000000        2.3658974969531443       0.54978149856974812      -0.21006105664648325      -0.91609428757080835     
         260  0.78619984425163669        12.725000000000000        2.3653708640522195       0.54948634003561214      -0.20889574397950858      -0.91482053876537683     
         259  0.78414805685182565        12.728999999999999        2.3648286461130437       0.54918774766742207      -0.20796231892653042      -0.91354181352979325     
         258  0.78209626945201483        12.733000000000001        2.3642895239356538       0.54889006160905418      -0.20671169529579936      -0.91225809722073881     
         257  0.78004448205220389        12.737000000000000        2.3637348610040121       0.54858895573859112      -0.20569233170450041      -0.91096929366203439     
         256  0.77799269465239296        12.740000000000000        2.3631631601593805       0.54832712234443803      -0.21278411022304525      -0.90967544188446259     
         254  0.77388911985277120        12.747999999999999        2.3620135944316298       0.54771645247564160      -0.20247716805440794      -0.90707216912717759     
         253  0.77183733245296027        12.752000000000001        2.3614205288843206       0.54740716671280720      -0.20129966933551643      -0.90576039106605000     
         251  0.76773375765333840        12.760000000000000        2.3602044935171254       0.54678224907316897      -0.19918944544220918      -0.90312809368300684     
         250  0.76568197025352758        12.763999999999999        2.3595811107117446       0.54646652552861330      -0.19810986110930712      -0.90180282076029616     
         249  0.76363018285371664        12.768000000000001        2.3589476786118455       0.54614867317140592      -0.19700618195338046      -0.90047210035362835     
         248  0.76157839545390571        12.771000000000001        2.3583036151418844       0.54587129896880004      -0.19591935312513645      -0.89913608245449073     
         247  0.75952660805409478        12.775000000000000        2.3576493779593215       0.54554899295116244      -0.19485575084307344      -0.89779454364587452     
         246  0.75747482065428395        12.779000000000000        2.3569842071492952       0.54522435950769643      -0.19387316577517222      -0.89644763544075290     
         245  0.75542303325447291        12.782999999999999        2.3563084149345408       0.54489747302492542      -0.19282618464679374      -0.89511129640657416     
         244  0.75337124585466198        12.787000000000001        2.3556213302192086       0.54456818047452460      -0.19171929931612264      -0.89373699776786575     
         242  0.74926767105504022        12.795000000000000        2.3542143699444069       0.54390263725153676      -0.18970425778520408      -0.89100398040881312     
         240  0.74516409625541835        12.803000000000001        2.3527622335996514       0.54322749509396928      -0.18765032973359885      -0.88824815272071422     
         239  0.74311230885560742        12.805999999999999        2.3520184581937467       0.54292854629119780      -0.18657008404038994      -0.88686159088337102     
         238  0.74106052145579659        12.810000000000000        2.3512626283729605       0.54258459595375474      -0.18560957011726845      -0.88546924614103206     
         237  0.73900873405598566        12.814000000000000        2.3504960591065038       0.54223838285650516      -0.18451055418769929      -0.88407099587621329     
         236  0.73695694665617473        12.818000000000000        2.3497195041691654       0.54189008295263419      -0.18044868991122037      -0.88266680681303378     
         234  0.73285337185655297        12.826000000000001        2.3481214084894679       0.54118376677066138      -0.18147084655128970      -0.87984059823790572     
         233  0.73080158445674204        12.830000000000000        2.3473051590255327       0.54082697567937654      -0.18043953416521746      -0.87841833068993147     
         232  0.72874979705693110        12.834000000000000        2.3464760472399053       0.54046744439338501      -0.17938580353603795      -0.87699009600353384     
         230  0.72464622225730924        12.842000000000001        2.3447791508873794       0.53974015172554191      -0.17736070409203361      -0.87411497840184227     
         229  0.72259443485749830        12.846000000000000        2.3439140087263870       0.53937300352995909      -0.17343159598587018      -0.87266809649576405     
         228  0.72054264745768737        12.850000000000000        2.3430296915409032       0.53900167279546884      -0.17541417601342624      -0.87121495555393391     
         227  0.71849086005787643        12.853999999999999        2.3421340297329336       0.53862796420902292      -0.17444424814920773      -0.86975543784751264     
         225  0.71438728525825468        12.862000000000000        2.3403035815552027       0.53787225235933722      -0.17236298373110620      -0.86681716341978454     
         224  0.71233549785844374        12.866000000000000        2.3393668632831894       0.53748981038239185      -0.17138129160111990      -0.86533828573216409     
         223  0.71028371045863292        12.869999999999999        2.3384073932374245       0.53710238033910795      -0.18074770307235499      -0.86385289577505442     
         222  0.70823192305882199        12.874000000000001        2.3374552151669628       0.53671686540117125      -0.16451906556677243      -0.86236085009984553     
         221  0.70618013565901105        12.878000000000000        2.3364712096641456       0.53632428413635180      -0.16847630292090360      -0.86086233223077402     
         220  0.70412834825920012        12.882000000000000        2.3354768024772086       0.53592955976423018      -0.16751607794899542      -0.85935679541531362     
         219  0.70207656085938930        12.885999999999999        2.3344672178959738       0.53553159872278755      -0.16659995041948875      -0.85784473388467641     
         218  0.70002477345957836        12.890000000000001        2.3334425973733182       0.53513043646472702      -0.16562504168977751      -0.85632569726968033     
         217  0.69797298605976743        12.894000000000000        2.3324026263826019       0.53472600386101665      -0.16449079577777723      -0.85479984731482961     
         216  0.69592119865995639        12.898000000000000        2.3313498694434056       0.53431889171304969      -0.16074942184548846      -0.85326708529506212     
         215  0.69386941126014556        12.901999999999999        2.3302755525799270       0.53390709224094768      -0.16266237769241026      -0.85172275049522184     
         214  0.69181762386033463        12.906000000000001        2.3291880829571712       0.53349253543527186      -0.16170937490254031      -0.85018051353115964     
         213  0.68976583646052370        12.910000000000000        2.3280844646141765       0.53307453785703729      -0.16077325331147363      -0.84862684050373516     
         212  0.68771404906071276        12.914000000000000        2.3269692452268798       0.53265414368778441      -0.15490144615475043      -0.84706549264939723     
         211  0.68566226166090194        12.917999999999999        2.3258276265213458       0.53222796880856837      -0.15897409278151872      -0.84549721602089678     
         209  0.68155868686128007        12.926000000000000        2.3235036026382350       0.53136708279195577      -0.15706932771250903      -0.84233864656691626     
         208  0.67950689946146914        12.930000000000000        2.3223156950205603       0.53093111896039458      -0.15608449490622436      -0.84074836813012588     
         207  0.67745511206165832        12.933999999999999        2.3211006321791201       0.53048921843736596      -0.16511657427168791      -0.83915051880616698     
         206  0.67540332466184738        12.938000000000001        2.3198872579379932       0.53004797696777339      -0.15426108798964647      -0.83754509032838476     
         204  0.67129974986222551        12.946000000000000        2.3173864844537650       0.52914940924082055      -0.15237517336880788      -0.83431146590010985     
         203  0.66924796246241469        12.949999999999999        2.3161087328183916       0.52869429516340749      -0.15147308045531716      -0.83268311185244070     
         202  0.66719617506260365        12.954000000000001        2.3148118564428590       0.52823509792607104      -0.15059176400665067      -0.83104698120825637     
         201  0.66514438766279271        12.958000000000000        2.3134960752661433       0.52777187148420779      -0.14961944910324973      -0.82940291450344250     
         200  0.66309260026298178        12.962000000000000        2.3121609628179960       0.52730452230845604      -0.14874060253068641      -0.82775094515876846     
         199  0.66104081286317096        12.965999999999999        2.3108064741180252       0.52683304395946640      -0.14781502602226451      -0.82609098023181726     
         198  0.65898902546336002        12.970000000000001        2.3094221224412683       0.52635505016157069      -0.14687826698816020      -0.82442287887766341     
         195  0.65283366326392733        12.981999999999999        2.3051874022456800       0.52490424049402229      -0.14430842345216013      -0.81940009494591903     
         194  0.65078187586411640        12.986000000000001        2.3037309485646511       0.52441101677023338      -0.14331458889514051      -0.81766855385147341     
         193  0.64873008846430547        12.990000000000000        2.3022533312120275       0.52391328068226284      -0.14241754987306643      -0.81595902656716968     
         191  0.64462651366468371        12.997999999999999        2.2992234859613903       0.52290175921398030      -0.15032078609954380      -0.81251439773429213     
         190  0.64257472626487278        13.002000000000001        2.2976899333462626       0.52239222963517562      -0.13978516296936422      -0.81077904711991322     
         189  0.64052293886506184        13.006000000000000        2.2961246827473474       0.52187580897680796      -0.13894111253094404      -0.80903510908911325     
         188  0.63847115146525080        13.010000000000000        2.2945363232668261       0.52135445517301937      -0.13807530627993495      -0.80728214469790549     
         187  0.63641936406543997        13.013999999999999        2.2929253612678075       0.52082828779082013      -0.13709990705050309      -0.80552035055864268     
         186  0.63436757666562904        13.018000000000001        2.2912947306654239       0.52029797748899931      -0.13157148336913610      -0.80374959738023022     
         185  0.63231578926581811        13.022000000000000        2.2896317624224989       0.51976065213508582      -0.13540016597639359      -0.80196974084023231     
         184  0.63026400186600717        13.026000000000000        2.2879492951375711       0.51921923173835371      -0.13462980335605618      -0.80018078352107314     
         183  0.62821221446619635        13.029999999999999        2.2862420518224198       0.51867252289646659      -0.13374930356330259      -0.79838253028074357     
         182  0.62616042706638542        13.034000000000001        2.2845117374884021       0.51812091717017250      -0.13155004557467162      -0.79657496724392030     
         181  0.62410863966657448        13.038000000000000        2.2827534004916732       0.51756329639196363      -0.13202991260335661      -0.79475797746116861     
         180  0.62205685226676355        13.042000000000000        2.2809709038978387       0.51700054169144327      -0.13121072583808513      -0.79293146357126587     
         178  0.61795327746714179        13.050000000000001        2.2773280932355089       0.51585844009280890      -0.12952593060642853      -0.78924956929693291     
         177  0.61590149006733086        13.054000000000000        2.2754671449803334       0.51527895975162696      -0.12866704110573080      -0.78739403854819445     
         176  0.61384970266751993        13.058000000000000        2.2735786226305077       0.51469359219577859      -0.12794817429227118      -0.78552866638839847     
         175  0.61179791526770910        13.061000000000000        2.2716631483804037       0.51414184529121820      -0.12697892542539185      -0.78365325053489854     
         173  0.60769434046808712        13.069000000000001        2.2677480119323326       0.51294155668933117      -0.12541208998922926      -0.77987223489325397     
         172  0.60564255306827619        13.073000000000000        2.2657490814187238       0.51233261040731681      -0.12444832889699964      -0.77796627781629279     
         171  0.60359076566846537        13.077000000000000        2.2637185052077413       0.51171688309872088      -0.12373455880446171      -0.77605014491290703     
         170  0.60153897826865443        13.081000000000000        2.2616597671928420       0.51109516828259149      -0.12288547564286077      -0.77412344485504492     
         168  0.59743540346903257        13.089000000000000        2.2574514012670637       0.50983235166938157      -0.12134599661972417      -0.77023831037600932     
         167  0.59538361606922174        13.093000000000000        2.2553016032758526       0.50919122331808342      -0.12046754808607772      -0.76827964522896941     
         166  0.59333182866941081        13.097000000000000        2.2531201776534204       0.50854334803060508      -0.11969901222009879      -0.76631009709024611     
         165  0.59128004126959988        13.101000000000001        2.2509072240573453       0.50788875447334680      -0.11890512472376003      -0.76432960389916749     
         163  0.58717646646997812        13.108000000000001        2.2463835285247922       0.50659735955782148      -0.11725719554010983      -0.76033514471395214     
         162  0.58512467907016719        13.112000000000000        2.2440719827019393       0.50592168138084459      -0.11656636483585395      -0.75831919513646351     
         161  0.58307289167035625        13.116000000000000        2.2417268932860086       0.50523885529661772      -0.11567346619766222      -0.75632399253438976     
         160  0.58102110427054532        13.119999999999999        2.2393472142219735       0.50454865215558076      -0.11504197440922635      -0.75425841306562424     
         159  0.57896931687073439        13.124000000000001        2.2369328532055519       0.50385105791219154      -0.11420569009566464      -0.75220949101741730     
         158  0.57691752947092345        13.127000000000001        2.2344775417952443       0.50318299682809298      -0.11336495573027949      -0.75014889357834158     
         157  0.57486574207111252        13.131000000000000        2.2319974661714754       0.50247139668059126      -0.11272800971874536      -0.74807645436551129     
         155  0.57076216727149076        13.138999999999999        2.2269259840864462       0.50102444846703253      -0.10241075286811203      -0.74389517189914833     
         154  0.56871037987167983        13.143000000000001        2.2243198102904596       0.50028579344170809      -0.11032155234894943      -0.74178631204203127     
         153  0.56665859247186889        13.146000000000001        2.2216843320177988       0.49957899830895436      -0.10962848520336527      -0.73966492821735907     
         152  0.56460680507205807        13.150000000000000        2.2190109488049670       0.49882606771776750      -0.10881972370174636      -0.73753100763442137     
         151  0.56255501767224714        13.154000000000000        2.2163095291076869       0.49806729445469095       -9.7595777581842583E-002 -0.73539829091229658     
         150  0.56050323027243620        13.157000000000000        2.2134842845807539       0.49731895998647502      -0.16708319620247467      -0.73322532192428602     
         148  0.55639965547281445        13.164999999999999        2.2079157270121423       0.49576638683839103      -0.10584415500474541      -0.72886737264827461     
         147  0.55434786807300351        13.167999999999999        2.2050387199494583       0.49500758156702573      -0.10503684274457482      -0.72666859812769857     
         146  0.55229608067319258        13.172000000000001        2.2021190101810362       0.49420201586857776      -0.10432297023297946      -0.72445661643131520     
         145  0.55024429327338154        13.176000000000000        2.1991556526330731       0.49338714677119849      -0.10370876355991122      -0.72223119680216441     
         144  0.54819250587357071        13.179000000000000        2.1961483201508862       0.49260028420138330      -0.10289040501958856      -0.71999189330052682     
         143  0.54614071847375978        13.183000000000000        2.1930966170441155       0.49176652372211815      -0.10214369085178879      -0.71773892805177997     
         142  0.54408893107394884        13.186000000000000        2.1900004505792530       0.49096053253041594      -0.10026855725464472      -0.71547198264146983     
         140  0.53998535627432709        13.193000000000000        2.1836691943307729       0.48928143057919649       -9.5758633137810883E-002 -0.71089557538388914     
         139  0.53793356887451615        13.196999999999999        2.1804166930126274       0.48840458254128227      -0.10767495817571608      -0.70858592661475384     
         138  0.53588178147470522        13.199999999999999        2.1771392644035670       0.48755961750164956       -9.8577372208516922E-002 -0.70626152609902193     
         137  0.53382999407489429        13.204000000000001        2.1738029512806536       0.48666499236647665       -9.7888388147839289E-002 -0.70392279066490637     
         136  0.53177820667508346        13.207000000000001        2.1704161490000589       0.48579638961576049       -9.7234429004729311E-002 -0.70156852571158113     
         135  0.52972641927527253        13.210000000000001        2.1669788359890134       0.48491687831916902       -9.6522730470405785E-002 -0.69919565874743539     
         134  0.52767463187546160        13.214000000000000        2.1634801676767590       0.48398741007000717      -0.10399986824042028      -0.69681513928516514     
         132  0.52357105707583984        13.220000000000001        2.1563518288861863       0.48217380730519915       -9.4420136362785026E-002 -0.69199998446848032     
         131  0.52151926967602880        13.224000000000000        2.1527112670944630       0.48121415297007442       -8.5731631521754795E-002 -0.68958139290615283     
         130  0.51946748227621786        13.227000000000000        2.1489964771881858       0.48027479861677369       -9.3016948222394258E-002 -0.68712173538058252     
         129  0.51741569487640693        13.230000000000000        2.1452343987084674       0.47932530424505915       -9.2377586843505818E-002 -0.68465850971264974     
         128  0.51536390747659611        13.233000000000001        2.1414152267626210       0.47836348646960736       -9.1613141461270239E-002 -0.68217890351295429     
         127  0.51331212007678517        13.236000000000001        2.1375378213244760       0.47738909906102672       -9.0958778824730788E-002 -0.67968277993828896     
         126  0.51126033267697424        13.239000000000001        2.1336010713563605       0.47640190248581865       -9.0362193933208795E-002 -0.67716996104325355     
         125  0.50920854527716330        13.243000000000000        2.1296039740683743       0.47536578325486439       -8.9652196684676805E-002 -0.67464022163792492     
         124  0.50715675787735248        13.246000000000000        2.1255451933767433       0.47435233334675797       -8.8959761948582655E-002 -0.67209351516687155     
         123  0.50510497047754155        13.249000000000001        2.1214254645624475       0.47332574384153042       -8.8310034348104707E-002 -0.66952916678404883     
         122  0.50305318307773061        13.252000000000001        2.1172400005644145       0.47228495583070113       -8.7596177824364713E-002 -0.66694747328015880     
         121  0.50100139567791968        13.254000000000000        2.1129914815565831       0.47126613051474092       -8.7004845987982249E-002 -0.66434811058826249     
         119  0.49689782087829787        13.260000000000000        2.1042960780364566       0.46911440640132868       -8.5702511757319647E-002 -0.65909506141843355     
         118  0.49484603347848694        13.263000000000000        2.0998456190186507       0.46801637172891181       -8.5057038305769370E-002 -0.65644111966292740     
         117  0.49279424607867606        13.266000000000000        2.0953314289099101       0.46690463242234753       -8.0679322123151168E-002 -0.65376854342287249     
         116  0.49074245867886512        13.268000000000001        2.0907376375829174       0.46581076741166133       -8.3779637631878220E-002 -0.65107720543512082     
         115  0.48869067127905425        13.271000000000001        2.0860764626691259       0.46466720513786725       -8.3179716657455924E-002 -0.64836677054181224     
         114  0.48663888387924331        13.273999999999999        2.0813479636283239       0.46350916691145072       -7.8406174355644551E-002 -0.64563706426468725     
         113  0.48458709647943238        13.276000000000000        2.0765254163190421       0.46236553706276828       -8.9468071837769003E-002 -0.64288778123835744     
         112  0.48253530907962144        13.279000000000000        2.0716510975897817       0.46117599354678163       -8.1231525800877877E-002 -0.64011863113155454     
         111  0.48048352167981057        13.281000000000001        2.0666902449373494       0.46000236170492997       -8.0616958826660826E-002 -0.63732958530860895     
         110  0.47843173427999963        13.284000000000001        2.0616512205643289       0.45877714783421397       -7.9992616606464215E-002 -0.63452019886832878     
         109  0.47637994688018875        13.286000000000000        2.0565325892843789       0.45756921374897036       -7.9378130156222082E-002 -0.63169031062330250     
         108  0.47432815948037788        13.288000000000000        2.0513352091391219       0.45634412465050644       -7.6683190692205902E-002 -0.62883963308692303     
         107  0.47227637208056694        13.289999999999999        2.0460405969779534       0.45509777710395810       -7.8198019635700000E-002 -0.62596817706520713     
         106  0.47022458468075601        13.292999999999999        2.0406828190364887       0.45380361575891731       -7.7530453785948861E-002 -0.62307477306926740     
         105  0.46817279728094507        13.295000000000000        2.0352311779749055       0.45252320454548089       -7.6924201733902367E-002 -0.62016013892941591     
         104  0.46612100988113420        13.297000000000001        2.0296910972978592       0.45122351736818594       -7.6366672732151086E-002 -0.61722364870065838     
         103  0.46406922248132326        13.298999999999999        2.0240631385904932       0.44990468775162734       -7.5775569285592009E-002 -0.61426495395154501     
         102  0.46201743508151238        13.301000000000000        2.0183443242134240       0.44856606256666393       -7.5222675031011210E-002 -0.61128387338348988     
         101  0.45996564768170145        13.303000000000001        2.0125333965365848       0.44720737128218330       -7.4520148809531270E-002 -0.60828005362618820     
          96  0.44970671068264689        13.311000000000000        1.9820370419171036       0.44016603926715508       -7.1670089205671555E-002 -0.59290989552772255     
          95  0.44765492328283596        13.311999999999999        1.9756407354168788       0.43871260418775915       -6.7695371614801519E-002 -0.58976327496853209     
          94  0.44560313588302508        13.313000000000001        1.9691031886915051       0.43722802587780668       -9.4185657377561627E-002 -0.58659216192107300     
          93  0.44355134848321415        13.315000000000000        1.9625226955291999       0.43570141022804948       -6.8037536689884645E-002 -0.58339544672779009     
          91  0.43944777368359228        13.317000000000000        1.9489691759704932       0.43262739782661075       -6.8851646147513976E-002 -0.57692556540347295     
          90  0.43739598628378140        13.318000000000000        1.9420265997146942       0.43105393307941237       -6.8323435702703328E-002 -0.57365121604418901     
          88  0.43329241148415959        13.319000000000001        1.9277907316915568       0.42786200068962521       -6.7188810851574202E-002 -0.56703054798155139     
          87  0.43124062408434866        13.320000000000000        1.9204974510605632       0.42621129899728633       -6.6655355310410155E-002 -0.56366787514948946     
          86  0.42918883668453778        13.320000000000000        1.9130814762087429       0.42456548984863057       -6.6066596036384651E-002 -0.56028528010286982     
          85  0.42713704928472679        13.321000000000000        1.9055419888959308       0.42286052359624188       -6.5522357099023418E-002 -0.55687465589993723     
          84  0.42508526188491591        13.321000000000000        1.8978678563729203       0.42115754999831695       -7.1478310071629830E-002 -0.55343562429600146     
          83  0.42303347448510498        13.321000000000000        1.8900852225920546       0.41943049878941574       -6.2583951441007937E-002 -0.54996790259668049     
          82  0.42098168708529410        13.321999999999999        1.8821501462361934       0.41763826704212242       -6.3949569775600512E-002 -0.54647136364833737     
          81  0.41892989968548316        13.321000000000000        1.8741014802025104       0.41588353224905306       -6.3442390215949912E-002 -0.54294460061461125     
          80  0.41687811228567229        13.321000000000000        1.8659072028462427       0.41406513284691138       -6.2834801835649767E-002 -0.53938822265998698     
          79  0.41482632488586135        13.321000000000000        1.8575758863992782       0.41221632297783545       -6.2323395084155901E-002 -0.53580149407751543     
          78  0.41277453748605042        13.321000000000000        1.8491036480596388       0.41033624100577254       -6.1800276815659881E-002 -0.53218407512476573     
          76  0.40867096268642861        13.319000000000001        1.8317269190155931       0.40654119319235821       -6.0759585169550004E-002 -0.52485533845012888     
          75  0.40661917528661767        13.319000000000001        1.8228248682607560       0.40456543452540833       -5.4354269836676530E-002 -0.52114321039712941     
          74  0.40456738788680680        13.318000000000000        1.8137579470765524       0.40258331006189513       -5.8065645183383641E-002 -0.51739877193144423     
          73  0.40251560048699586        13.317000000000000        1.8045319731627898       0.40056558178022028       -6.5254988057981037E-002 -0.51362154060786402     
          72  0.40046381308718498        13.315000000000000        1.7951616292496859       0.39854543095638489       -5.8760127448855212E-002 -0.50981094738129318     
          71  0.39841202568737399        13.314000000000000        1.7856358681059616       0.39646038371723974       -5.8296207547123884E-002 -0.50596673985096485     
          70  0.39636023828756312        13.311999999999999        1.7759427392192806       0.39436748293551943       -5.6947222440668757E-002 -0.50208842515906615     
          69  0.39430845088775218        13.310000000000000        1.7660813989049398       0.39223659438526820       -5.7341194312411130E-002 -0.49817565653709744     
          68  0.39225666348794130        13.308000000000000        1.7560531078895678       0.39006798098171430       -5.6893988062997773E-002 -0.49422786799060692     
          67  0.39020487608813037        13.305999999999999        1.7458533567560914       0.38786062389694592       -5.6336237091441525E-002 -0.49025664917516004     
          66  0.38815308868831949        13.304000000000000        1.7354791082670318       0.38561383080054612       -5.5874048894329148E-002 -0.48622567022763696     
          65  0.38610130128850856        13.301000000000000        1.7249212556132800       0.38335437942162442       -6.0228423276474340E-002 -0.48217050052874044     
          64  0.38404951388869768        13.298999999999999        1.7141962498644185       0.38102809830197465       -5.4923954569410391E-002 -0.47807852187431338     
          63  0.38199772648888669        13.295999999999999        1.7032813455617781       0.37868737993242574       -5.4429607132055045E-002 -0.47394949877588205     
          62  0.37994593908907581        13.292999999999999        1.6921806493573537       0.37630428895276002       -5.3966622376486570E-002 -0.46978290391688760     
          61  0.37789415168926488        13.289000000000000        1.6808887814855213       0.37390573442168801       -5.3532357580105688E-002 -0.46557840678321255     
          60  0.37584236428945400        13.286000000000000        1.6694072816393759       0.37143558106820096       -5.1487866617272768E-002 -0.46133550079551350     
          59  0.37379057688964307        13.282000000000000        1.6577271078739257       0.36894787384493410       -5.1859857880649153E-002 -0.45705385211309424     
          58  0.37173878948983219        13.278000000000000        1.6458476446389585       0.36641430005468512       -5.2110050951439606E-002 -0.45273314678264237     
          57  0.36968700209002126        13.273999999999999        1.6337673500018355       0.36383447484983239       -5.1677804996608526E-002 -0.44837269169543204     
          56  0.36763521469021032        13.269000000000000        1.6214814690284247       0.36123451907138443       -5.1274447517837628E-002 -0.44397245097249605     
          55  0.36558342729039939        13.263999999999999        1.6089742855315707       0.35858328265249834       -6.1093011252036353E-002 -0.43953191351107734     
          54  0.36353163989058851        13.259000000000000        1.5962767390924895       0.35588760551420395       -5.0366543341903436E-002 -0.43505073922433529     
          53  0.36147985249077758        13.253000000000000        1.5833590399147039       0.35316743936586870       -4.7454719754531118E-002 -0.43052857818757378     
          52  0.35942806509096670        13.247999999999999        1.5702097652994096       0.35036668417553229       -4.6719580299802888E-002 -0.42596453334531265     
          51  0.35737627769115582        13.241000000000000        1.5568240132806204       0.34756351824322251       -5.5995902118703741E-002 -0.42136128040088100     
          50  0.35066603920888156        13.234000000000000        1.5432164310867804       0.34470783674813771       -4.9579019342303951E-002 -0.41671219413486371     
          49  0.34859167510550471        13.227000000000000        1.5287773495625754       0.34166330260892036       -4.8212431233123736E-002 -0.41190280933244094     
          48  0.34569714563351589        13.218999999999999        1.5140175720823597       0.33856944507098580       -4.6776104447209463E-002 -0.40703367495527404     
          47  0.34293790374882521        13.210000000000001        1.4988862426227649       0.33541409157161917       -4.4462997823820537E-002 -0.40209456877725586     
          46  0.34053819407516855        13.201000000000001        1.4834154477984509       0.33217841980537882       -4.6238344910279491E-002 -0.39709275289018897     
          45  0.33816880411916644        13.191000000000001        1.4676325186597399       0.32889332102168828       -4.4387408177298762E-002 -0.39203360120592873     
          44  0.33556571268721019        13.180999999999999        1.4515031024972531       0.32552553172859172       -4.9642754843666648E-002 -0.38691259810532413     
          43  0.33274154963588809        13.170000000000000        1.4350046459839849       0.32209425655862628       -4.3764651557216587E-002 -0.38172103810606595     
          42  0.32987215777675738        13.159000000000001        1.4180829567982371       0.31856216859315667       -4.2441574383080889E-002 -0.37645333150836852     
          39  0.32190093457053809        13.121000000000000        1.3648425084657558       0.30749004025706189       -4.1889987867839790E-002 -0.36020118079434088     
          38  0.31924350254350431        13.106999999999999        1.3462877555704498       0.30363375120530384       -4.1294090051212297E-002 -0.35463798176520817     
          36  0.31346114464664604        13.077000000000000        1.3078005598124014       0.29563023169285341       -4.8094722646397428E-002 -0.34326789587786521     
          35  0.31040785279465216        13.061000000000000        1.2878154187575030       0.29146918030806107       -3.8671360597917238E-002 -0.33744700118808180     
          34  0.30736182110501659        13.044000000000000        1.2672714068595903       0.28719329377740438       -4.1919719474930645E-002 -0.33153000681742256     
          33  0.30438568122189053        13.025000000000000        1.2461946295311193       0.28282877462504441       -3.7870440594847288E-002 -0.32551623969468002     
          31  0.29859476368322635        12.987000000000000        1.2024221272353131       0.27369292290499175       -3.6606225595942427E-002 -0.31320281494894381     
          30  0.29563828630388606        12.965999999999999        1.1797185321371797       0.26896008482858347       -3.5965358877757286E-002 -0.30690107124273930     
          29  0.29253860866046388        12.944000000000001        1.1564305719506245       0.26409884911765619       -3.5285842190035860E-002 -0.30049551751844689     
          28  0.28926718711841420        12.920999999999999        1.1324992801440881       0.25909394083677229       -3.4560864567914552E-002 -0.29397682865154529     
          27  0.28585263156506219        12.896000000000001        1.1078706610088096       0.25395074164404596       -3.3800208577697770E-002 -0.28733489934143075     
          26  0.28236574366722678        12.871000000000000        1.0824961806285671       0.24861626114144911       -3.3027784749556137E-002 -0.28056125929476888     
          25  0.27888475184530198        12.843999999999999        1.0563341801266724       0.24311764726860424       -4.3730923058627524E-002 -0.27365107485288048     
          24  0.27545601026401478        12.815000000000000        1.0294288660654940       0.23746148538857237       -3.1535108806955134E-002 -0.26660240362839260     
          23  0.27206762292508313        12.786000000000000        1.0017382902078651       0.23159811639498001       -3.0825514456659358E-002 -0.25941592311296530     
          22  0.26864857555640537        12.755000000000001       0.97327619723863801       0.22556467540197622       -3.0117042787927800E-002 -0.25208997243456388     
          21  0.26509560868719467        12.722000000000000       0.94400323204050096       0.21934792911131298       -3.3935562457330572E-002 -0.24461827348214318     
          20  0.26131792635971396        12.688000000000001       0.91387557290666699       0.21291651435845488       -2.7751871214380493E-002 -0.23698765739128952     
          19  0.25728057885422118        12.653000000000000       0.88276663508448772       0.20623760221349693       -2.6928283944795722E-002 -0.22917974520575379     
          18  0.25302517269203456        12.616000000000000       0.85057299902287009       0.19929911050146881       -2.6458170237220871E-002 -0.22117382320837572     
          17  0.24865359482710334        12.577000000000000       0.81719396129418920       0.19207176903337203       -3.5225896088841066E-002 -0.21295214664295209     
          16  0.24427560694924497        12.537000000000001       0.78262885819588524       0.18453454590343793       -2.5062014713861498E-002 -0.20450417682846220     
          15  0.23993973210024630        12.496000000000000       0.74683416744210840       0.17667236007693907       -4.1522595455691043E-002 -0.19582622089806626     
          14  0.23558114897905158        12.455000000000000       0.70991236624200960       0.16849090309424716       -2.3355294873719821E-002 -0.18691697406190766     
          13  0.23102178006525048        12.414000000000000       0.67179994749511129       0.15997188897950790       -2.2476917088964984E-002 -0.17776711433086945     
          12  0.22604028998953765        12.375000000000000       0.63240400056130919       0.15106534593610277       -2.1517322199565168E-002 -0.16834949747173819     
          11  0.22049368916788986        12.337999999999999       0.59149116245128974       0.14171601864509614       -2.0450074931832526E-002 -0.15861481912500264     
          10  0.21442835827549800        12.305000000000000       0.54875976339166488       0.13183055811198827       -1.9295533046709005E-002 -0.14849906514410910     
           9  0.20808932639908989        12.282000000000000       0.50398806460980006       0.12130162173028941       -1.6242701850146087E-002 -0.13794322084292956     
           8  0.20175440943364023        12.276000000000000       0.45716821590448609       0.11008663520933966       -2.6694689639368798E-002 -0.12691682690497288     
           7  0.19541387016422135        12.302000000000000       0.40861426024393793        9.8186831356738641E-002  -1.9192278850856455E-002 -0.11542025389532867     
           6  0.18848876739027690        12.385000000000000       0.35857466317956177        8.5585272301858945E-002  -2.5199461544687076E-002 -0.10344393911119408     
           5  0.17996168331647186        12.574999999999999       0.30686006755403955        7.2135298146704371E-002  -1.5351324547458810E-002  -9.0875452905657322E-002
           4  0.16926507527293908        12.994999999999999       0.25247301613671574        5.7432025484905114E-002  -1.2579380878438672E-002  -7.7431776776819838E-002
           3  0.15755839273548694        14.055000000000000       0.19488483557543351        4.0988558543126968E-002   1.2363434328740216E-016  -6.2788996771344210E-002
           2  0.14672361769446002        17.481000000000002       0.13798873055607891        2.3334193506010008E-002  -1.3394644213429655E-002  -4.7197041170748001E-002
           1  0.12796028105782253        35.722999999999999        9.4253936701706037E-002   7.7995046870502384E-003   2.0415783923248473E-016  -3.2187117800158357E-002
