         600   1.4833041662935076        11.711000000000000        2.3401218048712553       0.59069042475747546      -0.81397050075423838       -1.1830751160033059     
         599   1.4812532973323873        11.712999999999999        2.3403974732339625       0.59065913606164822      -0.81170823361265843       -1.1825518981931638     
         598   1.4792024283712675        11.715999999999999        2.3406729881624346       0.59057740726205776      -0.80924444157119924       -1.1820276980919131     
         597   1.4771515594101472        11.718000000000000        2.3409484122417150       0.59054608958162036      -0.80692239430309176       -1.1815025491517783     
         595   1.4730498214879071        11.722000000000000        2.3414907808044045       0.59048134788145190      -0.81635541930125921       -1.1804664992820606     
         594   1.4709989525267873        11.724000000000000        2.3417745564900141       0.59045216837907011      -0.79781489569863362       -1.1799211917040719     
         593   1.4689480835656670        11.726000000000001        2.3420479843201574       0.59042039017987458      -0.79741383848681180       -1.1793921344670035     
         592   1.4668972146045471        11.728000000000000        2.3423220937524487       0.59038879461879856      -0.79527919980360073       -1.1788621366369154     
         591   1.4648463456434269        11.730000000000000        2.3425960967278794       0.59035718300382489      -0.79297857666941585       -1.1783311359457533     
         590   1.4627954766823070        11.731999999999999        2.3428698531135130       0.59032552003431027      -0.79053826524720838       -1.1777991185334262     
         589   1.4607446077211870        11.734999999999999        2.3431435044151323       0.59024353939616203      -0.78818491384408995       -1.1772661191580991     
         588   1.4586937387600669        11.737000000000000        2.3434165388761388       0.59021172745661421      -0.78594578041882834       -1.1767321527851435     
         587   1.4566428697989469        11.739000000000001        2.3436897026669810       0.59017995892420949      -0.78358712472617420       -1.1761971604381696     
         586   1.4545920008378268        11.741000000000000        2.3439621297235322       0.59014801572459674      -0.78142016686970794       -1.1756612022893500     
         585   1.4525411318767067        11.743000000000000        2.3442348470865806       0.59011615648483895      -0.77903338804902444       -1.1751241861159982     
         584   1.4504902629155867        11.744999999999999        2.3445069709109569       0.59008415870886388      -0.77671311770495111       -1.1745861977934520     
         583   1.4484393939544666        11.747999999999999        2.3447788617693717       0.59000188745360016      -0.77440245597261148       -1.1740471837676836     
         582   1.4463885249933466        11.750000000000000        2.3450505681873159       0.58996981773228252      -0.77217788296652690       -1.1735072231418990     
         581   1.4443376560322265        11.752000000000001        2.3453262181583026       0.58993875088004621      -0.76276638456542123       -1.1729661518086754     
         580   1.4422867870711065        11.754000000000000        2.3455927667504151       0.58990540564673577      -0.76773815854115657       -1.1724241223746206     
         579   1.4402359181099864        11.756000000000000        2.3458636619786950       0.58987316473151330      -0.76520344589840406       -1.1718809999788797     
         578   1.4381850491488666        11.757999999999999        2.3461345204220536       0.58984092553636858      -0.76296170514916428       -1.1713368790921341     
         577   1.4361341801877463        11.760999999999999        2.3464046305252397       0.58975835967859003      -0.76077906374879523       -1.1707917163632164     
         576   1.4340833112266265        11.763000000000000        2.3466744131810633       0.58972588335834486      -0.75855789031738108       -1.1702455266021166     
         574   1.4299815733043864        11.766999999999999        2.3472158455207421       0.58966143286714778      -0.74991424889071201       -1.1691500580946823     
         573   1.4279307043432661        11.769000000000000        2.3474821745201613       0.58962812210423021      -0.75178963664331533       -1.1686007143668931     
         572   1.4258798353821462        11.771000000000001        2.3477509972989821       0.58959544892877314      -0.74937237396565715       -1.1680502637262331     
         571   1.4238289664210260        11.773999999999999        2.3480193805526675       0.58951260322466670      -0.74727152639473959       -1.1674988440951075     
         569   1.4197272284987859        11.778000000000000        2.3485549091636035       0.58944680362589563      -0.74267101443928263       -1.1663926991877402     
         567   1.4156254905765460        11.782000000000000        2.3490894945222300       0.58938081204547621      -0.73827593133429947       -1.1652825234027060     
         566   1.4135746216154259        11.785000000000000        2.3493560884140128       0.58929764947462471      -0.73603183108076375       -1.1647256739953160     
         565   1.4115237526543059        11.787000000000001        2.3496223718962530       0.58926443989167865      -0.73370104265372338       -1.1641678656582100     
         564   1.4094728836931858        11.789000000000000        2.3498883949812286       0.58923117628247812      -0.73143197093290158       -1.1636088797304682     
         563   1.4074220147320657        11.791000000000000        2.3501541156592576       0.58919784814243403      -0.72918559354105927       -1.1630488264148668     
         562   1.4053711457709457        11.794000000000000        2.3504204964014699       0.58911474214854798      -0.72510746229228629       -1.1624877010920587     
         561   1.4033202768098256        11.795999999999999        2.3506836827095241       0.58908081276411972      -0.72490128202715476       -1.1619255548654057     
         560   1.4012694078487056        11.798000000000000        2.3509489015217757       0.58904740414188694      -0.72259875630630399       -1.1613622097504805     
         559   1.3992185388875855        11.800000000000001        2.3512130531794573       0.58901373950656477      -0.72038073120280255       -1.1607977706970924     
         558   1.3971676699264657        11.803000000000001        2.3514769056696654       0.58893011047424004      -0.71811082814407357       -1.1602322563930416     
         557   1.3951168009653454        11.805000000000000        2.3517401559156945       0.58889625424807168      -0.71592688663851944       -1.1596656033800907     
         556   1.3930659320042256        11.807000000000000        2.3520030345060543       0.58886231644172815      -0.71387472526676765       -1.1590979239223334     
         555   1.3910150630431053        11.808999999999999        2.3522658360716244       0.58882837084981177      -0.71174138974970635       -1.1585290413459159     
         554   1.3889641940819855        11.811999999999999        2.3525280057266951       0.58874443147041478      -0.70952121687104985       -1.1579590630392604     
         553   1.3869133251208652        11.814000000000000        2.3527819309175415       0.58870829917361356      -0.72112235411592362       -1.1573879024710083     
         552   1.3848624561597453        11.816000000000001        2.3530512411742239       0.58867602807668362      -0.70507279074190843       -1.1568157573618598     
         551   1.3828115871986251        11.818000000000000        2.3533124728097934       0.58864174717052031      -0.70286870467701124       -1.1562422927281495     
         550   1.3807607182375052        11.821000000000000        2.3535729594903572       0.58855749820027559      -0.70065640829757125       -1.1556677789007483     
         549   1.3787098492763850        11.823000000000000        2.3538331505853609       0.58852299167864508      -0.69848179939609767       -1.1550920726298510     
         548   1.3766589803152651        11.824999999999999        2.3540927886163914       0.58848835857160242      -0.69648164381795763       -1.1545153117157017     
         547   1.3746081113541451        11.827999999999999        2.3543522778827470       0.58840394909048366      -0.69425191870022096       -1.1539373117577272     
         546   1.3725572423930250        11.830000000000000        2.3546110586261859       0.58836913652818279      -0.69198278845474259       -1.1533581726795255     
         545   1.3705063734319050        11.832000000000001        2.3548694357087054       0.58833423488527814      -0.68990724604963716       -1.1527779889603085     
         544   1.3684555044707849        11.834000000000000        2.3551275083002587       0.58829926897910145      -0.68755416885806164       -1.1521964168000398     
         543   1.3664046355096648        11.837000000000000        2.3553852769185588       0.58821454189972355      -0.68555056596944430       -1.1516138089827008     
         542   1.3643537665485448        11.839000000000000        2.3556421868920596       0.58817932068729994      -0.68337938996886494       -1.1510300293866202     
         541   1.3623028975874247        11.840999999999999        2.3559001465050438       0.58814437341270975      -0.67929360862150168       -1.1504450266824884     
         540   1.3602520286263047        11.843999999999999        2.3561576080153106       0.58805965899306478      -0.67507448035515616       -1.1498588476314180     
         539   1.3582011596651846        11.846000000000000        2.3564105282064194       0.58802348912441249      -0.67693261367345747       -1.1492715368556119     
         538   1.3561502907040646        11.848000000000001        2.3566660137197957       0.58798797151474891      -0.67481372861480915       -1.1486829961496989     
         537   1.3540994217429445        11.851000000000001        2.3569205139471645       0.58790260807242967      -0.67261565913138577       -1.1480931969462873     
         535   1.3499976838207044        11.855000000000000        2.3574287724112200       0.58783097919911398      -0.66846817907248413       -1.1469101426660244     
         534   1.3479468148595846        11.858000000000001        2.3576821364182221       0.58774542261869589      -0.66633964290106817       -1.1463168952817782     
         532   1.3438450769373445        11.862000000000000        2.3581869162504168       0.58767302212569128      -0.66200144057653154       -1.1451264348580559     
         531   1.3417942079762242        11.865000000000000        2.3584388076212379       0.58758718906354412      -0.65983297712131672       -1.1445293949313440     
         530   1.3397433390151043        11.867000000000001        2.3586899225376357       0.58755071313435925      -0.65789373676601659       -1.1439311886260919     
         529   1.3376924700539841        11.869000000000000        2.3589402511228350       0.58751405365556775      -0.65573669000420864       -1.1433316858173217     
         528   1.3356416010928642        11.872000000000000        2.3591906129374358       0.58742793052047082      -0.65369894219665403       -1.1427309792336233     
         527   1.3335907321317442        11.874000000000001        2.3594401996973522       0.58739112247939618      -0.65163581393653058       -1.1421290827395165     
         526   1.3315398631706241        11.875999999999999        2.3596893410315771       0.58735421596412252      -0.64950961620535863       -1.1415258085519724     
         525   1.3294889942095041        11.879000000000000        2.3599380065249260       0.58726776181818086      -0.64734553548515683       -1.1409214313811207     
         524   1.3274381252483840        11.881000000000000        2.3601859116060835       0.58723058401236872      -0.64530827864907403       -1.1403156051207457     
         523   1.3253872562872639        11.884000000000000        2.3604332633584222       0.58714387066494844      -0.64312691908713149       -1.1397085754655372     
         522   1.3233363873261439        11.885999999999999        2.3606801773819144       0.58710648286675438      -0.64102819377889408       -1.1391003235877140     
         521   1.3212855183650238        11.888000000000000        2.3609260959470961       0.58706886011749759      -0.63911252667656837       -1.1384908566218210     
         520   1.3192346494039038        11.891000000000000        2.3611718334412357       0.58698183731728204      -0.63692133169500154       -1.1378800050388289     
         519   1.3171837804427837        11.893000000000001        2.3614170170178221       0.58694406866063720      -0.63491840928593879       -1.1372679285438962     
         518   1.3151329114816637        11.896000000000001        2.3616613014014627       0.58685675281946270      -0.63289076571067704       -1.1366545233680776     
         517   1.3130820425205436        11.898000000000000        2.3619050360225362       0.58681866106575209      -0.63093874114275372       -1.1360399079322170     
         516   1.3110311735594238        11.900000000000000        2.3621485285410464       0.58678052197537589      -0.62869636713303489       -1.1354239230548220     
         515   1.3089803045983035        11.903000000000000        2.3623918989313943       0.58669307171583807      -0.62468986630351275       -1.1348066234608796     
         513   1.3048785666760634        11.907999999999999        2.3628744801112660       0.58656652492399308      -0.62253838423089225       -1.1335681736899794     
         511   1.3007768287538235        11.912000000000001        2.3633550293893140       0.58648881115698592      -0.61864651923531344       -1.1323244233557299     
         509   1.2966750908315834        11.917000000000000        2.3638334372586471       0.58636141042580803      -0.61437487978015315       -1.1310753613629634     
         508   1.2946242218704633        11.920000000000000        2.3640714660221880       0.58627286568133719      -0.61241794004950156       -1.1304488688762364     
         507   1.2925733529093433        11.922000000000001        2.3643087457249967       0.58623334805561311      -0.61032114653846647       -1.1298209834119477     
         506   1.2905224839482232        11.925000000000001        2.3645455436962259       0.58614456755403110      -0.60830987868667330       -1.1291916968028672     
         505   1.2884716149871034        11.927000000000000        2.3647816263316517       0.58610479131871696      -0.60622859892355541       -1.1285611203595063     
         504   1.2864207460259831        11.930000000000000        2.3650168099496831       0.58601568034132512      -0.60432356876115356       -1.1279292018558833     
         503   1.2843698770648633        11.932000000000000        2.3652515627757791       0.58597561292594791      -0.60228226363435144       -1.1272958989709974     
         502   1.2823190081037430        11.935000000000000        2.3654853660373458       0.58588622986249239      -0.60044953345441165       -1.1266611954846879     
         501   1.2802681391426232        11.936999999999999        2.3657188026011697       0.58584587496014517      -0.59825129759877882       -1.1260251215207930     
         500   1.2782172701815029        11.939000000000000        2.3659511739289321       0.58580526982762104      -0.59627674404900333       -1.1253876746759794     
         499   1.2761664012203831        11.942000000000000        2.3661829790173408       0.58571548733032031      -0.59423041974800583       -1.1247488439991149     
         498   1.2741155322592628        11.944000000000001        2.3664140354399046       0.58567459559720492      -0.59231586992547891       -1.1241086180158482     
         497   1.2720646632981429        11.946999999999999        2.3666444588795992       0.58558454162404872      -0.59019895178820814       -1.1234669506396204     
         495   1.2679629253759028        11.952000000000000        2.3671025451123486       0.58545286613478797      -0.58635046239824073       -1.1221794791930986     
         494   1.2659120564147828        11.954000000000001        2.3673305770630182       0.58541130463372604      -0.58425960977603564       -1.1215335757306129     
         493   1.2638611874536627        11.957000000000001        2.3675576679530268       0.58532056814370181      -0.58241749998918602       -1.1208863066517134     
         492   1.2618103184925427        11.959000000000000        2.3677839450022597       0.58527861236077883      -0.58044586708051704       -1.1202375993653397     
         490   1.2577085805703025        11.964000000000000        2.3682343326006570       0.58514529461237763      -0.57651141498245584       -1.1189358090262900     
         489   1.2556577116091825        11.967000000000001        2.3684582394805007       0.58505391411985630      -0.57451889075248475       -1.1182827485978837     
         488   1.2536068426480624        11.970000000000001        2.3686812309718972       0.58496235337053049      -0.57252764772731468       -1.1176283088105592     
         487   1.2515559736869424        11.972000000000000        2.3689038209950937       0.58491959260341386      -0.57072311533277587       -1.1169723399192122     
         486   1.2495051047258223        11.975000000000000        2.3691250614841910       0.58482767149285009      -0.56866279331293446       -1.1163149116670785     
         485   1.2474542357647025        11.977000000000000        2.3693459588190007       0.58478453329012914      -0.56667819279638265       -1.1156559821261987     
         484   1.2454033668035822        11.980000000000000        2.3695655539593199       0.58469227837398130      -0.56472811934125333       -1.1149956519480331     
         483   1.2433524978424624        11.981999999999999        2.3697846801762812       0.58464874382007181      -0.56282793397841491       -1.1143337678532959     
         481   1.2392507599202223        11.987000000000000        2.3702194800417273       0.58451210056430702      -0.55906095515317844       -1.1130056351057163     
         480   1.2371998909591020        11.990000000000000        2.3704359568708000       0.58441922195219764      -0.55694128270784860       -1.1123392308022293     
         479   1.2351490219979822        11.992000000000001        2.3706537965636292       0.58437545210780772      -0.55126235718321037       -1.1116713603069204     
         478   1.2330981530368619        11.994999999999999        2.3708657766029559       0.58428153818854378      -0.55324336257086104       -1.1110020313990741     
         477   1.2310472840757420        11.997999999999999        2.3710792040082067       0.58418802783701940      -0.55114919397372941       -1.1103311168269736     
         476   1.2289964151146218        12.000000000000000        2.3712916298852011       0.58414299206774134      -0.54927550910117851       -1.1096587215562113     
         475   1.2269455461535019        12.003000000000000        2.3715031530800550       0.58404908633184394      -0.54751490148456095       -1.1089847732597051     
         474   1.2248946771923819        12.005000000000001        2.3717137762690257       0.58400364857846399      -0.54547411299213000       -1.1083092701672816     
         473   1.2228438082312618        12.007999999999999        2.3719235872618252       0.58390939525441365      -0.54352809603113683       -1.1076322147552815     
         471   1.2187420703090217        12.013000000000000        2.3723401963559971       0.58376887920944420      -0.53972437802131135       -1.1062734305149777     
         470   1.2166912013479017        12.016000000000000        2.3725513509262046       0.58367507778704897      -0.53122791272681735       -1.1055917110138795     
         469   1.2146403323867816        12.018000000000001        2.3727524168985110       0.58362740063099228      -0.53597477848091946       -1.1049084640981759     
         468   1.2125894634256615        12.021000000000001        2.3729515697987154       0.58353072221052638      -0.53395050778320907       -1.1042235489142738     
         467   1.2105385944645415        12.023999999999999        2.3731655151301325       0.58343772872075061      -0.52556652889249600       -1.1035370633552910     
         466   1.2084877255034214        12.026000000000000        2.3733635583310129       0.58338937973501981      -0.53038229216834809       -1.1028490557705164     
         465   1.2064368565423016        12.029000000000000        2.3735652069910524       0.58329343829545888      -0.52847334008769009       -1.1021593341751170     
         464   1.2043859875811813        12.031000000000001        2.3737658112911695       0.58324576266416284      -0.52656204153284247       -1.1014680770026528     
         463   1.2023351186200615        12.034000000000001        2.3739654499877028       0.58314940315542607      -0.52464634251970044       -1.1007751633732752     
         461   1.1982333806978214        12.039000000000000        2.3743610142677620       0.58300433883641278      -0.52095756228844581       -1.0993846274580521     
         460   1.1961825117367011        12.042000000000000        2.3745570938579519       0.58290722979788612      -0.51921687382083703       -1.0986867947393819     
         459   1.1941316427755813        12.045000000000000        2.3747521463331940       0.58280991705868790      -0.51732129236384061       -1.0979874187168437     
         458   1.1920807738144610        12.047000000000001        2.3749461878358584       0.58276077464986176      -0.51540300968357733       -1.0972862293596759     
         457   1.1900299048533411        12.050000000000001        2.3751393021312057       0.58266306328195050      -0.51348779618128004       -1.0965834948362740     
         456   1.1879790358922209        12.053000000000001        2.3753306507763501       0.58256496751793729      -0.51177760946813511       -1.0958791016585754     
         455   1.1859281669311010        12.055000000000000        2.3755215062173165       0.58251511708762782      -0.50974616332030309       -1.0951729934404948     
         454   1.1838772979699810        12.058000000000000        2.3757107149774579       0.58241657420608628      -0.50810999928930856       -1.0944654172330694     
         453   1.1818264290088609        12.061000000000000        2.3759034308688936       0.58231893992254080      -0.49951638367759255       -1.0937558512691476     
         452   1.1797755600477409        12.063000000000001        2.3760862310573261       0.58226718937849498      -0.50426426248376910       -1.0930447181987681     
         451   1.1777246910866208        12.066000000000001        2.3762718522804325       0.58216789455742413      -0.50256794010877404       -1.0923318717225321     
         450   1.1756738221255008        12.069000000000001        2.3764563223301027       0.58206836714159893      -0.50076934840260834       -1.0916173371370610     
         449   1.1736229531643807        12.071000000000000        2.3766397853110326       0.58201685472316378      -0.49880094838305800       -1.0909010224208102     
         448   1.1715720842032606        12.074000000000000        2.3768217089609611       0.58191678261692670      -0.49708049584593472       -1.0901830689175922     
         447   1.1695212152421406        12.077000000000000        2.3770028090960658       0.58181655865683957      -0.49523377314994554       -1.0894634182967848     
         446   1.1674703462810205        12.080000000000000        2.3771823291966867       0.58171599782947803      -0.49349709067154329       -1.0887418277081526     
         444   1.1633686083587804        12.085000000000001        2.3775376047768497       0.58156222383456557      -0.48981926987552443       -1.0872936811759673     
         443   1.1613177393976606        12.087999999999999        2.3777127876393966       0.58146073202524229      -0.48812132165763233       -1.0865669396591091     
         442   1.1592668704365403        12.090999999999999        2.3778876288431587       0.58135920704925481      -0.48622142300215054       -1.0858383860669800     
         441   1.1572160014754205        12.093000000000000        2.3780608125984433       0.58130539292168548      -0.48447584919194353       -1.0851081036813295     
         440   1.1551651325143002        12.096000000000000        2.3782324825559860       0.58120317343515915      -0.48262398496338660       -1.0843761270322501     
         439   1.1531142635531804        12.099000000000000        2.3784029765243222       0.58110071731788870      -0.48079733750451675       -1.0836421061190167     
         438   1.1510633945920601        12.102000000000000        2.3785717393374286       0.58099788913914141      -0.47908519851708176       -1.0829063712101490     
         437   1.1490125256309403        12.103999999999999        2.3787392767571860       0.58094280465465942      -0.47739534258583938       -1.0821689116992412     
         436   1.1469616566698200        12.106999999999999        2.3789056268144235       0.58083946896716332      -0.47555233427491583       -1.0814295536473435     
         435   1.1449107877087001        12.109999999999999        2.3790701886575825       0.58073574797159067      -0.47374502813698904       -1.0806885478394679     
         434   1.1428599187475799        12.113000000000000        2.3792337146213347       0.58063182555512771      -0.47189508184893614       -1.0799454374838851     
         433   1.1408090497864600        12.115000000000000        2.3793999665972052       0.58057653786701058      -0.46367013973913834       -1.0792005159825400     
         432   1.1387581808253400        12.118000000000000        2.3795559526856493       0.58047085846139879      -0.46840849677139834       -1.0784538234299954     
         431   1.1367073118642199        12.121000000000000        2.3797013362149144       0.58036264561104711      -0.60772317812395404       -1.0777231146567874     
         430   1.1346564429030999        12.124000000000001        2.3798719041732745       0.58026062678398316      -0.46494722691616369       -1.0769547918681934     
         429   1.1326055739419798        12.127000000000001        2.3800282036893607       0.58015518035961300      -0.46318321421010833       -1.0762024574678377     
         428   1.1305547049808597        12.129000000000000        2.3801827503339381       0.58009718226509976      -0.46135983471182418       -1.0754557358964476     
         427   1.1285038360197397        12.132000000000000        2.3803353695799547       0.57999092298310784      -0.45969218174456966       -1.0746921348860916     
         426   1.1264529670586196        12.135000000000000        2.3804867188174170       0.57988440686676523      -0.45793876918607140       -1.0739340729306381     
         425   1.1244020980974996        12.138000000000000        2.3806365873499447       0.57977758279374580      -0.45621870130335296       -1.0731741234869037     
         424   1.1223512291363795        12.141000000000000        2.3807844797536233       0.57967033036716020      -0.45447078086536385       -1.0724122832221938     
         423   1.1203003601752597        12.143000000000001        2.3809313816377538       0.57961061796712698      -0.45287202588714542       -1.0716485065172996     
         422   1.1182494912141394        12.146000000000001        2.3810761853014246       0.57950269919849406      -0.45100402061843498       -1.0708826777182201     
         420   1.1141477532918993        12.151999999999999        2.3813614860523620       0.57928597390406811      -0.44749858638421997       -1.0693452517285440     
         419   1.1120968843307795        12.154999999999999        2.3815013809828836       0.57917702137301330      -0.44578677946994899       -1.0685735815865038     
         418   1.1100460153696592        12.157999999999999        2.3816396625684471       0.57906773034438408      -0.44419392541348030       -1.0677999764855046     
         417   1.1079951464085394        12.161000000000000        2.3817763146984521       0.57895809715255542      -0.44245386883700100       -1.0670243179637495     
         416   1.1059442774474191        12.163000000000000        2.3819112484001894       0.57889569132735264      -0.44072795630996453       -1.0662467301284619     
         414   1.1018425395251790        12.169000000000000        2.3821758476948518       0.57867453931913537      -0.43724825299073572       -1.0646853785431905     
         413   1.0997916705640591        12.172000000000001        2.3823055323598350       0.57856341000415701      -0.43559094037301616       -1.0639017052047153     
         412   1.0977408016029391        12.175000000000001        2.3824334374605565       0.57845190337915520      -0.43398381421485133       -1.0631159699557571     
         411   1.0956899326418190        12.178000000000001        2.3825596479081375       0.57834004033421305      -0.43221837662381446       -1.0623281807913205     
         410   1.0936390636806990        12.180999999999999        2.3826834890425550       0.57822765740673754      -0.43054434633917893       -1.0615383371187119     
         409   1.0915881947195789        12.183999999999999        2.3828059205402390       0.57811498781688986      -0.42892618091517087       -1.0607464408723983     
         408   1.0895373257584589        12.186999999999999        2.3829265207536321       0.57800192950166507      -0.42723996344934517       -1.0599524334097554     
         407   1.0874864567973388        12.189000000000000        2.3830451209438062       0.57793585248125046      -0.42546211361811165       -1.0591563023395825     
         406   1.0854355878362187        12.192000000000000        2.3831621793037856       0.57782202585182396      -0.42382754120392413       -1.0583581138836677     
         405   1.0833847188750987        12.195000000000000        2.3832767572730069       0.57770765397751567      -0.42229528047479764       -1.0575578053588828     
         403   1.0792829809528586        12.201000000000001        2.3835006702346755       0.57747780868485932      -0.41884279105293482       -1.0559458274006119     
         401   1.0751812430306187        12.207000000000001        2.3837300106512496       0.57724950366477368      -0.39591811752028389       -1.0543352162900070     
         400   1.0731303740694984        12.210000000000001        2.3838215482460026       0.57712983482647839      -0.41379458507178662       -1.0535242093513899     
         399   1.0710795051083786        12.212999999999999        2.3839244919285649       0.57701298554636304      -0.41219685040119680       -1.0527110864525790     
         398   1.0690286361472583        12.215999999999999        2.3840256310496653       0.57689575698306639      -0.41058127230903219       -1.0518956721671897     
         397   1.0669777671861385        12.218999999999999        2.3841241924716492       0.57677796237504131      -0.40903033707166953       -1.0510780017340096     
         396   1.0649268982250182        12.222000000000000        2.3842207094211654       0.57665973110801594      -0.40733237082279117       -1.0502582498179460     
         395   1.0628760292638983        12.225000000000000        2.3843156305507525       0.57654117199020982      -0.40569472465996531       -1.0494362110399003     
         394   1.0608251603027781        12.228000000000000        2.3844072306729918       0.57642186820507557      -0.40406434151250009       -1.0486119903885396     
         393   1.0587742913416582        12.231000000000000        2.3844979279844534       0.57630240474749750      -0.40251765497003827       -1.0477855162366529     
         392   1.0567234223805380        12.234000000000000        2.3845887481979715       0.57618302957571665      -0.39722569740946312       -1.0469567888543971     
         391   1.0546725534194181        12.237000000000000        2.3846719485528554       0.57606187221691441      -0.39919337462107601       -1.0461257795482721     
         390   1.0526216844582981        12.240000000000000        2.3847556175332771       0.57594088742644456      -0.39758757329203115       -1.0452924850822567     
         389   1.0505708154971780        12.243000000000000        2.3848372835480856       0.57581947831123148      -0.39590887363077237       -1.0444569414637261     
         388   1.0485199465360580        12.246000000000000        2.3849161385064273       0.57569745011721263      -0.39440396749300821       -1.0436190574898030     
         387   1.0464690775749379        12.249000000000001        2.3849928612929121       0.57557496713580247      -0.39285366861034410       -1.0427788517231247     
         386   1.0444182086138178        12.252000000000001        2.3850673154152133       0.57545199676918268      -0.39112279123042931       -1.0419363679900053     
         385   1.0423673396526978        12.255000000000001        2.3851394888484307       0.57532853647471438      -0.38956282710821094       -1.0410915265871408     
         384   1.0403164706915777        12.257999999999999        2.3852090907866890       0.57520451648288962      -0.38806267589793508       -1.0402443766543104     
         383   1.0382656017304577        12.260999999999999        2.3852765702735250       0.57508004546703451      -0.38640835744157775       -1.0393949239624121     
         381   1.0341638638082178        12.266999999999999        2.3854038798474551       0.57482944274232206      -0.38326690372857630       -1.0376885507493276     
         380   1.0321129948470975        12.270000000000000        2.3854640462420629       0.57470339286837857      -0.38160195287011989       -1.0368318620545176     
         379   1.0300621258859777        12.273000000000000        2.3855214942809559       0.57457674987424234      -0.38010386860451895       -1.0359727792015954     
         378   1.0280112569248574        12.276000000000000        2.3855764692823165       0.57444957326765422      -0.37855063075629686       -1.0351112760142491     
         377   1.0259603879637376        12.279000000000000        2.3856290227488235       0.57432187583860472      -0.37693797169836962       -1.0342473080458199     
         376   1.0239095190026175        12.282000000000000        2.3856815835507827       0.57419424255779838      -0.37169773898413755       -1.0333808696812843     
         375   1.0218586500414975        12.285000000000000        2.3857261592842005       0.57406475020806202      -0.37380471281291644       -1.0325120069908627     
         374   1.0198077810803774        12.288000000000000        2.3857707096750342       0.57393531499044814      -0.37216928957893947       -1.0316407096386071     
         373   1.0177569121192573        12.291000000000000        2.3858127223518411       0.57380533261949540      -0.37082264022321265       -1.0307668648364372     
         372   1.0157060431581373        12.295000000000000        2.3858522235188846       0.57362815060094241      -0.36907570707311010       -1.0298906716529888     
         370   1.0116043052358972        12.301000000000000        2.3859226513628831       0.57336527937789883      -0.36593603870526004       -1.0281303650174345     
         369   1.0095534362747771        12.304000000000000        2.3859536574525579       0.57323292896245692      -0.36444905212622591       -1.0272464251131852     
         368   1.0075025673136571        12.307000000000000        2.3859864476445081       0.57310107160321266      -0.35670413901335668       -1.0263599914168771     
         367   1.0054516983525370        12.310000000000000        2.3860074045112700       0.57296643690419591      -0.36138706319522129       -1.0254709995261035     
         366   1.0034008293914169        12.313000000000001        2.3860300928006941       0.57283228348703086      -0.35980870693810119       -1.0245793442402220     
         365   1.0013499604302969        12.316000000000001        2.3860498748104244       0.57269749786296076      -0.35832221250377327       -1.0236851579939565     
         364  0.99929909146917695        12.319000000000001        2.3860666592823616       0.57256205859551157      -0.35668504037998128       -1.0227883952814059     
         363  0.99724822250805689        12.323000000000000        2.3860801779202556       0.57237944996718482      -0.35532597643820207       -1.0218889937711766     
         362  0.99519735354693684        12.326000000000001        2.3860916008549600       0.57224287919822536      -0.35371925889573708       -1.0209869379445327     
         361  0.99314648458581678        12.329000000000001        2.3860913176948015       0.57210356816892372      -0.36467376177631655       -1.0200821836430811     
         360  0.99109561562469672        12.332000000000001        2.3861040867853167       0.57196745364449442      -0.35076067343478978       -1.0191747696106119     
         359  0.98904474666357667        12.335000000000001        2.3861061856402443       0.57182884821374014      -0.34914594626700524       -1.0182647608361159     
         358  0.98699387770245661        12.337999999999999        2.3861047929527532       0.57168947364465950      -0.34780324539968493       -1.0173520319830991     
         357  0.98494300874133656        12.342000000000001        2.3861003526497031       0.57150312752868015      -0.34631628440053269       -1.0164366026092333     
         356  0.98289213978021650        12.345000000000001        2.3860928434489170       0.57136244651261703      -0.34475324245878575       -1.0155539562784062     
         355  0.98084127081909656        12.348000000000001        2.3860820664824312       0.57122105156114777      -0.34333869207825990       -1.0145974669844506     
         354  0.97879040185797650        12.351000000000001        2.3860680653730579       0.57107895363514383      -0.34176730119931953       -1.0136737786077257     
         353  0.97673953289685644        12.353999999999999        2.3860508179734290       0.57093614794728864      -0.34024638558330678       -1.0127473926748105     
         352  0.97468866393573639        12.358000000000001        2.3860305286007661       0.57074649577872705      -0.33881382123254256       -1.0118181476392454     
         351  0.97263779497461633        12.361000000000001        2.3860065036985993       0.57060223084061457      -0.33724296381834418       -1.0108861473862685     
         350  0.97058692601349628        12.364000000000001        2.3859792145010159       0.57045725545989079      -0.33582484824542608       -1.0099512889741171     
         349  0.96853605705237622        12.367000000000001        2.3859485834443306       0.57031155161358449      -0.33432939759281555       -1.0090135924542278     
         348  0.96648518809125616        12.369999999999999        2.3859143552810704       0.57016505883488200      -0.33285335484763656       -1.0080730772794051     
         347  0.96443431913013611        12.374000000000001        2.3858769045628399       0.56997180141066728      -0.33143725174701805       -1.0071297009519062     
         345  0.96033258120789611        12.380000000000001        2.3857913369758359       0.56967513137728942      -0.32849506553761293       -1.0052342922322111     
         343  0.95623084328565600        12.387000000000000        2.3856913379909219       0.56932933898050486      -0.32548857711528506       -1.0033271385247113     
         342  0.95417997432453594        12.390000000000001        2.3856358486616491       0.56917824788801319      -0.32421111569989963       -1.0023692117254273     
         341  0.95212910536341588        12.393000000000001        2.3855766312621536       0.56902634069702818      -0.32278832964046844       -1.0014082907936104     
         340  0.95007823640229583        12.396000000000001        2.3855140222413094       0.56887369823305733      -0.32116940876961086       -1.0004443729218508     
         339  0.94802736744117577        12.400000000000000        2.3854508328227229       0.56867512666422826      -0.31505536011540042      -0.99947753579332976     
         338  0.94597649848005572        12.403000000000000        2.3853765477901629       0.56851987249123648      -0.31845582173660547      -0.99850759601900907     
         336  0.94187476055781560        12.409000000000001        2.3852267758018355       0.56820930302831896      -0.31206666975082126      -0.99655867780006990     
         335  0.93982389159669555        12.413000000000000        2.3851418131509821       0.56800596836464101      -0.31413117604682061      -0.99557961584483778     
         334  0.93777302263557560        12.416000000000000        2.3850554948078293       0.56784817347084837      -0.31276496829251521      -0.99459752625227826     
         333  0.93572215367445555        12.419000000000000        2.3849655255956757       0.56768958580201601      -0.31130366860463471      -0.99361230609693207     
         332  0.93367128471333549        12.423000000000000        2.3848712105863030       0.56748435674425701      -0.30976770464400633      -0.99262390547568236     
         330  0.92956954679109538        12.429000000000000        2.3846703696674885       0.56716264084116341      -0.30701339647230175      -0.99063776119574887     
         329  0.92751867782997532        12.433000000000000        2.3845636039583020       0.56695478609917460      -0.30569427416000355      -0.98963993484979518     
         328  0.92546780886885527        12.436000000000000        2.3844525605819071       0.56679162134304928      -0.30426183308759625      -0.98863891539855175     
         327  0.92341693990773521        12.439000000000000        2.3843413056844347       0.56662848502300145      -0.29804754400644939      -0.98763462476758623     
         326  0.92136607094661516        12.443000000000000        2.3842173026981635       0.56641687399127805      -0.30142290102551084      -0.98662720378132618     
         325  0.91931520198549510        12.446000000000000        2.3840938091142427       0.56625101291799651      -0.30008358370282739      -0.98561642074818834     
         324  0.91726433302437516        12.449000000000000        2.3839548736472556       0.56608156503468632      -0.29864982096342835      -0.98460250958630069     
         323  0.91521346406325510        12.452999999999999        2.3838325253735211       0.56587069239890231      -0.29726695147384274      -0.98358522116653502     
         322  0.91316259510213504        12.456000000000000        2.3837000833760844       0.56570297238005440      -0.28992892816905397      -0.98255952122462220     
         321  0.91111172614101499        12.460000000000001        2.3835531217886476       0.56548650036046355      -0.29461366281610246      -0.98154072068867149     
         320  0.90906085717989493        12.462999999999999        2.3834063921019766       0.56531557815396372      -0.29321793487863812      -0.98051341253206403     
         319  0.90700998821877488        12.465999999999999        2.3832552837504677       0.56514369989673219      -0.29185149808635258      -0.97948275950008534     
         315  0.89880651237429465        12.480000000000000        2.3826025709793601       0.56435511979229258      -0.28631375789418734      -0.97532603873034507     
         314  0.89675564341317471        12.483000000000001        2.3824269952917532       0.56417791236938786      -0.28506872401574412      -0.97427822957243948     
         313  0.89470477445205465        12.487000000000000        2.3822467194269552       0.56395451038119937      -0.28371558706153421      -0.97322696695497013     
         312  0.89265390549093460        12.490000000000000        2.3820614185929245       0.56377519679480215      -0.28233035731311357      -0.97217224867788654     
         311  0.89060303652981454        12.494000000000000        2.3818707563855908       0.56354959149852202      -0.28095499009350000      -0.97111375109688514     
         310  0.88855216756869448        12.497000000000000        2.3816749902291687       0.56336800005934939      -0.27970755354406840      -0.97005179245700257     
         309  0.88650129860757443        12.500000000000000        2.3814742682683234       0.56318532380570274      -0.27830831649005894      -0.96898626980653246     
         308  0.88445042964645437        12.504000000000000        2.3812679851213847       0.56295639468311720      -0.27699536100846572      -0.96791721131021480     
         307  0.88239956068533432        12.507000000000000        2.3810566756698428       0.56277141700893341      -0.27571215271897193      -0.96684444965913119     
         306  0.88034869172421426        12.510999999999999        2.3808392963597629       0.56254012652759056      -0.27431652909572751      -0.96576802308527598     
         305  0.87829782276309420        12.513999999999999        2.3806201555508562       0.56235350218315461      -0.26963639148208068      -0.96468799566364849     
         304  0.87624695380197415        12.518000000000001        2.3803896216176113       0.56211936816770092      -0.27168288020855724      -0.96360420294903482     
         303  0.87419608484085420        12.521000000000001        2.3801563232505698       0.56192960652127844      -0.27041274750788941      -0.96253407235140320     
         302  0.87214521587973415        12.525000000000000        2.3799171235256855       0.56169369348712095      -0.26901901637648762      -0.96142550812321970     
         301  0.87009434691861409        12.528000000000000        2.3796724097143223       0.56150144624411436      -0.26786232801372245      -0.96033054818786334     
         300  0.86804347795749404        12.532000000000000        2.3794220199732825       0.56126316212037353      -0.26644082433726135      -0.95923180601644842     
         299  0.86599260899637398        12.535000000000000        2.3791685737503929       0.56106906594728301      -0.26189690091267209      -0.95812915885384464     
         298  0.86394174003525392        12.539000000000000        2.3789037202796544       0.56082764294805632      -0.26385271601972848      -0.95702270375027731     
         297  0.86189087107413387        12.542000000000000        2.3786355337037328       0.56063028506564039      -0.26260744528106461      -0.95591238797291289     
         296  0.85984000211301381        12.545999999999999        2.3783613964396229       0.56038694922527166      -0.26134708673308626      -0.95479821697727407     
         294  0.85573826419077370        12.553000000000001        2.3777950217034021       0.55994108330931924      -0.25881868505971489      -0.95255805343143407     
         293  0.85368739522965376        12.555999999999999        2.3775025458476913       0.55973843885128338      -0.25742033479315396      -0.95143202836500895     
         292  0.85163652626853370        12.560000000000000        2.3772035650364125       0.55948981118750096      -0.25621183735700903      -0.95030199976439034     
         290  0.84753478834629359        12.567000000000000        2.3765868398973033       0.55903309801459544      -0.25372730078207395      -0.94802991311326379     
         289  0.84548391938517353        12.570000000000000        2.3762684444187148       0.55882480046420457      -0.25233170883713391      -0.94688778417184238     
         288  0.84343305042405348        12.574000000000000        2.3759439607458899       0.55857074469237367      -0.25122894275174018      -0.94574156003649068     
         287  0.84138218146293342        12.577000000000000        2.3756125296180697       0.55835960948483221      -0.24990593304274053      -0.94459124714722076     
         286  0.83933131250181336        12.581000000000000        2.3752745981109205       0.55810268322158318      -0.24864218482747802      -0.94343676149767297     
         285  0.83728044354069331        12.585000000000001        2.3749299330773277       0.55784433865089877      -0.24735022022697437      -0.94227802693458440     
         283  0.83317870561845320        12.592000000000001        2.3742191309192378       0.55736736161309441      -0.24499988689248470      -0.93994801491384095     
         282  0.83112783665733325        12.595000000000001        2.3738532857123369       0.55714873771830853      -0.24366829266142045      -0.93877689501857664     
         281  0.82907696769621320        12.599000000000000        2.3734802655347385       0.55688433018022077      -0.24258295196592750      -0.93760100744566599     
         280  0.82702609873509314        12.602000000000000        2.3731006653049795       0.55666271617135510      -0.24112829562830951      -0.93642097891756426     
         279  0.82497522977397308        12.606000000000000        2.3727130604133837       0.55639518959713574      -0.23993395303040441      -0.93523659422152827     
         278  0.82292436081285303        12.609999999999999        2.3723183793172802       0.55612617392072394      -0.23864153464218299      -0.93404785958783076     
         277  0.82087349185173297        12.613000000000000        2.3719203283941956       0.55590060927280360      -0.23294264274281357      -0.93285473563866328     
         275  0.81677175392949286        12.619999999999999        2.3710893674496618       0.55539762297018691      -0.23497551126740021      -0.93045510024433398     
         274  0.81472088496837280        12.624000000000001        2.3706535693634705       0.55511959363562424      -0.23398699255162189      -0.92924861209986320     
         273  0.81267001600725275        12.628000000000000        2.3702327094023872       0.55484523728592505      -0.23103826994411050      -0.92803754454402454     
         272  0.81061914704613280        12.631000000000000        2.3697819556109936       0.55460796409094826      -0.24279266029097407      -0.92682190039210643     
         271  0.80856827808501275        12.635000000000000        2.3693416981832778       0.55432938349482641      -0.23037870667112975      -0.92560169515793234     
         270  0.80651740912389269        12.638999999999999        2.3688847903070021       0.55404708493605270      -0.22903717071732446      -0.92437683363447076     
         269  0.80446654016277264        12.641999999999999        2.3684249497708953       0.55380808285034000      -0.22214583176414593      -0.92314730301137693     
         268  0.80241567120165258        12.646000000000001        2.3679467236723184       0.55352112218722505      -0.22679332811816402      -0.92191313431209798     
         267  0.80036480224053252        12.650000000000000        2.3674651384625212       0.55323355803799179      -0.22545311908431850      -0.92067416502960653     
         266  0.79831393327941247        12.653000000000000        2.3669799323888325       0.55298903055688908      -0.21861476334394309      -0.91943050324080144     
         264  0.79421219535717236        12.661000000000000        2.3659687075897358       0.55240351846523394      -0.22203958938107288      -0.91692886228462833     
         263  0.79216132639605230        12.664000000000000        2.3654527568826738       0.55215222349194171      -0.22076352665343438      -0.91570523964703365     
         262  0.79011045743493225        12.667999999999999        2.3649276749659012       0.55185535023482990      -0.21971295139445346      -0.91440767743901363     
         261  0.78805958847381230        12.670999999999999        2.3643937477204955       0.55160013004442132      -0.21852653866206104      -0.91313968707655524     
         259  0.78395785055157219        12.679000000000000        2.3633033622268771       0.55099786942935680      -0.21043519457195736      -0.91058885162305647     
         258  0.78190698159045213        12.683000000000000        2.3627369811170835       0.55069208558351201      -0.21488081492437838      -0.90930589811407769     
         257  0.77985611262933208        12.686000000000000        2.3621656870249819       0.55042873508374368      -0.21390936270198704      -0.90801794322201645     
         256  0.77780524366821202        12.690000000000000        2.3615852264658983       0.55012001956857204      -0.21266410529131818      -0.90672481904771152     
         254  0.77370350574597191        12.696999999999999        2.3603979129321622       0.54954030562108691      -0.20727538335958876      -0.90412327080994748     
         253  0.77165263678485185        12.701000000000001        2.3597851073178013       0.54922460917364535      -0.20931006257817419      -0.90281447217239763     
         252  0.76960176782373180        12.705000000000000        2.3591655658499944       0.54890754427941923      -0.20804801587184282      -0.90150052373374534     
         251  0.76755089886261185        12.709000000000000        2.3585355183869936       0.54858823530693457      -0.20698144553949296      -0.90018137867953851     
         250  0.76550002990149180        12.712000000000000        2.3578949279566155       0.54830980562927567      -0.20582886487699240      -0.89885681110890525     
         249  0.76344916094037174        12.715999999999999        2.3572446394228073       0.54798615503946013      -0.20476400078975973      -0.89752693408752593     
         248  0.76139829197925168        12.720000000000001        2.3565837778235470       0.54766025086711800      -0.20353634409787627      -0.89619159672476001     
         247  0.75934742301813163        12.723000000000001        2.3559122525066116       0.54737509328212541      -0.20241870875023804      -0.89485085141912990     
         246  0.75729655405701157        12.727000000000000        2.3552294347075580       0.54704446069011892      -0.20146241659281058      -0.89350459713885511     
         245  0.75524568509589152        12.731000000000000        2.3545365151734137       0.54671169029072719      -0.20018070425903020      -0.89215276691978718     
         244  0.75319481613477146        12.734999999999999        2.3538320439542044       0.54637644753293479      -0.19918203134701132      -0.89079539642497318     
         243  0.75114394717365141        12.738000000000000        2.3531164782533693       0.54608170776046694      -0.19802296033257963      -0.88943241205082957     
         242  0.74909307821253135        12.742000000000001        2.3523896669237434       0.54574166415410486      -0.19691563775128362      -0.88806380390438522     
         241  0.74704220925141140        12.746000000000000        2.3516516111995305       0.54539922615539393      -0.19584341927737214      -0.88668941120266331     
         240  0.74499134029029135        12.750000000000000        2.3509015182379742       0.54505421219806427      -0.19475945155924482      -0.88530937389615461     
         239  0.74294047132917129        12.753000000000000        2.3501537405724036       0.54475266358210361      -0.17860877086709251      -0.88392347491929590     
         238  0.74088960236805124        12.757000000000000        2.3493554357830515       0.54439686994061165      -0.20684159263508908      -0.88253176755947438     
         237  0.73883873340693118        12.760999999999999        2.3485816721730703       0.54404698429347298      -0.19146645616442146      -0.88113416270451761     
         235  0.73473699548469107        12.768000000000001        2.3469740997038904       0.54337652426238858      -0.18932183604016456      -0.87832116023993811     
         234  0.73268612652357101        12.772000000000000        2.3461544811695694       0.54301664640802805      -0.18526968573286365      -0.87690568087802589     
         233  0.73063525756245096        12.776000000000000        2.3453166939806547       0.54265279008757539      -0.18721620519637450      -0.87548414775678307     
         232  0.72858438860133090        12.779999999999999        2.3444689040027420       0.54228684784036818      -0.18618518734930667      -0.87405642840030007     
         231  0.72653351964021085        12.784000000000001        2.3436077863723934       0.54191805280825822      -0.18506420915567670      -0.87262261482026671     
         230  0.72448265067909090        12.787000000000001        2.3427342987739985       0.54158898039011083      -0.18392241732329187      -0.87118258926675862     
         229  0.72243178171797084        12.791000000000000        2.3418525378453987       0.54121583463461309      -0.17751616377234036      -0.86973628024682093     
         228  0.72038091275685079        12.795000000000000        2.3409464938668698       0.54083731198573715      -0.18188753451218093      -0.86828369989720366     
         227  0.71833004379573073        12.798999999999999        2.3400365200973652       0.54045811830196255      -0.17674924206860060      -0.86682475405072179     
         226  0.71627917483461068        12.802000000000000        2.3391046098194304       0.54011628335197404      -0.17985109575970704      -0.86535943285569061     
         225  0.71422830587349062        12.805999999999999        2.3381626571308680       0.53973014029971345      -0.17877928544291055      -0.86388764428450671     
         224  0.71217743691237057        12.810000000000000        2.3372065825000865       0.53934097957563953      -0.17772722008314759      -0.86240932591771113     
         223  0.71012656795125051        12.814000000000000        2.3362360122482020       0.53894871780135811      -0.17677932637716254      -0.86092445474902057     
         221  0.70602483002901040        12.821000000000000        2.3342515424840653       0.53819691353627508      -0.17467910459948857      -0.85793485620356114     
         220  0.70397396106789045        12.824999999999999        2.3332368571746529       0.53779517680877675      -0.17369467936220276      -0.85642997017462941     
         219  0.70192309210677040        12.829000000000001        2.3322073831920731       0.53739028297369296      -0.17259458789745075      -0.85491833506136272     
         217  0.69782135418453028        12.837000000000000        2.3301018765838730       0.53657053087346518      -0.17052462536647475      -0.85187451795711799     
         214  0.69166874730117012        12.848000000000001        2.3268255445163897       0.53535731798772468      -0.16757249394704959      -0.84725662022744286     
         213  0.68961787834005006        12.852000000000000        2.3257011752298884       0.53493208073200216      -0.16659602983018973      -0.84570322357876337     
         212  0.68756700937893001        12.856000000000000        2.3245616352664120       0.53450361978610439      -0.16416804896161030      -0.84414247701403899     
         211  0.68551614041780995        12.859000000000000        2.3234022861307682       0.53411240477284472      -0.16459071384480253      -0.84257460311327737     
         210  0.68346527145668989        12.863000000000000        2.3222277386126651       0.53367638672311535      -0.16354100328039364      -0.84099943927092491     
         209  0.68141440249556995        12.867000000000001        2.3210357270371071       0.53323662755896606      -0.16245331985995323      -0.83941690564906424     
         208  0.67936353353444989        12.871000000000000        2.3198262109412635       0.53279312147526958      -0.16167538918766697      -0.83782697787198024     
         207  0.67731266457332984        12.874000000000001        2.3185993808342236       0.53238726617209309      -0.16060310993101781      -0.83622954551779427     
         206  0.67526179561220978        12.878000000000000        2.3173541795927814       0.53193607364806106      -0.15965938136886640      -0.83462462551718974     
         203  0.66910918872884961        12.890000000000001        2.3135094034803529       0.53055913963484747      -0.15681832512187127      -0.82976381358130580     
         202  0.66705831976772956        12.893000000000001        2.3121901384148686       0.53013320898276062      -0.15590485271191104      -0.82812799885327137     
         201  0.66500745080660950        12.897000000000000        2.3108519425904697       0.52966206530147497      -0.15486987896445104      -0.82648426400889963     
         200  0.66295658184548945        12.901000000000000        2.3094940503019359       0.52918670062369544      -0.15402282718365812      -0.82483266903289509     
         199  0.66090571288436950        12.904999999999999        2.3081170148860752       0.52870724562412663      -0.15295497610014872      -0.82317302110269819     
         198  0.65885484392324944        12.909000000000001        2.3067225568253367       0.52822409808408521      -0.14912923519735630      -0.82150524970243188     
         197  0.65680397496212939        12.912000000000001        2.3053019313017455       0.52777613124014922      -0.15111170172444990      -0.81982939527333931     
         195  0.65270223703988928        12.920000000000000        2.3024053812377696       0.52678660892743334      -0.14916732228369345      -0.81645284594141698     
         194  0.65065136807876922        12.923999999999999        2.3009253997724084       0.52628505502415823      -0.14828560364223106      -0.81475221450754598     
         193  0.64860049911764917        12.927000000000000        2.2994270551840836       0.52582028561563310      -0.14449343343277585      -0.81304288810601455     
         192  0.64654963015652911        12.930999999999999        2.2979011634852604       0.52530880688652781      -0.14644383566451716      -0.81132515440577968     
         191  0.64449876119540905        12.935000000000000        2.2963463348824686       0.52479103145633499      -0.15533293129818293      -0.80959876936980524     
         190  0.64244789223428900        12.939000000000000        2.2947896489055357       0.52427315181918477      -0.14461490899495535      -0.80786371342574548     
         189  0.64039702327316905        12.942000000000000        2.2931983261364701       0.52378815035804860      -0.14369638525460479      -0.80611995774932099     
         188  0.63834615431204900        12.946000000000000        2.2915862390653268       0.52325821038506370      -0.14278687862555847      -0.80436730566453041     
         187  0.63629528535092894        12.949999999999999        2.2899505257448327       0.52272320466340971      -0.14184870032480928      -0.80260579850221125     
         185  0.63219354742868883        12.957000000000001        2.2866075584254704       0.52167812288898452      -0.14003457879185427      -0.79905559156774320     
         184  0.63014267846756877        12.961000000000000        2.2849040387719510       0.52112859396750211      -0.13524118311875905      -0.79726679104528109     
         183  0.62809180950644872        12.965000000000000        2.2831676306271049       0.52057190541504195      -0.13826343609759442      -0.79546878484300465     
         182  0.62604094054532866        12.968000000000000        2.2814101892261922       0.52005086560123504      -0.13740559173904765      -0.79366142550420071     
         181  0.62399007158420861        12.972000000000000        2.2796276651736780       0.51948430082703356      -0.13655401170546724      -0.79184460433682879     
         180  0.62193920262308855        12.976000000000001        2.2778196650949503       0.51891228163498415      -0.13550908521061200      -0.79001830833911324     
         179  0.61988833366196849        12.980000000000000        2.2759854764399550       0.51833465079100460      -0.13462141889276097      -0.78818239218441477     
         178  0.61783746470084855        12.983000000000001        2.2741244948903723       0.51779115506686102      -0.13389814371825795      -0.78633682188825604     
         177  0.61578659573972849        12.987000000000000        2.2722370923143749       0.51720206842713601      -0.13289958307117039      -0.78448142686612943     
         176  0.61373572677860844        12.991000000000000        2.2703222751395242       0.51660710641852581      -0.13210994274051249      -0.78261617474194400     
         175  0.61168485781748838        12.994000000000000        2.2683799285319663       0.51604595946091514      -0.13120295395133072      -0.78074091293026093     
         174  0.60963398885636833        12.997999999999999        2.2664101116585496       0.51543916531936040      -0.13034740240062620      -0.77887061891492337     
         173  0.60758311989524827        13.000999999999999        2.2644111781127658       0.51486572366277161      -0.12945020955550710      -0.77696013160422683     
         171  0.60348138197300816        13.009000000000000        2.2603272796647480       0.51362110563724883      -0.12757943282205764      -0.77313834125415926     
         170  0.60143051301188810        13.012000000000000        2.2582408407861654       0.51302868839739957      -0.12687162168593286      -0.77121198612896136     
         169  0.59937964405076805        13.016000000000000        2.2561238903850578       0.51239024502689068      -0.12606101211419146      -0.76927481260058983     
         168  0.59732877508964810        13.019000000000000        2.2539769537956738       0.51178469342434485      -0.12518972060069772      -0.76732695189935762     
         167  0.59527790612852804        13.023000000000000        2.2517985858700516       0.51113303422604717      -0.12439779396615810      -0.76536849308916144     
         166  0.59322703716740799        13.026999999999999        2.2495886505188070       0.51047461196609978      -0.12345487727553416      -0.76339898171026976     
         165  0.59117616820628793        13.029999999999999        2.2473472904477956       0.50984859106757230      -0.12264814426246282      -0.76141859108563004     
         164  0.58912529924516788        13.034000000000001        2.2450728039102144       0.50917627657042241      -0.12186381802666635      -0.75942707486707539     
         163  0.58707443028404782        13.037000000000001        2.2427655588848379       0.50853595148274122      -0.12095543324812572      -0.75742437690762754     
         162  0.58502356132292777        13.041000000000000        2.2404255999895488       0.50784955950380373      -0.12011926632516014      -0.75542477957571053     
         161  0.58297269236180771        13.044000000000000        2.2380508439961022       0.50719458361436498      -0.11939039706049311      -0.75338493480857760     
         160  0.58092182340068765        13.048000000000000        2.2356415965571186       0.50649327349345374      -0.11855769857933431      -0.75134789949712277     
         159  0.57887095443956760        13.051000000000000        2.2331976420234283       0.50582328707718993      -0.11770512108866020      -0.74929923123479980     
         156  0.57271834755620754        13.061000000000000        2.2256512258561418       0.50372804130408810      -0.11394658949080143      -0.74308198240579049     
         155  0.57066747859508749        13.065000000000000        2.2230703332312993       0.50298986875673268      -0.10552610042006391      -0.74098561125377205     
         154  0.56861660963396743        13.068000000000000        2.2204324426207376       0.50227768846189902      -0.11368767102456528      -0.73887662027211931     
         153  0.56656574067284737        13.071000000000000        2.2177664163430553       0.50155947205196971      -0.11304092473759457      -0.73675538248535588     
         152  0.56451487171172732        13.074999999999999        2.2150618960399613       0.50079457700469043      -0.11210888759114850      -0.73462189144076784     
         151  0.56246400275060726        13.077999999999999        2.2123173339111228       0.50005933344864062      -0.11139918931540010      -0.73247519024393815     
         150  0.56041313378948721        13.081000000000000        2.2095321346075245       0.49931524385061826      -0.11056104515535764      -0.73031592866162298     
         149  0.55836226482836715        13.085000000000001        2.2067069503847638       0.49852435982870769      -0.10982398062493863      -0.72814375480953397     
         148  0.55631139586724709        13.087999999999999        2.2038301709463557       0.49776033561890648      -0.11772503883172049      -0.72595845004742687     
         147  0.55426052690612715        13.090999999999999        2.2009230386656315       0.49698980761771494      -0.11479554333120487      -0.72376002449520227     
         145  0.55015878898388704        13.097000000000000        2.1949825064897484       0.49542131120651162      -0.10668929610510847      -0.71932287532623929     
         144  0.54810792002276698        13.101000000000001        2.1919420944047880       0.49458401852664935      -0.10595477025917856      -0.71708387368627724     
         142  0.54400618210052687        13.106999999999999        2.1857263562520610       0.49295575177827200      -0.10438555794889229      -0.71256439212207245     
         141  0.54195531313940681        13.109999999999999        2.1825493181446851       0.49212658090271166      -0.10369193122709769      -0.71028364074127792     
         140  0.53990444417828676        13.113000000000000        2.1793274785028030       0.49128768977466430      -0.10047795909158273      -0.70798854241559162     
         139  0.53785357521716670        13.116000000000000        2.1760522096515076       0.49043714056462184      -0.10215844732342380      -0.70567909585207655     
         137  0.53375183729492659        13.122000000000000        2.1693603359520903       0.48870536923484031      -0.10070299930776357      -0.70101630796262759     
         136  0.53170096833380665        13.125000000000000        2.1659394087685522       0.48782318764003790       -9.9895378046323174E-002 -0.69866097798419791     
         135  0.52965009937268659        13.128000000000000        2.1624677593183903       0.48692998793625153       -9.9263002050688998E-002 -0.69629397006387594     
         134  0.52759923041156653        13.130000000000001        2.1589434940775427       0.48606236780314332       -9.8494254219857691E-002 -0.69391000849704088     
         133  0.52554836145044648        13.132999999999999        2.1553649276858500       0.48514584471247607       -9.7805134221556178E-002 -0.69151066419154661     
         132  0.52349749248932642        13.135999999999999        2.1517341255698268       0.48421798532611338       -9.7017905757555506E-002 -0.68909573673126878     
         131  0.52144662352820637        13.138999999999999        2.1480481920841350       0.48327814593310819       -9.6290363522010591E-002 -0.68666506946968708     
         130  0.51939575456708631        13.141000000000000        2.1443066739070140       0.48236293669200792       -9.5618316234811040E-002 -0.68421841630268088     
         129  0.51734488560596625        13.144000000000000        2.1405085987605044       0.48139865764462547       -9.4947788251941376E-002 -0.68175575948093470     
         127  0.51324314768372625        13.148999999999999        2.1327488997005313       0.47947111595423586       -8.5295963370677991E-002 -0.67678108360115030     
         126  0.51119227872260620        13.151999999999999        2.1287651529962246       0.47846635109818386       -9.2771022449811530E-002 -0.67426891913576836     
         125  0.50914140976148614        13.154000000000000        2.1247311653610339       0.47748705182032980       -9.2028044138741563E-002 -0.67173978955690861     
         124  0.50709054080036609        13.157000000000000        2.1206356272889422       0.47645800425158924       -9.1482325627091979E-002 -0.66919374283203859     
         122  0.50298880287812597        13.161000000000000        2.1122382460756843       0.47442707037977189      -0.10601405225716357      -0.66404926780539930     
         121  0.50093793391700603        13.164000000000000        2.1079686423019885       0.47336017960292087       -8.9319504895263219E-002 -0.66145066608224712     
         119  0.49683619599476586        13.167999999999999        2.0991856459718914       0.47124469991011225       -8.8046812065949095E-002 -0.65621017787815605     
         118  0.49478532703364586        13.170000000000000        2.0947085779499215       0.47016823535028957       -8.7350131574642026E-002 -0.65354654082657171     
         117  0.49273445807252580        13.172000000000001        2.0901501949469776       0.46907384888611348       -8.6590814981522907E-002 -0.65087498050378356     
         116  0.49068358911140575        13.173999999999999        2.0855231791333844       0.46796439439477144       -8.5931795261456195E-002 -0.64818468110739591     
         115  0.48863272015028569        13.176000000000000        2.0808234927213896       0.46683897284808601       -8.5313560603525476E-002 -0.64547545888612634     
         114  0.48658185118916564        13.178000000000001        2.0760412377345761       0.46569537121234150       -9.2344071630954330E-002 -0.64274688670051161     
         113  0.48453098222804564        13.180000000000000        2.0712029245635328       0.46453954364409294       -8.4029151052704629E-002 -0.63999879706838170     
         112  0.48248011326692558        13.182000000000000        2.0662799759627188       0.46336508723592729       -8.3270326056941818E-002 -0.63723106710716726     
         111  0.48042924430580553        13.183999999999999        2.0612796463478489       0.46217363702804287       -8.2647104412854555E-002 -0.63444353699991796     
         110  0.47837837534468547        13.185000000000000        2.0562038304149208       0.46100058687855794       -7.9897980862368587E-002 -0.63163551538718510     
         108  0.47427663742244541        13.189000000000000        2.0458127179896324       0.45853179394428706       -7.2691460787464052E-002 -0.62595652104243482     
         107  0.47222576846132536        13.190000000000000        2.0404791282166976       0.45730169362723078       -8.0068732441248860E-002 -0.62308806683141238     
         106  0.47017489950020530        13.191000000000001        2.0350828060813808       0.45605772162739877       -7.1973697277169194E-002 -0.62019675073951608     
         105  0.46812403053908525        13.193000000000000        2.0295809416376254       0.45475581611850552       -7.8833571376036235E-002 -0.61728405263897634     
         104  0.46607316157796519        13.194000000000001        2.0239844230329829       0.45346746652396730       -9.3013484769345248E-002 -0.61434952475651805     
         103  0.46402229261684519        13.195000000000000        2.0183368260959460       0.45216786913236628       -7.3970968993340450E-002 -0.61139294621767271     
         102  0.46197142365572513        13.196000000000000        2.0125730447907588       0.45084244190511080       -7.6964247940210825E-002 -0.60841406827528244     
         101  0.45992055469460508        13.196999999999999        2.0067225010040737       0.44949778109840244       -7.6362021601272409E-002 -0.60541256065995730     
         100  0.45786968573348502        13.198000000000000        2.0007855811933584       0.44813397764253343       -6.8467455051920645E-002 -0.60238810811584864     
          99  0.45581881677236497        13.199000000000000        1.9947353655696878       0.44674500687752211       -7.5098158191366490E-002 -0.59934055318183355     
          98  0.45376794781124496        13.199000000000000        1.9885974428950317       0.44537034517811430       -7.4493182925437107E-002 -0.59626641148877157     
          96  0.44966620988900485        13.201000000000001        1.9760218100039635       0.44248683221024665       -7.3358383378908876E-002 -0.59005555932292941     
          95  0.44761534092788480        13.201000000000001        1.9695816932720205       0.44104470903257992       -7.2695946504893902E-002 -0.58691214197730845     
          94  0.44556447196676474        13.201000000000001        1.9630356750049116       0.43957887152413783       -7.2127813165528631E-002 -0.58374399184771097     
          93  0.44351360300564469        13.201000000000001        1.9563840313500145       0.43808938152208116       -7.1580528555537482E-002 -0.58055079856814940     
          92  0.44146273404452469        13.202000000000000        1.9496245259657043       0.43654266933752983       -7.0943698103795097E-002 -0.57733216897237638     
          91  0.43941186508340463        13.201000000000001        1.9427525447187803       0.43503690846372006       -7.0331898201858742E-002 -0.57408787066197853     
          90  0.43736099612228457        13.201000000000001        1.9357779060849489       0.43347509080600449       -6.2941975918798437E-002 -0.57081760839470708     
          89  0.43531012716116452        13.201000000000001        1.9286751977090391       0.43188459473280411       -6.5718841243790488E-002 -0.56752071080802757     
          88  0.43325925820004446        13.201000000000001        1.9214557871665856       0.43026796576384091       -6.8636064436149460E-002 -0.56419723529865307     
          86  0.42915752027780441        13.199999999999999        1.9066666092463000       0.42698859825210272       -6.7449561354689935E-002 -0.55746857544879869     
          85  0.42710665131668435        13.199000000000000        1.8990879934051084       0.42532362604023072       -6.6963626340977453E-002 -0.55406272949993407     
          84  0.42505578235556429        13.198000000000000        1.8913853237545200       0.42363061607195351       -6.5428054982977074E-002 -0.55062870866484959     
          83  0.42300491339444424        13.196999999999999        1.8835519383201278       0.42190806971809286       -6.5799638423627127E-002 -0.54716611480726218     
          80  0.41685230651108413        13.193000000000000        1.8592728967861147       0.41659593180982446       -5.7630607843505467E-002 -0.53660091363039364     
          79  0.41480143754996407        13.191000000000001        1.8508961522559666       0.41478188486695899       -6.3637095696803009E-002 -0.53302266139557952     
          78  0.41275056858884401        13.189000000000000        1.8423925714104372       0.41293885969611854       -5.9832136693405154E-002 -0.52941842525001037     
          77  0.41069969962772401        13.186999999999999        1.8337368443398128       0.41106116949509452       -6.2590585893810682E-002 -0.52576972405501177     
          76  0.40864883066660396        13.185000000000000        1.8249498801943471       0.40915348631744441       -5.5669258380542770E-002 -0.52209645749705713     
          75  0.40659796170548390        13.183000000000000        1.8159973452394216       0.40720809772651312       -6.1479384443863853E-002 -0.51839166830706884     
          74  0.40454709274436385        13.180000000000000        1.8069026619243491       0.40526098530713356       -6.0907063182226800E-002 -0.51466217682908844     
          73  0.40249622378324379        13.177000000000000        1.7976547695000515       0.40327861597858877       -6.0419593836643984E-002 -0.51088525857971390     
          72  0.40044535482212373        13.175000000000001        1.7882531348712483       0.40123038980375902       -5.8159474354806534E-002 -0.50708296833268496     
          71  0.39839448586100373        13.170999999999999        1.7786905733404597       0.39920603876603133       -5.7609201942313781E-002 -0.50324726805523645     
          70  0.39634361689988368        13.167999999999999        1.7689636154267874       0.39711338999641099       -5.8857658029807261E-002 -0.49937789608462652     
          69  0.39429274793876362        13.164999999999999        1.7590830729070039       0.39498530153768108       -5.2411500402001363E-002 -0.49547427107590314     
          68  0.39224187897764357        13.161000000000000        1.7490127631363284       0.39284346962907235       -5.7875901304553848E-002 -0.49153620137473769     
          66  0.38814014105540351        13.153000000000000        1.7283933030816858       0.38844828049929248       -5.6869238505590183E-002 -0.48355451683564121     
          65  0.38608927209428345        13.148000000000000        1.7178180269865977       0.38621835443599073       -5.6304407264357891E-002 -0.47951043427688606     
          64  0.38403840313316345        13.143000000000001        1.7070560935857639       0.38394474943669915       -5.3011899457834077E-002 -0.47542950812112161     
          63  0.38198753417204340        13.138000000000000        1.6961270894809100       0.38163182265468720       -5.5324980179811398E-002 -0.47131222996826772     
          62  0.37993666521092334        13.132999999999999        1.6849997531002689       0.37927249258706136       -5.9030266519185665E-002 -0.46715788543070597     
          61  0.37788579624980334        13.128000000000000        1.6736964707395081       0.37687174700954379       -5.4384402767528386E-002 -0.46296601974788376     
          60  0.37583492728868328        13.122000000000000        1.6622007413539244       0.37445435577639091       -5.0710725823675654E-002 -0.45873569953978388     
          59  0.37378405832756323        13.116000000000000        1.6505016510374448       0.37198891949454976       -5.3437557530743342E-002 -0.45446844056059327     
          58  0.37173318936644317        13.109000000000000        1.6385989075842056       0.36950349116919523       -6.0911504404085000E-002 -0.45016134481006048     
          57  0.36968232040532312        13.102000000000000        1.6265169972398137       0.36697498340831031       -5.2436247998796308E-002 -0.44581619111546766     
          56  0.36763145144420312        13.095000000000001        1.6142211697933690       0.36439548258854015       -5.2030157543319654E-002 -0.44143462396269062     
          55  0.36558058248308306        13.087999999999999        1.6017208259022941       0.36176703013669959       -4.9344933913861196E-002 -0.43700587146893305     
          54  0.36352971352196300        13.080000000000000        1.5890022896228684       0.35911391003799087       -5.1076077299746170E-002 -0.43254130021685477     
          53  0.36147884456084295        13.071000000000000        1.5760699691516586       0.35643646500344189       -5.0668122904257019E-002 -0.42803593952712149     
          52  0.35942797559972289        13.063000000000001        1.5629132642783712       0.35367747283944623       -4.9450936819803004E-002 -0.42348861091764139     
          51  0.35737710663860289        13.053000000000001        1.5495282498317917       0.35091716242407978       -4.8926345128219820E-002 -0.41889841266034777     
          50  0.35532623767748284        13.042999999999999        1.5356645877977264       0.34804413834042502      -0.18426897052143071      -0.41424918522415211     
          49  0.34871520155202596        13.032000000000000        1.5212215781567076       0.34506177690681317       -4.8948318804191017E-002 -0.40943100522380921     
          48  0.34564463831856845        13.020000000000000        1.5064166066691318       0.34201846932100255       -4.8103135011715557E-002 -0.40457193484677417     
          47  0.34274818382831290        13.007999999999999        1.4912357096471385       0.33888411749655323       -4.7329708460473012E-002 -0.39964231244764237     
          45  0.33819423380168157        12.981999999999999        1.4599521115931011       0.33243937284529163       -4.6304937532611556E-002 -0.38961435726765559     
          43  0.33275615525618196        12.952999999999999        1.4273012739564874       0.32573223295073905       -4.4960421434232380E-002 -0.37933614249772946     
          42  0.32977708561423058        12.936999999999999        1.4103241985190846       0.32225586342562440       -6.0158126528503872E-002 -0.37408230132009423     
          41  0.32694795007690847        12.920000000000000        1.3929699936125686       0.31870927042324099       -4.1261945787524977E-002 -0.36875159740485652     
          39  0.32183561716487746        12.884000000000000        1.3570433703142595       0.31135687526402706       -4.1100453130266647E-002 -0.35787859918056708     
          38  0.31926680727559503        12.865000000000000        1.3384946955949188       0.30755466049597741       -4.1758404290081721E-002 -0.35233742199528573     
          37  0.31649783804399156        12.845000000000001        1.3195022528843101       0.30366271873841860       -4.9539279052484023E-002 -0.34671870053067883     
          36  0.31350861533785429        12.823000000000000        1.3000307135280291       0.29969494591689688       -4.8695010008936501E-002 -0.34101304084864437     
          35  0.31038467521566054        12.801000000000000        1.2800435260354055       0.29559445873174839       -3.9053090399547220E-002 -0.33521298677535111     
          34  0.30725770215265358        12.776999999999999        1.2594931117480803       0.29139517103472695       -3.8888471212497472E-002 -0.32931528772885305     
          32  0.30133346749888734        12.725000000000000        1.2167713075664415       0.28266147292844546       -4.0863285470603625E-002 -0.31723246289486084     
          31  0.29850210134252608        12.696999999999999        1.1946247420626990       0.27812871815334272       -4.4547292756862873E-002 -0.31105221842031316     
          30  0.29562454507885327        12.667999999999999        1.1719654303688367       0.27347787413779279       -3.6274327904709205E-002 -0.30477821097105107     
          29  0.29258948574877730        12.638000000000000        1.1487268450779413       0.26869146293430723       -3.5598787953164818E-002 -0.29840280261084995     
          28  0.28933861824007906        12.605000000000000        1.1248519425153669       0.26379585132654604       -3.4862680292470583E-002 -0.29191597756564025     
          27  0.28589134512728631        12.570000000000000        1.1002791949440112       0.25875161664233237       -3.1278738197590028E-002 -0.28530566026433113     
          26  0.28233343515726783        12.534000000000001        1.0749441877723516       0.25351967766628003       -3.3263633289205376E-002 -0.27856171985084821     
          24  0.27529889084716169        12.454000000000001        1.0219365347640534       0.24256632744521031       -3.0754305521459468E-002 -0.26465885639039127     
          23  0.27191472745891360        12.410000000000000       0.99428424207822663       0.23683954801783993       -3.0052282597445728E-002 -0.25750175702163047     
          21  0.26508144716467641        12.315000000000000       0.93671422364857915       0.22484754353812209       -2.9543011089328788E-002 -0.24277552810201974     
          20  0.26137569406622035        12.263999999999999       0.90670287724719312       0.21854873677906850       -2.7247601150875492E-002 -0.23518781556677049     
          19  0.25736394365953813        12.208000000000000       0.87573328049046573       0.21205219996116098       -2.7905148006884678E-002 -0.22742599258480373     
          18  0.25307257289506863        12.148999999999999       0.84368184146134040       0.20528329899562364       -2.6989326892605598E-002 -0.21946657429810601     
          17  0.24861767509309574        12.086000000000000       0.81044554444173134       0.19822421088743924       -2.6047353991855753E-002 -0.21128949192896770     
          16  0.24414885384816262        12.018000000000001       0.77598151445472530       0.19086865995521318       -2.5121132386655760E-002 -0.20288324496396945     
          15  0.23976279515785684        11.945000000000000       0.74031290841029240       0.18320807708069944       -2.2943460497302243E-002 -0.19424585131358826     
          14  0.23542646430746347        11.867000000000001       0.70347820192164601       0.17523673428377262       -4.0794328562537105E-002 -0.18537952737760605     
          13  0.23095647613069964        11.784000000000001       0.66555281566230673       0.16695723349957173       -2.2511120782402375E-002 -0.17627940102115405     
          12  0.22608486338190648        11.695000000000000       0.62638859671926772       0.15832848833235649       -2.1564852284748446E-002 -0.16692090468360563     
          11  0.22060037989830650        11.599000000000000       0.58575386243682392       0.14928289929329547       -2.7519581245856781E-002 -0.15725402632910529     
          10  0.21449921363973354        11.494999999999999       0.54334374216536208       0.13972725990617421       -1.8735321421404817E-002 -0.14720957217487257     
           9  0.20803544732058513        11.381000000000000       0.49885396054304754       0.12957119070488438       -2.4398035675443724E-002 -0.13672239055176363     
           8  0.20156865523834280        11.259000000000000       0.45230252900494444       0.11875301522588960       -2.1953931074369184E-002 -0.12575727302095327     
           7  0.19520325005344075        11.129000000000000       0.40397358792972493       0.10730310216006483       -2.5150152459820774E-002 -0.11431935004466412     
           6  0.18841352020463925        10.997000000000000       0.35425536601159907        9.5226464588773083E-002  -2.0126541218925348E-002 -0.10241069767087839     
           5  0.18008129218151531        10.867000000000001       0.30298620957594713        8.2419247213786490E-002  -1.8201482157537537E-002  -8.9933203066984824E-002
           4  0.16940352602659089        10.749000000000001       0.24919590605225911        6.8531192481480305E-002  -1.1150659488136733E-002  -7.6603470783770652E-002
           3  0.15741541930813960        10.690000000000000       0.19218076939514409        5.3143196247871893E-002  -1.3038418585100731E-002  -6.2074498055750230E-002
           2  0.14637878732167892        10.888000000000000       0.13570644638081192        3.6844088306866141E-002  -1.2492536424917001E-002  -4.6567676798431309E-002
           1  0.12817851850563264        11.861000000000001        9.1915045629871822E-002   2.2907661117133743E-002   1.8420661170256966E-016  -3.1634742518418170E-002
