0.0007927136793428298	1.4132239527621642
0.0019833236255408274	2.827522101435966
0.003271264917539518	4.242313996408922
0.004605557052781227	5.657404674617631
0.005995721833650237	7.0726999722847985
0.007476281735373402	8.48815179412018
0.009093612045386987	9.90373742007781
0.010899775993711962	11.319449561725294
0.012949225615775417	12.73529087582897
0.015296882946772969	14.151270646489419
0.017996962127747273	15.567402642799356
0.02110222195914041	16.983703666143203
0.024663484227216394	18.40019252748567
0.02872932427991372	19.816889306147495
0.033345877802990885	21.233814800398434
0.03855672854889696	22.65099011328509
0.04440285406740625	24.06843633662501
0.05092261395954408	25.486174308089698
0.058151769869675664	26.904224423948733
0.06612352952287084	28.32260649503695
0.07486860915456336	29.741339636887915
0.08441531009849394	31.160442187266298
0.09478960625402155	32.57993164598176
0.10601523987702277	33.99982463299856
0.11811382362858201	35.42013686170483
0.1311049471952512	36.84088312483691
0.14500628708396995	38.26207729099393
0.15983371840932364	39.683732310035026
0.17560142766459005	41.10586022594803
0.1923220256165411	42.528472195948545
0.21000665956437228	43.95157851476211
0.22866512432950573	45.375188643192594
0.24830597139135555	46.799311240146956
0.26893661570719746	48.22395419744334
0.29056343977665305	49.64912467675808
0.3131918945999839	51.07482914815323
0.3368265972401566	52.50107342973232
0.3614714247197146	53.92786272793197
0.38712960409472447	55.3552016781507
0.4138037984844277	56.783094385280165
0.44149618900882515	58.21154446392474
0.4702085525292067	59.64055507803473
0.49994233514688297	61.070128979719236
0.530698721460388	62.500268547076615
0.5624786995834185	63.9309758208575
0.5952831219949071	65.36225253988904
0.6291127622608411	66.7941001751142
0.663968367708334	68.22651996216392
0.6998507081869212	69.65951293246185
0.7367606210004781	71.09307994277066
0.7746990521294862	72.52722170315624
0.8136670939248374	73.96193880342189
0.8536660193677923	75.39723173795653
0.8946973130704762	76.83310092904277
0.9367626991671586	78.26954674865773
0.979864166224755	79.7065695387574
1.0240039893819868	81.14416963016888
1.0691847498240086	82.58234736006591
1.1154093517328056	84.02110308806182
1.162681036963428	85.460437211117
1.2110033974269763	86.90035017708134
1.2603803854915998	88.34084249716685
1.3108163224311804	89.78191475725652
1.3623159051044649	91.22356762817738
1.4148842109392352	92.66580187492286
1.4685267014642571	94.10861836504637
1.5232492243128055	95.55201807601777
1.5790580140333057	96.99600210190575
1.6359596916237809	98.44057165918079
1.693961262984481	99.88572809181775
1.7530701164024212	101.33147287578687
1.8132940190339273	102.77780762278239
1.8746411126640983	104.22473408354321
1.937119908615271	105.67225415049629
2.058980916252446	107.20031712550386
2.1276915240880627	108.65658942554276
2.1970833421635843	110.1137685902394
2.26734833160315	111.57185322954842
2.3385824141436	113.03084373085845
2.4108487752632373	114.49074147485979
2.4841947912816216	115.95154850510487
2.558658865168346	117.41326735015299
2.634273789078005	118.8759009150678
2.71106861168191	120.33945240951668
2.7890697652121776	121.8039252974561
2.868301788235706	123.26932326022397
2.9487878112264654	124.73565016871099
3.0305498947757834	126.20291006171146
3.113609272180584	127.67110712885142
3.1979865273770405	129.1402456965429
3.2837017281532317	130.6103302166139
3.3707745274341105	132.08136525683184
3.459224241015787	133.55335549264703
3.549069908106451	135.02630570032366
3.640330338725026	136.50022075100244
3.7330241508112794	137.97510560521
3.82716979974781	139.45096530840775
3.9227856013823046	140.92780498655426
4.019889750419069	142.40562984256343
4.118500334529334	143.88444515259616
4.218635345560768	145.36425626314627
4.320312687793007	146.84506858783635
4.423550184360867	148.32688760494693
4.528365581572702	149.80971885460244
4.634776551949043	151.2935679364382
4.742800696026217	152.7784405074041
4.8524555428868545	154.2643422792941
4.963758550155523	155.75127901692832
5.076727102908368	157.2392565358414
5.191378512186869	158.72828070041484
5.307730012991657	160.21835742208273
5.425798761605657	161.70949265721254
5.545601832758671	163.20169240539508
5.667156216482915	164.6949627077868
5.79047881446579	166.18930964509093
5.9155864364389155	167.68473933600046
6.042495796252488	169.1812579354526
6.171223507796823	170.67887163289976
6.30178608094231	172.1775866508452
6.434199917100287	173.67740924291448
6.568481304990703	175.17834569242484
6.704646416215405	176.68040231073164
6.842711300791145	178.18358543558483
6.982691882814667	179.68790142976346
7.124603955816358	181.19335667919717
7.268463178421522	182.6999575916247
7.4142850698785505	184.20771059500424
7.5620850056432145	185.71662213598705
7.711878212999866	187.22669867840372
7.863679766725895	188.73794670176113
8.017504584809426	190.25037269975192
8.173367424225319	191.76398317877477
8.331282876740735	193.27878465640367
8.491265364969397	194.7947836601826
8.653329138148218	196.31198672580666
8.817488268347097	197.83040039593777
8.983756646589018	199.35003121872347
9.15214797909355	200.87088574638767
9.322675783615669	202.39297053383655
9.495353385877273	203.9162921372751
9.670193916101622	205.4408571128382
9.847210305648648	206.9666720152346
10.0264152837551	208.49374339640377
10.207821374382414	210.02207780418846
10.391440893173423	211.55168178101948
10.577285944520774	213.08256186261656
10.76536841874773	214.61472457670314
10.95569998940422	216.14817644173652
11.14829211067816	217.6829239656536
11.343156014923814	219.21897364463186
11.540302710308552	220.75633196186683
11.739742978578368	222.29500538636512
11.941487372943124	223.83500037175503
12.145546216081458	225.37632335511267
12.351929598267445	226.91898075580605
12.560647375617364	228.46297897435628
12.771709168457406	230.0083243913159
12.985124359813694	231.55502336616541
13.200902094022165	233.1030822362279
13.419051275460225	234.65250731560096
13.63958056739849	236.20330489410867
13.862498390972625	237.75548123627044
14.087812924275642	239.30904258028988
14.31553210156805	240.8639951370618
14.545663612606917	242.4203450891993
14.778214902092325	243.97809859007896
15.013193169230016	245.53726176290667
15.250605367409367	247.09784069980205
15.490458203996203	248.65984146090284
15.732758140237765	250.22327007348952
15.977511391280336	251.78813253112904
16.224723926296438	253.3544347928393
16.47440146872151	254.92218278227284
16.72654949659739	256.49138238692115
16.981173243026788	258.0620394573394
17.23827769670705	259.6341598063901
17.497867602615162	261.2077492085088
17.759947462744282	262.7828133989879
18.02452153696326	264.35935807328315
18.291593843967853	265.9373888863375
18.5611681623262	267.51691145192785
18.833248031617398	269.0979313420298
19.107836753660052	270.68045408620435
19.384937393829492	272.2644851710031
19.664552782460124	273.8500300393944
19.946685516332934	275.43709409020914
20.231337960244453	277.0256826776065
20.518512248653167	278.61580111055946
20.80821028740519	280.20745465235944
21.10043375546655	281.80064852000777
21.395184107062008	283.39538788429303
21.692462573216595	284.99167786855685
21.992270164030423	286.5895235488062
22.294607670686446	288.18892995318345
22.599475667586827	289.7899020615861
22.906874514549393	291.39244480530675
23.216804359062454	292.99656306669027
23.5292651385939	294.60226167881
23.844256582954525	296.2095454251619
24.161778216636627	297.8184190392282
24.481829361566064	299.42888720479976
24.804409139174073	301.04095455483827
25.129516473235135	302.6546256718292
25.457150092385003	304.2699050874179
25.78730853274913	305.886797282208
26.119990140606685	307.5053066855772
26.45519307508969	309.12543767551
26.79291531083249	310.7471945782848
27.133154641041664	312.37058166898
27.47590867981661	313.9956031703954
27.821174865267185	315.6222632535844
28.16895046226872	317.2505660376071
28.519232565314784	318.88051558945597
28.87201810130424	320.51211592382526
29.22730383275236	322.1453710037466
29.585086360205267	323.780284739543
29.94536212547368	325.4168609894857
30.308127414473738	327.0551035596243
30.673378360072515	328.6950162036178
31.041110945358113	330.33660262346945
31.411321006076996	331.9798664685011
31.784004233909343	333.6248113361075
32.15915617932846	335.2714407716419
32.536772254452806	336.91975826830276
32.91684773633422	338.5697672679623
33.2993777693689	340.22147116015276
33.68435736857136	341.87487328291104
34.07178142231875	343.5299769225215
34.46164469561854	345.1867853144138
34.853941832473666	346.8453016421545
35.2486673591256	348.50552903835927
35.64581568674873	350.16747058446344
36.045381114679095	351.83112931168637
36.44735783270634	353.4965082000221
36.85173992426852	355.1636101792169
37.258521369071936	356.8324381285599
37.667696046261995	358.50299487791494
38.07925773662408	360.1752832067016
38.493200125611985	361.8493058447219
38.90951680636263	363.52506547302823
39.32820128182312	365.20256472290237
39.74924696781088	366.8818061769338
40.17264719546919	368.56279236884234
40.59839521429237	370.2455257846109
41.02648419413168	371.93000886144284
41.45690722805894	373.61624398867355
41.88965733521894	375.30423350872707
42.3247274627405	376.99397971606027
42.762110488517024	378.6854848581073
43.20179922397975	380.378751136268
43.643786415906746	382.0737807048377
44.08806474912064	383.7705756719811
44.534626849172255	385.4691381007532
44.983465284045494	387.169470008009
45.43457256676557	388.87157336540724
45.887941157993694	390.5754501004618
46.343563467513746	392.2811020951851
46.801431857289934	393.9885311883373
47.261538642888794	395.6977391740734
47.72387609592999	397.4087278029868
48.18843644652463	399.12149878320275
48.65521188457568	400.8360537789805
49.12419456269064	402.55239441304275
49.5953765974165	404.27052226518157
50.06875007152931	405.9904388733357
50.544307036313356	407.71214573472645
51.02203951267074	409.43564430440756
51.50193949388984	411.1609359976791
51.98399894668781	412.8880221886365
52.46820981334012	414.616904211286
52.954564013803065	416.34758336071855
53.443053446625996	418.08006089159693
53.933669991583436	419.81433802065726
54.42640551040322	421.55041592491864
54.921251849334645	423.2882957442046
55.41820083992617	425.02797857961235
55.917244300933795	426.7694654946691
56.41837404022676	428.51275751655646
56.92158185543367	430.2578556345023
57.426859536386615	432.00476080240077
57.934198865576775	433.75347393690765
58.44359162054154	435.5039959200822
58.95502957425045	437.25632759745946
59.4685044974369	439.010469780715
59.98400815891407	440.7664232457118
60.501532327853965	442.52418873519093
61.021068774033466	444.28376695678907
61.542609270062705	446.04515858575616
62.06614559156166	447.8083642629422
62.591669519339845	449.57338459754334
63.11917283950497	451.34022016505753
63.64864734559483	453.1088715100566
64.18008483861877	454.87933914411036
64.71347712914478	456.6516235485883
65.24881603727448	458.42572517254814
65.78609339468656	460.20164443556786
66.32530104454649	461.979381725598
66.86643084350898	463.7589374018249
67.40947466156464	465.540311792485
67.95442438399952	467.3235051977609
68.50127191117848	469.10851788755554
69.05000916047257	470.8953501044223
69.60062806597675	472.6840020612971
70.15312058026377	474.47447394413336
70.70747867473251	476.26676591124755
71.26369433994245	478.0608780926693
71.82175958729687	479.85681059278517
72.38166644863124	481.65456348801047
72.94340697800578	483.45413682979733
73.50697325123372	485.25553064225954
74.07235736750354	487.058744924875
74.63955144956262	488.86377965178536
75.2085476438853	490.67063477108843
75.77933812223712	492.47931020756016
76.35191508108129	494.28980586020407
76.92627074326307	496.10212160535417
77.50239735735948	497.9162572941705
78.08028719919585	499.73221275542824
78.65993257187986	501.5499877947555
79.24132580581905	503.3695821938676
79.82445926019109	505.1909957133757
80.40932532218024	507.01422809019897
80.99574307369875	508.8392787665382
81.58409954307298	510.6661480581867
82.17416504393924	512.4948352896912
82.76593208611781	514.3253401133629
83.35939320947006	516.1576621592382
83.95454098527547	517.9918010379795
84.55136801611188	519.8277563400314
85.1498669356312	521.6655276347655
85.75003040979438	523.5051144730284
86.35162582893669	525.3465159976382
86.95505670380003	527.1897324241903
87.56013119892201	529.0347629311198
88.16684210448047	530.8816069922182
88.77518224402026	532.7302640641341
89.38514447418125	534.580733585461
89.99672168441226	536.4330149758086
90.60990679810912	538.2871076384362
91.22469277230306	540.1430109593161
91.84107259733557	542.0007243061852
92.45903929797271	543.8602470311988
93.07858593305559	545.7215784699729
93.6997055951386	547.5847179406111
94.32239141158267	549.4496647463831
94.94663654417074	551.3164181747452
95.57243418871046	553.1849774963407
96.19977757610972	555.0553419677055
96.82865997195961	556.9275108302658
97.45907467610273	558.80148330931
98.09101502369495	560.6772586167269
98.7244743847559	562.5548359499743
99.35944616370685	564.4342144910278
99.99592380041949	566.315393409147
100.6339007697375	568.1983718598204
101.2733705809838	570.0831489836852
101.9143267790009	571.9697239093272
102.55676294364402	573.858095752199
103.20067268925904	575.7482636135098
103.84604966571831	577.6402265830634
104.49288755788496	579.5339837381463
105.14118008506571	581.4295341423885
105.79092100204033	583.3268768486386
106.44210409832556	585.226010897373
107.09472319849	587.126935317786
107.74877216140263	589.0296491261804
108.40424488125021	590.9341513288651
109.06113528695124	592.8404409209919
109.71943734155563	594.7485168853573
110.37914504326373	596.6583781953448
111.04025242481784	598.5700238137294
111.70275355287872	600.4834526914485
112.36664252904795	602.3986637705876
113.03191348905311	604.3156559826789
113.69856060302992	606.2344282498162
114.36657807469368	608.1549794829303
115.03596014235758	610.0773085848049
115.70670107809335	612.0014144483406
116.37879518800347	613.9272959576753
117.05223681136977	615.8549519864254
117.72702032166973	617.7843814007322
118.40314012590598	619.7155830579835
119.08059066391938	621.6485558054882
119.75936640941644	623.5832984835799
120.43946186908738	625.5198099238025
121.12087158286678	627.458088950048
121.80359012303936	629.3981343767146
122.48761209526995	631.3399450118457
123.17293213770306	633.2835196552791
123.85954492121743	635.2288570997914
124.54744514851329	637.1759561292189
125.23662755514857	639.1248155216363
125.92708690861845	641.0754340474648
126.61881800860922	643.0278104706302
127.31181568606452	644.9819435466381
128.00607480423207	646.9378320257994
128.70159025772497	648.8954746512975
129.39835697277354	650.8548701603557
130.09636990627436	652.8160172822702
130.79562404684833	654.7789147416838
131.49611441388373	656.7435612566084
132.19783605758622	658.7099555390741
132.90078405902838	660.6780962957804
133.60495352918244	662.6479822260903
134.31033960998707	664.6196120253411
135.0169374733748	666.5929843828299
135.72474232152555	668.5680979830008
136.43374938588207	670.5449515033938
137.14395392823315	672.5235436180099
137.85535123972454	674.5038729952497
138.56793664111675	676.4859382991168
139.28170548178224	678.4697381871152
139.99665314080835	680.4552713136761
140.71277502599156	682.4425363280454
141.43006657388634	684.4315318749419
142.1485232498544	686.4222565952196
142.86814054705033	688.4147091237215
143.58891398753772	690.4088880927544
144.31083912127076	692.404792129932
145.03391152614407	694.4024198588362
145.75812680804452	696.4017698996829
146.4834805998228	698.4028408671304
147.20996856242652	700.4056313738037
147.93758638386976	702.4101400280949
148.66632977928472	704.4163654348272
149.39619449097762	706.4243061959245
150.12717628738451	708.4339609081708
150.85927096422725	710.4453281667928
151.5924743434676	712.4584065632115
152.32678227336416	714.4731946857107
153.06219062853123	716.4896911201123
153.79869530888195	718.5078944474835
154.53629224080535	720.5278032477829
155.27497737610875	722.5494160975605
156.0147466920784	724.5727315706314
156.75559619154305	726.5977482387574
157.49752190180416	728.6244646693024
158.240519875837	730.6528794289428
158.98458619121956	732.6829910813154
159.72971695019834	734.7147981876975
160.47590827975856	736.7482993076957
161.2231563305396	738.7834929968456
161.97145727806296	740.8203778103931
162.72080732164653	742.8589523008858
163.47120268447756	744.8992150188619
164.22263961345416	746.9411645129169
164.97511437926167	748.9847993303968
165.72862327527707	751.0301180149486
166.48316261882138	753.0771191103617
167.23872875006285	755.1258011581095
167.99531803209692	757.1761626980439
168.75292685103082	759.2282022690988
169.51155161487029	761.2819184067762
170.2711887548058	763.3373096470716
171.0318347240982	765.3943745239529
171.7934859981667	767.4531115700644
172.55613907443842	769.5135193167835
173.31979047243928	771.5755962949329
174.08443673267027	773.6393410322106
174.85007441791998	775.7047520571864
175.61670011214005	777.7718278967246
176.38431042054142	779.8405670766975
177.1529019694458	781.9109681220348
177.92247140638818	783.9830295574468
178.6930153989776	786.0567499047932
179.46453063624168	788.1321276871581
180.23701382748902	790.209161426215
181.01046170241287	792.2878496429445
181.78487101094984	794.3681908576862
182.56023852313578	796.4501835901808
183.33656102921768	798.5338263603036
184.11383533850437	800.6191176853746
184.89205828074043	802.7060560843074
185.67122670495672	804.7946400749157
186.45133747958565	806.8848681746418
187.23238749232337	808.9767389006006
188.0143736502502	811.0702507703197
188.79729287866525	813.1654022989838
189.5811421224973	815.2621920036756
190.36591834513882	817.360618400614
191.15161852857142	819.4606800058959
191.93823967323257	821.5623753355349
192.72577879788352	823.6657029054983
193.51423293974156	825.770661232463
194.30359915330018	827.8772488309912
195.09387451177423	829.9854642178592
195.88505610592125	832.0953059092313
196.67714104417647	834.2067724214115
197.47012645252593	836.3198622708794
198.26400947438043	838.4345739743237
199.0587872707176	840.5509060494072
199.85445701888773	842.6688570118769
200.6510159140962	844.7884253799859
201.44846116820892	846.9096096715981
202.2467900098986	849.0324084049514
203.04599968452362	851.1568200986912
203.84608745400823	853.2828432719003
204.64705059699494	855.4104764448782
205.44888640763386	857.5397181361749
206.2515921971052	859.6705668671186
207.05516529240685	861.8030211588426
207.8596030365135	863.9370795330672
208.66490278825972	866.0727405121253
209.47106192222552	868.2100026189921
210.27807782862334	870.3488643773106
211.08594791346297	872.489324312187
211.8946695973239	874.6313809471499
212.70424031691795	876.7750328087756
213.51465752386136	878.9202784236471
214.32591868484616	881.0671163191477
215.138021281528	883.215545023482
215.95096281042052	885.3655630657039
216.76474078278574	887.5171689757383
217.57935272481342	889.6703612851901
218.39479617637542	891.8251385242289
219.21106869262937	893.98149922632
220.02816784277465	896.1394419251076
220.84609121023328	898.2989651552207
221.66483639254787	900.4600674522968
222.48440100127797	902.6227473530002
223.30478266190005	904.7870033950462
224.12597901399636	906.9528341180225
224.94798770999216	909.1202380601953
225.7708064168025	911.2892137633546
226.5944328145684	913.4597597696142
227.41886459685173	915.6318746222379
228.24409947053684	917.8055568656564
229.07013515573436	919.9808050454861
229.89696938568667	922.1576177085482
230.72459990696973	924.3359934037115
231.5530244782076	926.5159306786078
232.3822408717677	928.6974280846035
233.21224687247403	930.8804841735127
234.04304027781558	933.0650974984414
234.87461889785288	935.2512666138016
235.70698055512793	937.4389900753278
236.54012308457507	939.6282664400942
237.37404433343093	941.8190942665302
238.20874216145026	944.0114721152793
239.04421443959984	946.2053985458316
239.8804590517997	948.400872121616
240.7174738936166	950.5978914066285
241.55525687248402	952.7964549662935
242.3938059076155	954.9965613674749
243.23311892992112	957.1982091784937
244.07319388192343	959.4013969691392
244.914028717674	961.6061233106825
245.75562140267013	963.8123867758889
246.59796991408535	966.0201859398999
247.44107223944073	968.229519376769
248.2849263783953	970.4403856646918
249.12953034141785	972.6527833825356
249.9748821500192	974.8667111107229
250.82097983667398	977.0821674312438
251.66782144474254	979.2991509276674
252.5154050283921	981.5176601851506
253.36372865251985	983.7376937904489
254.21279039267853	985.9592503319319
255.06258833531646	988.182328400477
255.91312057642793	990.4069265859197
256.7643852233936	992.6330434824138
257.61638039362805	994.860677684868
258.4691042148264	997.0898277898538
259.3225548248918	999.3204923956104
260.1767303718618	1001.5526701020566
261.0316290138379	1003.786359510799
261.88724891891303	1006.0215592251393
262.7435882651018	1008.2582678500854
263.60064524059726	1010.4964839932745
264.4584180423912	1012.7362062613134
265.31690487817167	1014.9774332652923
266.17610396494194	1017.2201636171193
267.0360135292827	1019.4643959304499
267.89663180728166	1021.7101288206899
268.7579570444696	1023.9573609050065
269.6199874957516	1026.2060908023318
270.48272142534313	1028.456317133375
271.346157106703	1030.708038520624
272.2102928224701	1032.9612535883557
273.0751268647334	1035.2159609635828
273.9406575336259	1037.4721592722894
274.80688313927664	1039.7298471450974
275.67380200040304	1041.989023213497
276.541412444586	1044.249686110798
277.40971280820753	1046.5118344721348
278.2787014363885	1048.7754669344697
279.14837668292915	1051.0405821366035
280.0187369102474	1053.3071787191752
280.8897804893218	1055.5752553246741
281.76150579962746	1057.8448105974355
282.63391122942653	1060.1158431846263
283.5069951743266	1062.3883517323575
284.38075603929536	1064.6623348915223
285.2551922372208	1066.937791313912
286.1303021891998	1069.2147196531912
287.0060843244819	1071.4931185649048
287.8825370804133	1073.772986706481
288.7596589023799	1076.0543227372345
289.637448243753	1078.3371253183707
290.51590356584757	1080.6213931129896
291.39502333781275	1082.9071247860913
292.27480603666163	1085.1943190045772
293.15525014751586	1087.482974438255
294.03635416214655	1089.7730897558365
294.9181165810537	1092.0646636309527
295.80053591199	1094.3576947381466
296.6836106702681	1096.6521817538808
297.56733937870507	1098.948123356537
298.45172056757445	1101.2455182264234
299.3367527745533	1103.5443650457728
300.22243454467366	1105.8446624987491
301.1087644302712	1108.1464092714466
301.99574099093695	1110.449604051896
302.8833627934674	1112.7542455300636
303.7716284118149	1115.060332397854
304.6605364274062	1117.3678633501456
305.55008542763284	1119.6768370806624
306.44027400799536	1121.9872522881717
307.33110077059405	1124.2991076723556
308.22256432444755	1126.6124019348429
309.1146632854473	1128.927133779215
310.0073962763104	1131.2433019110024
310.900761926535	1133.560905037693
311.7947588723534	1135.8799418687258
312.6893857566872	1138.2004111154988
313.58464122910476	1140.5223114913656
314.4805239457734	1142.8456417116402
315.37703256941825	1145.1704004935953
316.2741657696526	1147.4965865575302
317.171922221432	1149.8241986225087
318.07030060726726	1152.1532354127573
318.9692996156758	1154.4836956533952
319.8689179415183	1156.8155780715117
320.7691542859538	1159.1488813961566
321.6700073564006	1161.4836043583482
322.5714758664923	1163.8197456910682
323.4735585360395	1166.157304129267
324.37625409098723	1168.496278409862
325.2795612633751	1170.8366672717368
326.18347879129664	1173.1784694557423
327.08800541886137	1175.5216837046985
327.9931398961528	1177.866308763392
328.89888097957953	1180.2123433796814
329.8052274302834	1182.5597863000842
330.7121780164282	1184.9086362763942
331.6197315116112	1187.2588920612714
332.5278866952116	1189.610552409342
333.43664235235354	1191.9636160772002
334.34599727386905	1194.3180818234084
335.25595025626006	1196.6739484084944
336.16650010166245	1199.031214594953
337.07764561780914	1201.3898791472454
337.9893856179943	1203.7499408317983
338.9017189210363	1206.111398417002
339.8146443512435	1208.474250673214
340.72816073837765	1210.838496372753
341.6422669176201	1213.2041342899022
342.5569617299349	1215.571163202047
343.47224402043605	1217.9395818851126
344.3881126407524	1220.3093891204069
345.3045664473942	1222.680583690058
346.2216043021185	1225.0531643781517
347.13922507189505	1227.427129970731
348.0574276288755	1229.802479255798
348.97621085035775	1232.1792110233084
349.8955736187542	1234.5573240651736
350.8155148215593	1236.9368171752585
351.736033351317	1239.3176891493797
352.6571281055899	1241.699938785307
353.57879798692466	1244.0835648827574
354.50104190282366	1246.4685662433974
355.4238587657113	1248.8549416708408
356.34724749290484	1251.2426899706472
357.27120700658173	1253.6318099503217
358.1957362341634	1256.0223004204897
359.1208341066317	1258.4141601901792
360.04649956097785	1260.807388073898
360.97273153852035	1263.2019828869127
361.8995289852875	1265.597943446427
362.82689085198933	1267.9952685715784
363.754816093986	1270.3939570834377
364.68330367126134	1272.7940078050078
365.6123525483932	1275.195419561222
366.5419616945232	1277.5981911789402
367.4721300833312	1280.00232148695
368.4028566930052	1282.4078093159624
369.33414050621366	1284.8146534986124
370.2659805100785	1287.222852869455
371.1983756961465	1289.6324062649628
372.131325060363	1292.043312523526
373.0648276030444	1294.455570485451
373.9988823292777	1296.8691789941793
374.9334882471862	1299.2841368913917
375.8686443704653	1301.7004430243499
376.80434971664783	1304.1180962409967
377.74060330750564	1306.5370953911838
378.67740416902177	1308.9574393266598
379.6147513313673	1311.3791269010783
380.5526438288729	1313.8021569699863
381.4910807000062	1316.22652839083
382.4300609873456	1318.6522400229494
383.36958373755397	1321.0792907275722
384.30964800135615	1323.5076793678195
385.25025283351255	1325.937404808697
386.1913972927955	1328.3684659170933
387.13308044196515	1330.800861561783
388.0753013477449	1333.234590613417
389.01805908079734	1335.6696519445238
389.96135271570125	1338.1060444295085
390.9051813313707	1340.5437669459202
391.84954400925966	1342.9828183693605
392.7944398359966	1345.423197581116
393.73986790158995	1347.8649034630664
394.6858272998474	1350.3079348989536
395.63231712835443	1352.752290774379
396.5793364884506	1355.1979699768024
397.5268844852075	1357.6449713955376
398.4749602274074	1360.0932939217523
399.42356282751996	1362.5429364484617
400.37269140168115	1364.9938978705316
401.3223450696705	1367.4461770846674
402.2725229548917	1369.899772989421
403.2232241843485	1372.3546844851821
404.17444788862565	1374.810910474176
405.12619320186565	1377.2684498604624
406.07845926175077	1379.727301549933
407.03124520947944	1382.1874644503064
407.98455018974647	1384.6489374711298
408.9383733511837	1387.1117195250947
409.8927138444977	1389.5758095227413
410.84757082521116	1392.0412063804004
411.8029434518024	1394.5079090148931
412.7588308861447	1396.9759163448532
413.7152322934877	1399.4452272907222
414.6721468424372	1401.9158407747493
415.62957370493467	1404.387755720985
416.5875120562405	1406.8609710552848
417.5459610749119	1409.335485705297
418.50491994278565	1411.8112986004696
419.46438784495894	1414.2884086720394
420.424363969769	1416.766814853033
421.384847508777	1419.246516078265
422.34583765674773	1421.7275112843322
423.3073336116314	1424.2097994096123
424.26933457454584	1426.6933793942608
425.231839749758	1429.1782501802068
426.1948483446676	1431.6644107111556
427.1583595697841	1434.1518599325736
428.1223726387162	1436.6405967917017
429.0868867686264	1439.130620238917
430.0519011783046	1441.6219292222213
431.01741509101726	1444.1145226955107
431.9834277325784	1446.6083996130558
432.9499383318117	1449.1035589308801
433.9169461205311	1451.5999996067528
434.88445033352707	1454.0977206001915
435.8524502085451	1456.596720872451
436.82094498627487	1459.0969993865303
437.78993391032844	1461.59855510716
438.75941622722814	1464.101387000809
439.7293911863865	1466.60549403567
440.6998580400926	1469.1108751816691
441.67081604349437	1471.617529410451
442.64226445458524	1474.1254556953854
443.6142025341836	1476.6346530115568
444.5866295459222	1479.145120335766
445.5595447562284	1481.6568566465269
446.53294743431167	1484.169860924059
447.5068368521462	1486.6841321502905
448.48121228445643	1489.1996693088504
449.4560730087006	1491.7164713850677
450.431418305058	1494.2345373659684
451.40724745690966	1496.753866241711
452.38355974883257	1499.274456999824
453.36035446957277	1501.7963086338445
454.3376309100378	1504.3194201375513
455.3153883637828	1506.8437905064095
456.29362612699094	1509.3694187375556
457.27234349846447	1511.896303829804
458.25153977960645	1514.4244447836402
459.2312142744101	1516.953840601221
460.21136628944026	1519.4844902863642
461.19199513382347	1522.0163928445531
462.17310011923155	1524.54954728293
463.1546805598688	1527.0839526102911
464.1367357724581	1529.6196078370888
465.11926507622735	1532.1565119754246
466.10226779289553	1534.6946640390447
467.0857432466596	1537.2340630433425
468.0696907641802	1539.774708005348
469.0541096745706	1542.3165979437317
470.03899930938144	1544.8597318787968
471.02435900258837	1547.4041088324805
472.01018809057854	1549.9497278283445
472.9964859121388	1552.4965878915773
473.98325180844137	1555.0446880489894
474.97048512303274	1557.59402732901
475.95818520233917	1560.1446047631894
476.94635139357615	1562.6964193801716
477.9349830478544	1565.2494702147303
478.9240795180877	1567.8037563017378
479.9136401595005	1570.3592766776699
480.9036643296167	1572.9160303806023
481.89415138824637	1575.474016450208
482.8851006974738	1578.0332339277531
483.87651162164576	1580.5936818560947
484.86838352735987	1583.1553592796772
485.8607157834524	1585.7182652445306
486.8535077609859	1588.2823987982642
487.84675883323825	1590.8477589900665
488.84046837569207	1593.414344870702
489.83463576602037	1595.982155492505
490.82926038407794	1598.5511899093794
491.82434161188826	1601.1214471767967
492.819878833632	1603.6929263517868
493.8158714356384	1606.265626492944
494.81231880637074	1608.8395466604156
495.8092203364174	1611.4146859159034
496.8065754184789	1613.9910433226582
497.8043834473597	1616.5686179454792
498.8026438199559	1619.1474088507102
499.8013559352432	1621.727415106234
500.80051919426734	1624.3086357814705
501.80013300067844	1626.8910699489559
502.80019675854334	1629.4747166780185
503.8007098755993	1632.0595750442549
504.8016717610661	1634.6456441232042
505.8030818261819	1637.2329229919314
506.80493948419235	1639.8214107290185
507.80724415033916	1642.411106414564
508.80999524185114	1645.0020091301794
509.8131921779333	1647.594117958987
510.81683437975823	1650.1874319856154
511.8209212704533	1652.7819502961963
512.8254522750939	1655.3776719783634
513.8304268206923	1657.9745961212477
514.8358443361857	1660.5727218154727
515.8417042524311	1663.1720481531574
516.8480060021916	1665.7725742279065
517.8547490201277	1668.3742991348092
518.861932742789	1670.9772219704398
519.8695566086047	1673.5813418328507
520.8776200578731	1676.1866578215722
521.8861225327505	1678.7931690376033
522.895063477247	1681.4008745834174
523.9044423372127	1684.0097735629545
524.9142585603291	1686.6198650816161
525.924511596103	1689.2311482462683
526.9352008958542	1691.843622165233
527.9463259127072	1694.4572859482882