         600   1.4787614584038498        11.785000000000000        2.3527381272897001       0.59014597875501906       -1.1816341305383851       -1.1537604160538100     
         599   1.4767188838510052        11.786000000000000        2.3529657099125885       0.59015298752162348       -1.1781734862951962       -1.1532450480305070     
         598   1.4746763092981607        11.789000000000000        2.3531926915958636       0.59005972396380035       -1.1745519504802016       -1.1527285987108509     
         597   1.4726337347453164        11.789999999999999        2.3534199326930612       0.59006665203864639       -1.1708039175069334       -1.1522112061028920     
         596   1.4705911601924719        11.792999999999999        2.3536463348219523       0.58997329680393473       -1.1673401063846602       -1.1516928212437256     
         595   1.4685485856396276        11.795000000000000        2.3538727228439820       0.58992999653929834       -1.1636401581747748       -1.1511735179598357     
         594   1.4665060110867834        11.797000000000001        2.3540986979991789       0.58988660750088351       -1.1598346915588837       -1.1506531290270103     
         593   1.4644634365339388        11.798999999999999        2.3543244828624692       0.58984318549687886       -1.1562764586432139       -1.1501318070923172     
         592   1.4624208619810946        11.801000000000000        2.3545491790170971       0.58979950549639559       -1.1530381802120977       -1.1496096205099695     
         591   1.4603782874282500        11.803000000000001        2.3547743314280636       0.58975595456885643       -1.1493143017126259       -1.1490862380023514     
         588   1.4542505637697170        11.808999999999999        2.3554496707771850       0.58962536078776073       -1.1340073607396224       -1.1475103954641463     
         587   1.4522079892168727        11.811000000000000        2.3556700604077507       0.58958067681143356       -1.1349968707633442       -1.1469815174037787     
         586   1.4501654146640284        11.813000000000001        2.3558934058064600       0.58953674761443586       -1.1314279399865146       -1.1464546397447781     
         585   1.4481228401111839        11.815000000000000        2.3561161182469506       0.58949267492567536       -1.1278659545737699       -1.1459253400539804     
         584   1.4460802655583396        11.817000000000000        2.3563382283499101       0.58944846647790983       -1.1241533046434646       -1.1453949756366311     
         583   1.4440376910054951        11.819000000000001        2.3565600771405362       0.58940420763458923       -1.1209607090383673       -1.1448635864473544     
         582   1.4419951164526508        11.821000000000000        2.3567816470803500       0.58935989403544919       -1.1173278722696947       -1.1443311961786689     
         581   1.4399525418998065        11.823000000000000        2.3570031545154988       0.58931557980076144       -1.1133418572025964       -1.1437977241534185     
         579   1.4358673927941177        11.827000000000000        2.3574438373318802       0.58922641341344695       -1.1065080847949791       -1.1427277638138460     
         577   1.4317822436884289        11.832000000000001        2.3578830917881444       0.58908715860020611       -1.0996661304330295       -1.1416537078183244     
         576   1.4297396691355846        11.834000000000000        2.3581050184413113       0.58904303636884392       -1.0920487340189151       -1.1411150721386738     
         575   1.4276970945827403        11.836000000000000        2.3583205160874887       0.58899732338571498       -1.0927422836531826       -1.1405754433688615     
         574   1.4256545200298958        11.837999999999999        2.3585390992391089       0.58895239633242513       -1.0890630352057888       -1.1400346766602281     
         573   1.4236119454770515        11.840000000000000        2.3587583353231665       0.58890764747385382       -1.0834147926538134       -1.1394932384612477     
         572   1.4215693709242070        11.842000000000001        2.3589737238755180       0.58886195328536739       -1.0824751243946356       -1.1389501216826270     
         571   1.4195267963713627        11.843999999999999        2.3591912439301481       0.58881680651813684       -1.0787373005543728       -1.1384061395916316     
         570   1.4174842218185184        11.846000000000000        2.3594074859727092       0.58877135607772879       -1.0754170829993785       -1.1378612119164520     
         569   1.4154416472656739        11.848000000000001        2.3596234753492635       0.58872585794168419       -1.0719258450503102       -1.1373151470305449     
         568   1.4133990727128294        11.850000000000000        2.3598391256051165       0.58868029056735394       -1.0682491736348618       -1.1367894637182885     
         567   1.4113564981599851        11.852000000000000        2.3600541329451081       0.58863457821850407       -1.0649526055849252       -1.1362199271629296     
         566   1.4093139236071406        11.855000000000000        2.3602684616001914       0.58853906306408987       -1.0617419625458122       -1.1356706608757301     
         565   1.4072713490542963        11.856999999999999        2.3604831900533161       0.58849332428412382       -1.0577124192568608       -1.1351202585495050     
         564   1.4052287745014518        11.859000000000000        2.3606969130530295       0.58844735030383954       -1.0544500595254052       -1.1345688099107427     
         563   1.4031861999486075        11.861000000000001        2.3609094861911397       0.58840110525187361       -1.0510766776189207       -1.1340162841683445     
         562   1.4011436253957632        11.863000000000000        2.3611227331289251       0.58835504369333946       -1.0478138528873684       -1.1334626259217400     
         561   1.3991010508429187        11.865000000000000        2.3613349002909478       0.58830872864539085       -1.0442943792756714       -1.1329079017795851     
         560   1.3970584762900744        11.867000000000001        2.3615465400585034       0.58826229783462036       -1.0409544760280731       -1.1323521373522230     
         558   1.3929733271843856        11.872000000000000        2.3619685670627928       0.58811962869610379       -1.0342372208358297       -1.1312371231213230     
         557   1.3909307526315413        11.874000000000001        2.3621815603032812       0.58807359406042792       -1.0263619718456185       -1.1306778884704747     
         555   1.3868456035258525        11.878000000000000        2.3625974074205622       0.58797904791553612       -1.0242672826025017       -1.1295562714396699     
         554   1.3848030289730082        11.880000000000001        2.3628062683919273       0.58793203197278332       -1.0203638555402832       -1.1289936405011465     
         553   1.3827604544201637        11.882000000000000        2.3630140247133617       0.58788475703623555       -1.0172643498237273       -1.1284300282210475     
         552   1.3807178798673194        11.885000000000000        2.3632216634634813       0.58778800831491884       -1.0139159503346238       -1.1278652204849953     
         551   1.3786753053144751        11.887000000000000        2.3634287510930885       0.58774061120446719       -1.0105850324169932       -1.1272993208085902     
         550   1.3766327307616306        11.888999999999999        2.3636356910329037       0.58769319331904202       -1.0070638230503404       -1.1267321641190065     
         549   1.3745901562087863        11.891000000000000        2.3638410681484059       0.58764540286996880       -1.0038631136260412       -1.1261639868877360     
         548   1.3725475816559420        11.893000000000001        2.3640465917108311       0.58759766489460985       -1.0006436477303153       -1.1255945910811926     
         547   1.3705050071030975        11.895000000000000        2.3642512742651127       0.58754973397000776      -0.99719722921036458       -1.1250240766678516     
         546   1.3684624325502532        11.898000000000000        2.3644556638912357       0.58745236818265967      -0.99405118155461447       -1.1244523272516216     
         545   1.3664198579974087        11.900000000000000        2.3646594934512826       0.58740426992470585      -0.99052158201270057       -1.1238794776311030     
         544   1.3643772834445644        11.901999999999999        2.3648619577381251       0.58735584874144919      -0.98765900045756028       -1.1233054724647054     
         543   1.3623347088917201        11.904000000000000        2.3650645450860877       0.58730747438805075      -0.98403875984450762       -1.1227302689907643     
         542   1.3602921343388756        11.906000000000001        2.3652682476570548       0.58725939317930687      -0.97840245172532980       -1.1221538845029095     
         541   1.3582495597860313        11.909000000000001        2.3654671618174130       0.58716083133507502      -0.97796168339234057       -1.1215764081731094     
         540   1.3562069852331871        11.911000000000000        2.3656682810924363       0.58711215380995074      -0.97446764783397988       -1.1209975827534073     
         538   1.3521218361274980        11.914999999999999        2.3660680007718460       0.58701422286039728      -0.96768809580404191       -1.1198365103003907     
         537   1.3500792615746535        11.917000000000000        2.3662666234865548       0.58696497516346535      -0.96448398918853773       -1.1192542256610984     
         536   1.3480366870218092        11.920000000000000        2.3664646534264913       0.58686635909209017      -0.96101841069753702       -1.1186706711788315     
         535   1.3459941124689649        11.922000000000001        2.3666619978032188       0.58681683988895739      -0.95798741026666745       -1.1180859783227064     
         534   1.3439515379161204        11.923999999999999        2.3668587596458783       0.58676719288159929      -0.95479144709654740       -1.1175000356347951     
         533   1.3419089633632761        11.926000000000000        2.3670551909359618       0.58671748059248896      -0.95152304215629058       -1.1169128853588512     
         532   1.3398663888104319        11.929000000000000        2.3672505564810504       0.58661834091287790      -0.94837264039193170       -1.1163245271868416     
         531   1.3378238142575873        11.930999999999999        2.3674456907383390       0.58656835305082011      -0.94496305307357831       -1.1157348962415321     
         530   1.3357812397047431        11.933000000000000        2.3676448025744485       0.58651936728151033      -0.93381470467201100       -1.1151440710540195     
         529   1.3337386651518988        11.935000000000000        2.3678337256307684       0.58646787436061776      -0.93859076228641281       -1.1145520069108052     
         528   1.3316960905990542        11.938000000000001        2.3680261201333965       0.58636813646116015      -0.93539256248458169       -1.1139586961072085     
         527   1.3296535160462100        11.940000000000000        2.3682178696683494       0.58631739020769391      -0.93253168987228252       -1.1133641322609367     
         526   1.3276109414933654        11.942000000000000        2.3684096063667472       0.58626665777429088      -0.92917824743833144       -1.1127684492692171     
         524   1.3235257923876769        11.946999999999999        2.3687904793438155       0.58611553663901139      -0.92277845335713038       -1.1115730771930614     
         523   1.3214832178348324        11.949000000000000        2.3689811294864440       0.58606459890757712      -0.91736708729973249       -1.1109734879879494     
         521   1.3173980687291438        11.952999999999999        2.3693563529019146       0.58596127172295887      -0.91325912433248158       -1.1097705711231036     
         520   1.3153554941762993        11.956000000000000        2.3695429661644560       0.58586038170831334      -0.91040985893388726       -1.1091673078418967     
         519   1.3133129196234550        11.958000000000000        2.3697295085469348       0.58580850953151697      -0.90714624186839776       -1.1085626049137123     
         518   1.3112703450706105        11.960000000000001        2.3699151393512712       0.58575642939446559      -0.90410871378763813       -1.1079566882707410     
         516   1.3071851959649219        11.965000000000000        2.3702842876330470       0.58560285211574248      -0.89760176249668888       -1.1067409384850806     
         515   1.3051426214120774        11.967000000000001        2.3704700100948997       0.58555085945443974      -0.89015737816867890       -1.1061311283024415     
         514   1.3031000468592331        11.968999999999999        2.3706502079233638       0.58549751970816755      -0.89122548029846071       -1.1055199361045389     
         513   1.3010574723063888        11.972000000000000        2.3708317696658425       0.58539563343760059      -0.88811190516019001       -1.1049076171914831     
         512   1.2990148977535443        11.974000000000000        2.3710125123070780       0.58534247639202819      -0.88516834891390617       -1.1042938323113272     
         511   1.2969723232007000        11.976000000000001        2.3711928896626318       0.58528924693632800      -0.88183935810340153       -1.1036787604900080     
         510   1.2949297486478557        11.978999999999999        2.3713721103033731       0.58518689464605089      -0.87879148291402454       -1.1030623673048765     
         509   1.2928871740950112        11.981000000000000        2.3715506033627003       0.58513324846301595      -0.87557693762630306       -1.1024446681839821     
         508   1.2908445995421667        11.983000000000001        2.3717280588495928       0.58507936422964280      -0.87275466404715829       -1.1018346200167584     
         507   1.2888020249893222        11.986000000000001        2.3719047551350956       0.58497650167161497      -0.86976163137664986       -1.1012022241238024     
         506   1.2867594504364779        11.988000000000000        2.3720807200271130       0.58492229850301536      -0.86646485616839597       -1.1005834798226999     
         504   1.2826743013307891        11.993000000000000        2.3724300077952081       0.58476453225158165      -0.86010853021807598       -1.0993359071975446     
         503   1.2806317267779448        11.994999999999999        2.3726036322428494       0.58470981927322052      -0.85730054262783117       -1.0987101360167109     
         502   1.2785891522251005        11.997000000000000        2.3727760633081729       0.58465483048626377      -0.85428746874057404       -1.0980829270250234     
         500   1.2745040031194117        12.002000000000001        2.3731176961004743       0.58449540855692461      -0.84813171846662450       -1.0968245150821392     
         499   1.2724614285665672        12.004000000000000        2.3732895234902252       0.58444033889964730      -0.84294265749018527       -1.0961931477626661     
         498   1.2704188540137229        12.007000000000000        2.3734565479581899       0.58433543474685645      -0.84185685625143514       -1.0955605039186105     
         497   1.2683762794608786        12.009000000000000        2.3736248341092971       0.58427954296691154      -0.83908891518961415       -1.0949264052476309     
         496   1.2663337049080341        12.010999999999999        2.3737917829867374       0.58422334067875448      -0.83608292741117896       -1.0942909572998361     
         495   1.2642911303551898        12.013999999999999        2.3739578433926098       0.58411831462517139      -0.83308733454312034       -1.0936540123012208     
         494   1.2622485558023455        12.016000000000000        2.3741233266383381       0.58406180199670643      -0.82997927968501384       -1.0930157129803588     
         493   1.2602059812495010        12.018000000000001        2.3742870819491566       0.58400488315633658      -0.82708996062759521       -1.0923760220444767     
         492   1.2581634066966567        12.021000000000001        2.3744556495171909       0.58390058931424416      -0.81612596232373935       -1.0917348569520335     
         491   1.2561208321438124        12.023000000000000        2.3746125822094633       0.58384204349620217      -0.82107038160741452       -1.0910923322956521     
         490   1.2540782575909679        12.026000000000000        2.3747736373306840       0.58373598702580254      -0.81835879740873674       -1.0904483582990336     
         488   1.2499931084852791        12.029999999999999        2.3750932462603576       0.58362042958762139      -0.81221153186383444       -1.0891560133922749     
         487   1.2479505339324348        12.032999999999999        2.3752566852352519       0.58351507569241223      -0.80135851223172894       -1.0885076760862522     
         486   1.2459079593795905        12.035000000000000        2.3754142641025311       0.58345681103090064      -0.79796154187893320       -1.0878578261024556     
         485   1.2438653848267460        12.038000000000000        2.3755647306267371       0.58334835612954239      -0.80328894873542089       -1.0872066137937715     
         484   1.2418228102739017        12.039999999999999        2.3757196718757001       0.58328949576743849      -0.80049463474454563       -1.0865538998845605     
         483   1.2397802357210574        12.042000000000000        2.3758738578196503       0.58323046954444635      -0.79720074916789774       -1.0858996912495713     
         481   1.2356950866153686        12.047000000000001        2.3761786914175436       0.58306320455151617      -0.79170538853749317       -1.0845868418427387     
         480   1.2336525120625241        12.050000000000001        2.3763296642195728       0.58295507984712636      -0.78854903954561506       -1.0839282067598188     
         479   1.2316099375096798        12.052000000000000        2.3764789713144272       0.58289496142783725      -0.78573811100109869       -1.0832680387367166     
         478   1.2295673629568353        12.055000000000000        2.3766304379301255       0.58278704452959729      -0.77877311519378467       -1.0826063695472148     
         477   1.2275247884039908        12.057000000000000        2.3767753037164594       0.58272589001688913      -0.78035919777814899       -1.0819432260803428     
         476   1.2254822138511465        12.060000000000000        2.3769218008358637       0.58261684182469942      -0.77686375190207513       -1.0812784989207729     
         475   1.2234396392983022        12.061999999999999        2.3770669295283162       0.58255580531465900      -0.77395424312349714       -1.0806122714211521     
         474   1.2213970647454577        12.064000000000000        2.3772112781736601       0.58249459790510627      -0.77124129382408357       -1.0799444879355793     
         473   1.2193544901926134        12.067000000000000        2.3773541820972839       0.58238479024142109      -0.76828687491685599       -1.0792752238551246     
         471   1.2152693410869246        12.071999999999999        2.3776362760072236       0.58221265362806929      -0.76280236592931949       -1.0779320551358227     
         470   1.2132267665340803        12.074000000000000        2.3777757650233409       0.58215036397145703      -0.75997146541367699       -1.0772580797865765     
         469   1.2111841919812358        12.077000000000000        2.3779139996352217       0.58203958983784776      -0.75682092870743789       -1.0765825610526534     
         468   1.2091416174283915        12.079000000000001        2.3780511123368573       0.58197677306905993      -0.75411522527942898       -1.0759055094918764     
         467   1.2070990428755473        12.082000000000001        2.3781920563318426       0.58186675077976757      -0.74343768939627475       -1.0752268651160573     
         466   1.2050564683227027        12.084000000000000        2.3783216213992580       0.58180214225238425      -0.74816611149034906       -1.0745465949660435     
         465   1.2030138937698585        12.087000000000000        2.3784544584005451       0.58169022612032684      -0.74566599941605638       -1.0738648638450694     
         462   1.1968861701113254        12.093999999999999        2.3788466249955902       0.58144939945293850      -0.73735020280879371       -1.0718097604903800     
         461   1.1948435955584809        12.097000000000000        2.3789748801625126       0.58133654367830034      -0.73424710803322002       -1.0711214705734247     
         460   1.1928010210056366        12.099000000000000        2.3791018406785502       0.58127146654135420      -0.73141096999496202       -1.0704316191111325     
         459   1.1907584464527923        12.102000000000000        2.3792272316824770       0.58115800189190037      -0.72892883777672246       -1.0697401032026874     
         458   1.1887158718999478        12.103999999999999        2.3793516602507698       0.58109236277889909      -0.72588811763338190       -1.0690468735888869     
         457   1.1866732973471035        12.106999999999999        2.3794744678244850       0.58097835859207603      -0.72323219231560476       -1.0683520941774289     
         455   1.1825881482414147        12.112000000000000        2.3797158747530016       0.58079744092309105      -0.71790748353010692       -1.0669576246863335     
         454   1.1805455736885704        12.114000000000001        2.3798350869991682       0.58073064262845187      -0.71453281657915602       -1.0662577581146464     
         453   1.1785029991357261        12.117000000000001        2.3799522900201069       0.58061545479253829      -0.71225381107516228       -1.0655563401520980     
         452   1.1764604245828816        12.119000000000000        2.3800684351523262       0.58054796595782754      -0.70917300783294157       -1.0648531124850620     
         451   1.1744178500300373        12.122000000000000        2.3801826282015308       0.58043213683062533      -0.70664773740937581       -1.0641483135694265     
         450   1.1723752754771928        12.124000000000001        2.3802961236072542       0.58036406001256302      -0.70379916963306632       -1.0634417272199763     
         449   1.1703327009243485        12.127000000000001        2.3804116405504794       0.58024864684920074      -0.69519930667037821       -1.0627334954283971     
         448   1.1682901263715040        12.130000000000001        2.3805180270613304       0.58013106569211226      -0.69811104192524187       -1.0620235346536890     
         447   1.1662475518186595        12.132000000000000        2.3806266478597946       0.58006189565381983      -0.69573688024392744       -1.0613119536920521     
         445   1.1621624027129709        12.137000000000000        2.3808393094568543       0.57987472700854170      -0.69048286629928457       -1.0598833551971347     
         444   1.1601198281601264        12.140000000000001        2.3809435631796276       0.57975681577645943      -0.68755610639649356       -1.0591664638481870     
         443   1.1580772536072821        12.141999999999999        2.3810476317919504       0.57968665608214376      -0.68297952917320481       -1.0584479093351205     
         442   1.1560346790544376        12.145000000000000        2.3811475673674334       0.57956778881891191      -0.68204478456778161       -1.0577274256091007     
         441   1.1539921045015933        12.148000000000000        2.3812473542359225       0.57944894407910386      -0.67924942495109786       -1.0570052514199881     
         440   1.1519495299487490        12.150000000000000        2.3813453946091743       0.57937741459829750      -0.67647795007390388       -1.0562783608429085     
         438   1.1478643808430602        12.154999999999999        2.3815363551111379       0.57918552702058057      -0.67135774530974257       -1.0548281967027200     
         437   1.1458218062902159        12.157999999999999        2.3816296119507854       0.57906528665466506      -0.66875390766361897       -1.0540987303729445     
         435   1.1417366571845271        12.163000000000000        2.3818122820268033       0.57887163870692937      -0.66170104244970784       -1.0526346888545284     
         434   1.1396940826316828        12.166000000000000        2.3818991679184083       0.57875000680621469      -0.66084064574797663       -1.0518999562568461     
         433   1.1376515080788383        12.167999999999999        2.3819856883156061       0.57867589937438813      -0.65812057098425480       -1.0511632376340285     
         432   1.1356089335259940        12.170999999999999        2.3820706990464711       0.57855391025255087      -0.65541153940136876       -1.0504247592258782     
         431   1.1335663589731495        12.173999999999999        2.3821538040364989       0.57843151850395869      -0.65292956088056942       -1.0496844337339684     
         430   1.1315237844203052        12.176000000000000        2.3822353392759292       0.57835630178630848      -0.64998487221336143       -1.0489422441771790     
         429   1.1294812098674609        12.179000000000000        2.3823152156881746       0.57823322532354215      -0.64783728246760863       -1.0481982174860123     
         427   1.1253960607617721        12.183999999999999        2.3824690227197771       0.57803324986345739      -0.64249371438337166       -1.0467045196065974     
         426   1.1233534862089278        12.186999999999999        2.3825433959541757       0.57790899886725522      -0.63990052954054810       -1.0459547703868310     
         425   1.1213109116560833        12.189000000000000        2.3826162587251933       0.57783184486102845      -0.63700225781081454       -1.0452032045104023     
         424   1.1192683371032390        12.192000000000000        2.3826870580010566       0.57770682783632488      -0.63454779850247844       -1.0444495892579833     
         423   1.1172257625503945        12.195000000000000        2.3827556520360180       0.57758133776895215      -0.63208592096821914       -1.0436941839211522     
         422   1.1151831879975502        12.196999999999999        2.3828255778508813       0.57750357629298543      -0.62561816670706349       -1.0429368312394443     
         421   1.1131406134447059        12.199999999999999        2.3828874422067812       0.57737655702634505      -0.62683552724601710       -1.0421774503237122     
         420   1.1110980388918614        12.202999999999999        2.3829511082921879       0.57725003666678920      -0.62454595738810048       -1.0414162020899695     
         419   1.1090554643390171        12.205000000000000        2.3830116765918929       0.57717011404189922      -0.62190230243320732       -1.0406529854911903     
         418   1.1070128897861728        12.208000000000000        2.3830720201201117       0.57704289170024237      -0.61917200006734474       -1.0398877613965960     
         417   1.1049703152333281        12.211000000000000        2.3831294486966543       0.57691502621046287      -0.61666382768865835       -1.0391205072266658     
         416   1.1029277406804838        12.214000000000000        2.3831848455659945       0.57678673181238715      -0.61395792330691179       -1.0383513013509180     
         415   1.1008851661276393        12.215999999999999        2.3832385853199036       0.57670530460867175      -0.61132648574718818       -1.0375800993649231     
         414   1.0988425915747950        12.218999999999999        2.3832899102452818       0.57657612909635170      -0.60917740635582762       -1.0368068919695195     
         413   1.0968000170219507        12.222000000000000        2.3833393855871234       0.57644656964894903      -0.60656528578703006       -1.0360318099626082     
         412   1.0947574424691062        12.224000000000000        2.3833864433109979       0.57636363550479042      -0.60405435993675527       -1.0352545446998711     
         411   1.0927148679162619        12.227000000000000        2.3834318995555965       0.57623320949364598      -0.60144120684277469       -1.0344752631343868     
         409   1.0886297188105731        12.231999999999999        2.3835164355954994       0.57601809576136076      -0.59628421965429623       -1.0329106581134058     
         407   1.0845445697048846        12.238000000000000        2.3835921920248127       0.57575398668407807      -0.59140751581439266       -1.0313375528947235     
         406   1.0825019951520400        12.241000000000000        2.3836266051519455       0.57562119245360155      -0.58896111876649881       -1.0305479059559766     
         405   1.0804594205991958        12.243000000000000        2.3836611748215373       0.57553550660463737      -0.58420108685995908       -1.0297561528309955     
         404   1.0784168460463512        12.246000000000000        2.3836896453319811       0.57540138562181409      -0.58389209453744362       -1.0289623719848540     
         401   1.0722891223878181        12.254000000000000        2.3837671365574451       0.57504442942704825      -0.57670891385729628       -1.0265680938359136     
         400   1.0702465478349739        12.257000000000000        2.3837885155465748       0.57490883871211063      -0.57413260058292259       -1.0257656915270916     
         399   1.0682039732821296        12.260000000000000        2.3838076580984895       0.57477277511529301      -0.57153609746461620       -1.0249611132173893     
         398   1.0661613987292851        12.263000000000000        2.3838241254774464       0.57463613322357843      -0.56909983945618614       -1.0241543702932734     
         396   1.0620762496235963        12.268000000000001        2.3838502977673901       0.57440823842294886      -0.56428816782843072       -1.0225343159097995     
         395   1.0600336750707520        12.271000000000001        2.3838596033339097       0.57427004946013260      -0.56191761117946248       -1.0217421885946969     
         394   1.0579911005179077        12.273999999999999        2.3838667803546341       0.57413141540955059      -0.55966221939695937       -1.0209056228372262     
         393   1.0559485259650632        12.276999999999999        2.3838713813622578       0.57399222885561907      -0.55714688055960437       -1.0200877318563923     
         392   1.0539059514122189        12.279000000000000        2.3838764446133300       0.57389995610476008      -0.55099753523342287       -1.0192677198375888     
         391   1.0518633768593746        12.282000000000000        2.3838731741365282       0.57375898821329074      -0.55224424771234848       -1.0184454504835811     
         390   1.0498208023065301        12.285000000000000        2.3838703388906040       0.57361819389792768      -0.54973237153272669       -1.0176208839373229     
         389   1.0477782277536858        12.288000000000000        2.3838647775570281       0.57347681252578864      -0.54765183190156286       -1.0167942678646478     
         388   1.0457356532008415        12.291000000000000        2.3838569550400184       0.57333495633959175      -0.54533459304044063       -1.0159649554618415     
         387   1.0436930786479968        12.292999999999999        2.3838464099073473       0.57323914228966577      -0.54262645666283771       -1.0151335242070409     
         386   1.0416505040951525        12.295999999999999        2.3838331840797875       0.57309610276745748      -0.54050107724608276       -1.0142998291221124     
         385   1.0396079295423080        12.298999999999999        2.3838173982387554       0.57295251772490674      -0.53800095010890248       -1.0134638188139402     
         384   1.0375653549894637        12.302000000000000        2.3837988700764199       0.57280834375395484      -0.53544660347233375       -1.0126253981954640     
         383   1.0355227804366194        12.305000000000000        2.3837776456443192       0.57266359234847863      -0.53309382772794145       -1.0117847248921352     
         382   1.0334802058837749        12.308000000000000        2.3837531884167569       0.57251813507060967      -0.53109518142875867       -1.0109415486644275     
         381   1.0314376313309306        12.310000000000000        2.3837262672786603       0.57241865357804755      -0.52840557394127274       -1.0100960407735422     
         380   1.0293950567780863        12.313000000000001        2.3837003163902035       0.57227295645035092      -0.52226639754043092       -1.0092481838687022     
         379   1.0273524822252418        12.316000000000001        2.3836650383394589       0.57212509160517333      -0.52380768934800703       -1.0083979078460588     
         378   1.0253099076723975        12.319000000000001        2.3836297906187949       0.57197730605596664      -0.52172277853745375       -1.0075452902852324     
         377   1.0232673331195530        12.321999999999999        2.3835920982570840       0.57182900599377606      -0.51915493138450852       -1.0066900930766820     
         376   1.0212247585667087        12.324999999999999        2.3835509016634076       0.57167993765798431      -0.51701835438438226       -1.0058325760798383     
         375   1.0191821840138644        12.327999999999999        2.3835069878853150       0.57153029033201508      -0.51448625071156562       -1.0049725408857793     
         374   1.0171396094610199        12.331000000000000        2.3834603195421824       0.57138005547730564      -0.51222649544083920       -1.0041100648241887     
         373   1.0150970349081756        12.333000000000000        2.3834107449043214       0.57127551429036250      -0.51012948622393806       -1.0032628764886771     
         372   1.0130544603553313        12.336000000000000        2.3833577750372656       0.57112389225383309      -0.50788524515136424       -1.0023777386953159     
         371   1.0110118858024868        12.339000000000000        2.3833020926170878       0.57097169409458282      -0.50547178984878782       -1.0015077706271027     
         370   1.0089693112496425        12.342000000000001        2.3832432568598394       0.57081881465904627      -0.50345700243257263       -1.0006353691870959     
         369   1.0069267366967982        12.345000000000001        2.3831817042278596       0.57066535895709758      -0.50086224135190738      -0.99976031590354908     
         368   1.0048841621439537        12.348000000000001        2.3831167479182502       0.57051116299015558      -0.49866366574607224      -0.99888274458619475     
         367   1.0028415875911094        12.351000000000001        2.3830487599391841       0.57035631633367523      -0.49627393389237850      -0.99800256249823616     
         366   1.0007990130382649        12.353999999999999        2.3829770473276795       0.57020065364895334      -0.49417284038853665      -0.99711998332662888     
         365  0.99875643848542051        12.356999999999999        2.3829025310618923       0.57004439584921762      -0.49180277713538290      -0.99623460840537359     
         364  0.99671386393257611        12.359999999999999        2.3828247727221004       0.56988743851330759      -0.48919507268440293      -0.99534667749249439     
         362  0.99262871482688741        12.365000000000000        2.3826591666469277       0.56961740364300983      -0.48544515462149906      -0.99356317878534273     
         361  0.99058614027404301        12.368000000000000        2.3825715470579159       0.56945829446711094      -0.48263836454266990      -0.99266724218720770     
         360  0.98854356572119861        12.371000000000000        2.3824806920312231       0.56929848934574390      -0.48060189966018335      -0.99176881619244428     
         359  0.98650099116835432        12.374000000000001        2.3823857727621700       0.56913779078858340      -0.47862922605825220      -0.99086778058593417     
         358  0.98445841661550992        12.377000000000001        2.3822878755403520       0.56897645889051840      -0.47636216723399571      -0.98996393212247868     
         357  0.98241584206266552        12.380000000000001        2.3821880787951302       0.56881475161747286      -0.47214656165574809      -0.98905734816585744     
         356  0.98037326750982112        12.382999999999999        2.3820844233628793       0.56865220154990093      -0.46787169450386262      -0.98814809042986418     
         355  0.97833069295697683        12.385999999999999        2.3819724897456283       0.56848775453131017      -0.46973946077583195      -0.98723611577337267     
         354  0.97628811840413243        12.388999999999999        2.3818607568303678       0.56832343504296789      -0.46762765390563149      -0.98632146099594697     
         353  0.97424554385128803        12.391999999999999        2.3817450299381910       0.56815824236398782      -0.46514764509437900      -0.98540386091858312     
         352  0.97220296929844374        12.395000000000000        2.3816254133240506       0.56799220199208489      -0.46320201237464520      -0.98448359618142356     
         351  0.97016039474559934        12.398000000000000        2.3815025109723909       0.56782545855159783      -0.46090808162565827      -0.98356049347352537     
         350  0.96811782019275483        12.401000000000000        2.3813757198937551       0.56765786881581581      -0.45886829088333159      -0.98263456578065000     
         349  0.96607524563991043        12.404000000000000        2.3812451835095003       0.56748946757843000      -0.45637938442709253      -0.98170575282962758     
         348  0.96403267108706614        12.407000000000000        2.3811107985990767       0.56732023083491301      -0.45449181608762806      -0.98077420322008946     
         346  0.95994752198137734        12.413000000000000        2.3808300466609666       0.56697914929374982      -0.45035953139861934      -0.97890238864353407     
         345  0.95790494742853294        12.416000000000000        2.3806843240289370       0.56680745917798325      -0.44815901790510443      -0.97796234200699772     
         344  0.95586237287568865        12.419000000000000        2.3805342755897367       0.56663482234591600      -0.44566757303000298      -0.97701887376008401     
         343  0.95381979832284425        12.422000000000001        2.3803802688787616       0.56646132694620710      -0.44385235026226966      -0.97607284238062253     
         342  0.95177722376999985        12.425000000000001        2.3802218692350943       0.56628687018906487      -0.44173909840402820      -0.97512372933472513     
         341  0.94973464921715545        12.428000000000001        2.3800597717231913       0.56611161809596333      -0.43983252950418000      -0.97417180242515100     
         340  0.94769207466431116        12.430999999999999        2.3798939482039136       0.56593556455127370      -0.43748375083052748      -0.97321695826364374     
         339  0.94564950011146676        12.433999999999999        2.3797233768689621       0.56575846720909739      -0.43532824161487860      -0.97225875413512974     
         337  0.94156435100577796        12.440000000000000        2.3793694238370717       0.56540148469205553      -0.43143647537810986      -0.97032758988640899     
         336  0.93952177645293367        12.443000000000000        2.3791864346847484       0.56522169411803558      -0.42898616441599013      -0.96936650291733362     
         335  0.93747920190008915        12.446000000000000        2.3789991701017250       0.56504097475160342      -0.42694965724403644      -0.96839627089841851     
         334  0.93543662734724475        12.449000000000000        2.3788068598510965       0.56485914436776685      -0.42487397805185639      -0.96742301235121753     
         333  0.93339405279440046        12.452000000000000        2.3786110573240129       0.56467657254088344      -0.42285273542845198      -0.96644680405532901     
         332  0.93135147824155606        12.455000000000000        2.3784100342753405       0.56449284962428559      -0.42074648446983098      -0.96546715253587312     
         331  0.92930890368871166        12.459000000000000        2.3782042914210981       0.56426280205173951      -0.41889159170474916      -0.96448442880193774     
         330  0.92726632913586726        12.462000000000000        2.3779945819732431       0.56407722146578032      -0.41670954971064861      -0.96351678130640483     
         328  0.92318118003017857        12.468000000000000        2.3775610071340210       0.56370297194126573      -0.41239904717846632      -0.96151729055409885     
         327  0.92113860547733417        12.471000000000000        2.3773364204298866       0.56351413351152890      -0.41062922771334376      -0.96052186389211058     
         326  0.91909603092448977        12.474000000000000        2.3771079381217151       0.56332446273714509      -0.40878071920736553      -0.95952327830991169     
         325  0.91705345637164548        12.477000000000000        2.3768742820443709       0.56313365739314847      -0.40640192751299559      -0.95852107809719456     
         324  0.91501088181880108        12.480000000000000        2.3766364726749551       0.56294196001303021      -0.40427418039983126      -0.95751586434632319     
         323  0.91296830726595668        12.483000000000001        2.3763929300562645       0.56274899709333270      -0.40260399359056875      -0.95650729917850630     
         322  0.91092573271311228        12.486000000000001        2.3761443648531415       0.56255493779699262      -0.40078490737770300      -0.95549548283710195     
         321  0.90888315816026799        12.489000000000001        2.3758907458752643       0.56235977553152550      -0.39852911655040268      -0.95448014293338546     
         320  0.90684058360742348        12.493000000000000        2.3756328521310155       0.56211869713945339      -0.39632547067432350      -0.95346153239606779     
         319  0.90479800905457908        12.496000000000000        2.3753694792522562       0.56192144153173917      -0.39435061593616294      -0.95243954726631019     
         318  0.90275543450173468        12.499000000000001        2.3751006338749976       0.56172298634147000      -0.39265915527588918      -0.95141424215795933     
         317  0.90071285994889039        12.502000000000001        2.3748298411605919       0.56152416595015164      -0.38689511546371569      -0.95038535578146166     
         316  0.89867028539604599        12.505000000000001        2.3745536107749357       0.56132415553550719      -0.38139436131129112      -0.94935316634720301     
         315  0.89662771084320159        12.507999999999999        2.3742626684657520       0.56112076412575129      -0.38657652262868475      -0.94831730614113607     
         314  0.89458513629035719        12.510999999999999        2.3739723654310856       0.56091762130458767      -0.38443172120876584      -0.94727803985346859     
         313  0.89254256173751290        12.515000000000001        2.3736833663392916       0.56067008047554301      -0.37554328657110736      -0.94623525776401629     
         312  0.89049998718466850        12.518000000000001        2.3733768409788114       0.56046332842278634      -0.38053254932038849      -0.94518901237543773     
         311  0.88845741263182409        12.521000000000001        2.3730695707395952       0.56025649958661838      -0.37899139480654892      -0.94413934264958643     
         310  0.88641483807897981        12.523999999999999        2.3727611590350568       0.56004950041476809      -0.37301322843596085      -0.94308575810441431     
         308  0.88232968897329100        12.529999999999999        2.3721160424351551       0.55962912451249003      -0.37313464052706175      -0.94096808066243753     
         307  0.88028711442044660        12.532999999999999        2.3717865316548625       0.55941744766310120      -0.37113730573706566      -0.93990371232192138     
         306  0.87824453986760231        12.537000000000001        2.3714516044561185       0.55915999055935395      -0.36921395275435143      -0.93883574435640393     
         305  0.87620196531475791        12.539999999999999        2.3711110492758385       0.55894594058916058      -0.36694062551727064      -0.93776404474183661     
         304  0.87415939076191340        12.542999999999999        2.3707630809393976       0.55873024591309328      -0.36546861768281497      -0.93668869602567273     
         303  0.87211681620906900        12.545999999999999        2.3704097952094423       0.55851340151233475      -0.36345714128957979      -0.93560951201036824     
         302  0.87007424165622471        12.548999999999999        2.3700535664100659       0.55829596751339827      -0.35763850233041355      -0.93452650191187936     
         301  0.86803166710338031        12.553000000000001        2.3696865455765024       0.55803163827093594      -0.35763111971780304      -0.93343986191823658     
         300  0.86598909255053591        12.555999999999999        2.3693126322180453       0.55781027710130282      -0.35776328302303112      -0.93234928445769016     
         299  0.86394651799769151        12.558999999999999        2.3689343510114287       0.55758799360348021      -0.35593375616834128      -0.93125492130039700     
         298  0.86190394344484722        12.561999999999999        2.3685528431652454       0.55736505698612504      -0.35040567480562534      -0.93015664643382590     
         297  0.85986136889200282        12.565000000000000        2.3681586202256759       0.55713923543840937      -0.35223961860433811      -0.92905454164906798     
         296  0.85781879433915842        12.569000000000001        2.3677607501669589       0.55686835544194391      -0.35041770533562272      -0.92794863408952999     
         295  0.85577621978631402        12.571999999999999        2.3673560589765628       0.55664031673871639      -0.34860436148262292      -0.92683846082266808     
         294  0.85373364523346973        12.574999999999999        2.3669454046086398       0.55641098504401465      -0.34639972251481138      -0.92572450051311639     
         293  0.85169107068062533        12.577999999999999        2.3665276074222952       0.55618008404443164      -0.34471660854382763      -0.92460651535587146     
         292  0.84964849612778093        12.582000000000001        2.3661023996651092       0.55590336600620227      -0.34299022893621300      -0.92350474207612510     
         289  0.84352077246924773        12.590999999999999        2.3647868930256650       0.55519715787473933      -0.33759692822328957      -0.92009417260737214     
         288  0.84147819791640333        12.595000000000001        2.3643336790075540       0.55491446448370418      -0.33588223588093485      -0.91895579117611736     
         287  0.83943562336355904        12.598000000000001        2.3638740027856731       0.55467445965904572      -0.33385893070695316      -0.91781328099151560     
         286  0.83739304881071464        12.601000000000001        2.3634063283009334       0.55443269279677654      -0.33216614120688204      -0.91666657818398911     
         285  0.83535047425787023        12.603999999999999        2.3629313055841252       0.55418931760985346      -0.33051918317952417      -0.91551572221627020     
         284  0.83330789970502583        12.608000000000001        2.3624506505154006       0.55390080161185851      -0.32662909294321957      -0.91436044426780305     
         283  0.83126532515218154        12.611000000000001        2.3619596360930264       0.55365393951817399      -0.32690855433799010      -0.91320109221714529     
         282  0.82922275059933714        12.614000000000001        2.3614623189399908       0.55340571781041170      -0.32476292207710739      -0.91203729632450625     
         281  0.82718017604649274        12.617000000000001        2.3609571703133332       0.55315577928461490      -0.32304081002661428      -0.91086926949007385     
         278  0.82105245238795965        12.627000000000001        2.3593939970092941       0.55235175494648359      -0.31819154845011371      -0.90733885722072993     
         277  0.81900987783511525        12.630000000000001        2.3588569937698796       0.55209486839733146      -0.31627449518399858      -0.90615313140387421     
         276  0.81696730328227085        12.634000000000000        2.3583118421345226       0.55179251850069722      -0.31456319047912851      -0.90496298817390330     
         275  0.81492472872942656        12.637000000000000        2.3577580009293131       0.55153196823590400      -0.31265350232493794      -0.90376826079839945     
         274  0.81288215417658205        12.640000000000001        2.3571964083684729       0.55126972886612602      -0.31122059042652728      -0.90256900620450142     
         273  0.81083957962373765        12.644000000000000        2.3566263266503982       0.55096205066063553      -0.30908251586437235      -0.90136519242226854     
         272  0.80879700507089336        12.647000000000000        2.3560476746447141       0.55069610420063042      -0.30743072190676790      -0.90015680803845277     
         271  0.80675443051804896        12.650000000000000        2.3554604278188549       0.55042827542803330      -0.30556500467927444      -0.89894378095714089     
         268  0.80062670685951587        12.660000000000000        2.3536448866150028       0.54956957410745999      -0.30057063233206266      -0.89527648579676566     
         266  0.79654155775382707        12.667000000000000        2.3523896017136634       0.54897292901916139      -0.29723501633889449      -0.89280791055524789     
         265  0.79449898320098267        12.670000000000000        2.3517476582580419       0.54869316960419423      -0.29550593033845646      -0.89156630440703488     
         264  0.79245640864813838        12.673000000000000        2.3510970870771959       0.54841153015716260      -0.29390767082758706      -0.89031991597996440     
         263  0.79041383409529398        12.677000000000000        2.3504395059482892       0.54808515126181967      -0.28891852453288358      -0.88906859811291383     
         262  0.78837125954244958        12.680000000000000        2.3497661725466803       0.54779850461442647      -0.29068499984337448      -0.88781229233677328     
         261  0.78632868498960518        12.683000000000000        2.3490921842144727       0.54751184092500171      -0.28236330735994197      -0.88655097845776187     
         260  0.78428611043676089        12.686999999999999        2.3483968929175609       0.54717721646025685      -0.28721707550100667      -0.88528469934459819     
         258  0.78020096133107197        12.693000000000000        2.3469879250042474       0.54659043019041442      -0.28416276502011362      -0.88273699154992513     
         257  0.77815838677822757        12.696999999999999        2.3462683572736189       0.54625070758664351      -0.28221294653162871      -0.88145538002372470     
         256  0.77611581222538328        12.699999999999999        2.3455384995061257       0.54595178897067476      -0.28059409039490080      -0.88016872508284838     
         255  0.77407323767253888        12.702999999999999        2.3447979774168983       0.54565052988212681      -0.27900395008399875      -0.87887683980648279     
         254  0.77203066311969448        12.707000000000001        2.3440463536735479       0.54530391319237681      -0.27760796885794353      -0.87759938826683226     
         253  0.76998808856685019        12.710000000000001        2.3432912190235906       0.54499957437255386      -0.26941262764569146      -0.87627726910380455     
         252  0.76794551401400579        12.712999999999999        2.3425121236625621       0.54468980775236431      -0.27427651103304579      -0.87496962851909643     
         251  0.76590293946116139        12.717000000000001        2.3417293761481037       0.54433653106841273      -0.27265134243856842      -0.87365651581542259     
         250  0.76386036490831699        12.720000000000001        2.3409350256384980       0.54402354606244674      -0.27114476915904845      -0.87233806360487542     
         249  0.76181779035547270        12.723000000000001        2.3401297935209735       0.54370818041204994      -0.26941386034307907      -0.87101417498564326     
         248  0.75977521580262830        12.727000000000000        2.3393126132761295       0.54334749220477996      -0.26772331382940856      -0.86970437015096103     
         247  0.75773264124978390        12.730000000000000        2.3384843038600329       0.54302710043464619      -0.26625071544226808      -0.86834992711444547     
         246  0.75569006669693950        12.734000000000000        2.3376443223169407       0.54266153134074524      -0.26467684445275808      -0.86700950982132563     
         245  0.75364749214409521        12.737000000000000        2.3367925867694450       0.54233604034972804      -0.26321771937277899      -0.86566346252277182     
         244  0.75160491759125070        12.740000000000000        2.3359291534907887       0.54200798841485731      -0.26156353118076642      -0.86431172848269200     
         243  0.74956234303840630        12.744000000000000        2.3350535462891147       0.54163476238595376      -0.25993868079139226      -0.86295445630983114     
         242  0.74751976848556190        12.747000000000000        2.3341661983767477       0.54130150975653435      -0.25819403234119054      -0.86159132864053856     
         241  0.74547719393271761        12.750000000000000        2.3332553613849183       0.54096296803183697      -0.26900407476179039      -0.86022259571444271     
         240  0.74343461937987321        12.754000000000000        2.3323532676346095       0.54058422342974577      -0.25560289610119397      -0.85884792786560571     
         239  0.74139204482702881        12.757000000000000        2.3314282733790228       0.54024275560311152      -0.25385918292339543      -0.85746739336857247     
         238  0.73934947027418441        12.760000000000000        2.3304901079221407       0.53989839700438413      -0.25221310671071551      -0.85608095099079229     
         237  0.73730689572134012        12.763999999999999        2.3295393481226743       0.53950901194780110      -0.25083847174941853      -0.85468862731518658     
         236  0.73526432116849572        12.766999999999999        2.3285752727918236       0.53915901539265998      -0.24930891093374835      -0.85329038906602450     
         235  0.73322174661565132        12.770000000000000        2.3275986761586109       0.53880628477882264      -0.24759257154260009      -0.85188313955633610     
         234  0.73117917206280691        12.773999999999999        2.3266078127800043       0.53840826602189218      -0.24627451532450512      -0.85047554291324567     
         232  0.72709402295711822        12.781000000000001        2.3245861214065737       0.53764579601259188      -0.24312961846814027      -0.84763613873483012     
         231  0.72505144840427382        12.784000000000001        2.3235597603675981       0.53728229964241614      -0.23549040465486779      -0.84620732824015676     
         230  0.72300887385142953        12.787000000000001        2.3225086259067731       0.53691324676056651      -0.24021105694596506      -0.84477190227562904     
         229  0.72096629929858502        12.791000000000000        2.3214486412215907       0.53650037464616629      -0.23871857238051425      -0.84333038693085272     
         228  0.71892372474574062        12.794000000000000        2.3203738931887048       0.53612625107924028      -0.23732495296572659      -0.84188245871244838     
         227  0.71688115019289622        12.797000000000001        2.3192848372917116       0.53574899784301755      -0.23570977513782745      -0.84042805263169884     
         225  0.71279600108720753        12.804000000000000        2.3170617720294535       0.53494285986816359      -0.23290120714081886      -0.83749983803899231     
         224  0.71075342653436313        12.807000000000000        2.3159275775090009       0.53455575963808222      -0.23132866295700977      -0.83602583771010697     
         223  0.70871085198151873        12.811000000000000        2.3147781259718117       0.53412362413021020      -0.23002260333650396      -0.83454533934327235     
         222  0.70666827742867444        12.814000000000000        2.3136128260131938       0.53372975141696199      -0.22856176985769930      -0.83305809152483623     
         221  0.70462570287583004        12.817000000000000        2.3124325987107022       0.53333262028819062      -0.22699335901562562      -0.83156406416484752     
         220  0.70258312832298564        12.821000000000000        2.3112354824136898       0.53289021360861455      -0.22545016788742459      -0.83006329455637262     
         219  0.70054055377014124        12.824000000000000        2.3100221828900063       0.53248587213713150      -0.22421988952945934      -0.82855574987038827     
         218  0.69849797921729695        12.827000000000000        2.3087923221339293       0.53207790314586845      -0.22315256998881203      -0.82704114556071506     
         217  0.69645540466445255        12.831000000000000        2.3075472339303889       0.53162518038662410      -0.22149884137752979      -0.82551969309014617     
         216  0.69441283011160815        12.834000000000000        2.3062844102420192       0.53121004269956185      -0.21989955108671017      -0.82399117847298575     
         215  0.69237025555876375        12.837000000000000        2.3050049432618294       0.53079126646823338      -0.21848787881201606      -0.82245559058105921     
         214  0.69032768100591935        12.840999999999999        2.3037077816984675       0.53032730946065698      -0.21712335231386648      -0.82091303128634707     
         213  0.68828510645307495        12.843999999999999        2.3023930103950514       0.52990084227682588      -0.21581213139195721      -0.81936300823536068     
         212  0.68624253190023055        12.847000000000000        2.3010607639515404       0.52947055326520198      -0.21462443463475825      -0.81780595155053359     
         211  0.68419995734738626        12.851000000000001        2.2997109042156545       0.52899524637610229      -0.21310508711521214      -0.81624149286741310     
         210  0.68215738279454186        12.853999999999999        2.2983427378723258       0.52855714243472340      -0.21167441335419815      -0.81466971150916545     
         209  0.68011480824169745        12.856999999999999        2.2969556690279624       0.52811489689055247      -0.21040449209931142      -0.81309055534976382     
         208  0.67807223368885305        12.861000000000001        2.2955509497690167       0.52762777185587795      -0.20883542033427155      -0.81150381383005321     
         206  0.67398708458316436        12.867000000000001        2.2926832246154172       0.52672290069208194      -0.20606474684114082      -0.80830774924545579     
         205  0.67194451003031996        12.871000000000000        2.2912205287237177       0.52622327126462309      -0.20490893396214152      -0.80669814525366956     
         204  0.66990193547747556        12.874000000000001        2.2897383327708516       0.52576031086263741      -0.20351663916558785      -0.80508087739918588     
         201  0.66377421181894247        12.884000000000000        2.2851771815994795       0.52430573867561947      -0.19341476369573346      -0.80018181906223407     
         200  0.66173163726609807        12.887000000000000        2.2836075579928110       0.52382363715322400      -0.19812024368879552      -0.79853300186644594     
         199  0.65968906271325367        12.890000000000001        2.2820295640217632       0.52333984045505300      -0.19072307442536274      -0.79687593664893286     
         198  0.65764648816040927        12.893000000000001        2.2804174899653225       0.52284845510348565      -0.19556446974256958      -0.79521085971559280     
         197  0.65560391360756487        12.897000000000000        2.2787903198010406       0.52231333601658225      -0.19425545205345071      -0.79353750417769953     
         196  0.65356133905472047        12.900000000000000        2.2771409603945503       0.52181391197661398      -0.19307636873293432      -0.79185588020403808     
         195  0.65151876450187618        12.903000000000000        2.2754700923939151       0.52130979255780374      -0.19156424211244216      -0.79016585581028520     
         194  0.64947618994903178        12.906000000000001        2.2737762907423829       0.52080065463011693      -0.19036005338794801      -0.78846778748497803     
         193  0.64743361539618738        12.910000000000000        2.2720601086757783       0.52024632732407061      -0.18883287320473707      -0.78676049033217610     
         191  0.64334846629049869        12.916000000000000        2.2685573399646759       0.51920297605575094      -0.18659029139242389      -0.78332082269738990     
         190  0.64130589173765429        12.919000000000000        2.2667710554633453       0.51867367813134202      -0.18510225529329466      -0.78158787506204863     
         189  0.63926331718480989        12.922000000000001        2.2649602274960334       0.51813901133689344      -0.18391961277597196      -0.77984615064212026     
         188  0.63722074263196560        12.925000000000001        2.2631285417671827       0.51759982236784707      -0.17952714766781996      -0.77809554431753991     
         187  0.63517816807912120        12.929000000000000        2.2612656596137892       0.51701375858479626      -0.18144688501574160      -0.77633604959377367     
         186  0.63313559352627680        12.932000000000000        2.2593811884879260       0.51646305650784452      -0.18015991787321811      -0.77456739541781006     
         185  0.63109301897343240        12.935000000000000        2.2574609810859050       0.51590444295813809      -0.18970599489804169      -0.77278974521231081     
         183  0.62700786986774359        12.941000000000001        2.2535739949833302       0.51477735470368191      -0.17639980683058956      -0.76920648919266976     
         181  0.62292272076205479        12.946999999999999        2.2495707906212097       0.51362477600104983      -0.17379344065103222      -0.76558579417689987     
         180  0.62088014620921050        12.949999999999999        2.2475280867075043       0.51303950493543515      -0.17283809655491372      -0.76376117013240730     
         179  0.61883757165636610        12.952999999999999        2.2454581357348671       0.51244828677468124      -0.17162033795165518      -0.76192701742679880     
         178  0.61679499710352170        12.957000000000001        2.2433703868106347       0.51181377758672897      -0.16050388410214766      -0.76008178427795126     
         176  0.61270984799783301        12.962999999999999        2.2390802817864293       0.51059856853983021      -0.16777630303558577      -0.75636557307418106     
         175  0.61066727344498861        12.965999999999999        2.2368989044477452       0.50998310419291748      -0.16376648876398728      -0.75449182228144851     
         174  0.60862469889214421        12.968999999999999        2.2346820265938745       0.50935983281390140      -0.16545973228382663      -0.75260806977585759     
         173  0.60658212433929992        12.972000000000000        2.2324389512741076       0.50873087980940546      -0.16418466444657800      -0.75071416643641020     
         170  0.60045440068076672        12.980000000000000        2.2255230079661938       0.50684229012123772      -0.16084918276006654      -0.74497040897381073     
         169  0.59841182612792232        12.983000000000001        2.2231549622137781       0.50618599745252202      -0.15963900137306195      -0.74303483762310929     
         168  0.59636925157507792        12.986000000000001        2.2207549124164108       0.50552272275691834      -0.15822887084613915      -0.74108851555909605     
         167  0.59432667702223352        12.989000000000001        2.2183215519167341       0.50485217349928857      -0.15735324551694013      -0.73913149235369635     
         166  0.59228410246938912        12.992000000000001        2.2158552977265682       0.50417444960183688      -0.15634791260770267      -0.73716366778568043     
         165  0.59024152791654483        12.994999999999999        2.2133576990169086       0.50348990843566044      -0.15340296977511153      -0.73518488130136084     
         164  0.58819895336370043        12.997999999999999        2.2108214352350468       0.50279688984170179      -0.15385003518769277      -0.73319484951328151     
         163  0.58615637881085603        13.000000000000000        2.2082528617476123       0.50213546756081329      -0.15280322865968901      -0.73119370701017805     
         162  0.58411380425801163        13.003000000000000        2.2056491934834712       0.50142770434720074      -0.15147347076932660      -0.72917629522385663     
         161  0.58207122970516734        13.006000000000000        2.2030096643448283       0.50071211698663209      -0.15032861113467125      -0.72715747565093247     
         160  0.58002865515232294        13.009000000000000        2.2003331554092260       0.49998845663589264      -0.14944454869362861      -0.72512217835115389     
         159  0.57798608059947854        13.010999999999999        2.1976205149242762       0.49929529349433399      -0.14846707662084166      -0.72307527674362859     
         158  0.57594350604663413        13.013999999999999        2.1948709742619252       0.49855564893509452      -0.14732653764363132      -0.72101661912310677     
         157  0.57390093149378985        13.016999999999999        2.1920832829958927       0.49780768155351335      -0.14606289350245874      -0.71894606927805582     
         156  0.57185835694094544        13.019000000000000        2.1892574417947390       0.49708957617738558      -0.14483741275658057      -0.71686346500877585     
         155  0.56981578238810104        13.022000000000000        2.1863918218775282       0.49632454345389448      -0.14379186702548064      -0.71476891186997560     
         154  0.56777320783525653        13.025000000000000        2.1834871549382822       0.49555100126941898      -0.14277827172236907      -0.71266221161951659     
         153  0.56573063328241224        13.026999999999999        2.1805424787456511       0.49480671742212712      -0.14162621932715039      -0.71054307047453025     
         152  0.56368805872956784        13.029999999999999        2.1775558732892639       0.49401523239704992      -0.14066809029303423      -0.70841153011485358     
         151  0.56164548417672344        13.032000000000000        2.1745289981848748       0.49325282445590496      -0.13939095118520228      -0.70626738949221624     
         150  0.55960290962387915        13.035000000000000        2.1714598096524389       0.49244327248318626      -0.13843535268902560      -0.70411056702490327     
         149  0.55756033507103475        13.037000000000001        2.1683475367477514       0.49166203457019320      -0.13739197223637456      -0.70194096103286407     
         147  0.55347518596534595        13.042000000000000        2.1619932054367066       0.49003328207033520      -0.13540542983716569      -0.69756267447452569     
         146  0.55143261141250166        13.044000000000000        2.1587550927652077       0.48922431469226546      -0.12887577081217219      -0.69535375976443015     
         145  0.54939003685965726        13.047000000000001        2.1554595078350411       0.48836513870035020      -0.13319946107280145      -0.69313152209089113     
         144  0.54734746230681286        13.048999999999999        2.1521256336841059       0.48753504349702986      -0.13073249570732004      -0.69089574858073644     
         143  0.54530488775396846        13.051000000000000        2.1487419221427637       0.48669391445085969      -0.13133541974124704      -0.68864632726306241     
         142  0.54326231320112417        13.053000000000001        2.1453126256349044       0.48584271966779280      -0.13004844198521975      -0.68638327262736298     
         141  0.54121973864827977        13.055999999999999        2.1418347125024209       0.48494363110911409      -0.12902736512798035      -0.68410637153153231     
         140  0.53917716409543537        13.058000000000000        2.1383077718801822       0.48407092562112952      -0.12797612403668313      -0.68181505888146521     
         139  0.53713458954259086        13.060000000000000        2.1347311026946416       0.48318723157718702      -0.12683331431361228      -0.67950991393381921     
         138  0.53509201498974657        13.061999999999999        2.1311038563959701       0.48229236198864772      -0.12590620162270807      -0.67719010586670414     
         137  0.53304944043690217        13.064000000000000        2.1274245837402948       0.48138599405848831      -0.12486317609807225      -0.67485594060682075     
         136  0.53100686588405777        13.066000000000001        2.1236943660263443       0.48046837770176987      -0.12404553278388696      -0.67250717399751936     
         135  0.52896429133121337        13.068000000000000        2.1199101069193804       0.47953881767001127      -0.12291524838786286      -0.67014346282586956     
         134  0.52692171677836908        13.070000000000000        2.1160735009711806       0.47859770270722130      -0.12183146104708063      -0.66776493301380757     
         132  0.52283656767268027        13.073000000000000        2.1082365987302336       0.47671578854061614      -0.11738163689820141      -0.66296235793254954     
         131  0.52079399311983599        13.074999999999999        2.1042294766340759       0.47573691396872470      -0.11905206104285670      -0.66053782049687626     
         130  0.51875141856699158        13.077000000000000        2.1001681552731921       0.47474608699236837      -0.11819710111382847      -0.65809779329076490     
         129  0.51670884401414718        13.077999999999999        2.0960484945069524       0.47377860172806535      -0.11710978946621593      -0.65564201752015339     
         128  0.51466626946130278        13.080000000000000        2.0918700187509924       0.47276182459322169      -0.11597368454357199      -0.65317021447999446     
         127  0.51262369490845849        13.081000000000000        2.0876312008168605       0.47176778548694293      -0.11525826877049782      -0.65068237627552961     
         126  0.51058112035561398        13.083000000000000        2.0833306807672858       0.47072397325912663      -0.11417784282575642      -0.64817815983871008     
         125  0.50853854580276969        13.084000000000000        2.0789688815842675       0.46970253260694078      -0.11315492508817522      -0.64565747570899934     
         124  0.50649597124992529        13.086000000000000        2.0745434997661949       0.46863106954541911      -0.11224909699418109      -0.64312018665094206     
         123  0.50445339669708089        13.087000000000000        2.0700658217660037       0.46758384840505379      -0.10189618841179686      -0.64056597246345792     
         122  0.50241082214423649        13.087999999999999        2.0654999686745730       0.46651687193610086      -0.11047297735398311      -0.63799495091205316     
         121  0.50036824759139220        13.089000000000000        2.0608794911116810       0.46543772188004906      -0.10947152933187206      -0.63540652909944950     
         120  0.49832567303854775        13.090999999999999        2.0561916046321853       0.46430804351562804      -0.10867106553607642      -0.63280083488411631     
         119  0.49628309848570334        13.092000000000001        2.0514353918335195       0.46319866146610683      -0.10769773766310399      -0.63017745033464845     
         118  0.49424052393285900        13.093000000000000        2.0466091372742516       0.46207363518429567      -0.10672697623049973      -0.62756391982593684     
         117  0.49219794938001460        13.093999999999999        2.0417134433169570       0.46093310424264344      -0.10587478344594324      -0.62487723055806776     
         116  0.49015537482717025        13.093999999999999        2.0367447488669588       0.45981138181662551      -0.10501276890335960      -0.62219997221456191     
         115  0.48811280027432585        13.095000000000001        2.0317032996105082       0.45863820781948322      -0.10410140313945417      -0.61950440894946068     
         114  0.48607022572148151        13.096000000000000        2.0265885459952391       0.45744866647089766      -0.10310924105197923      -0.61678997650668732     
         113  0.48402765116863711        13.096000000000000        2.0213976469916042       0.45627695856221029      -0.10229828980428476      -0.61408350383527377     
         112  0.48198507661579271        13.097000000000000        2.0161299924451659       0.45505317762978875      -0.10127764209803204      -0.61130489054936521     
         111  0.47994250206294836        13.097000000000000        2.0107849211024424       0.45384676152156234      -0.10041358234352502      -0.60853360463006256     
         110  0.47789992751010396        13.098000000000001        2.0053603676283651       0.45258784919354245       -9.9631978320001202E-002 -0.60574285167289599     
         109  0.47585735295725962        13.098000000000001        1.9998573646355207       0.45134588175026313       -9.6320763563162021E-002 -0.60293249411346195     
         108  0.47381477840441522        13.098000000000001        1.9942582427446629       0.45008222132550230      -0.10596201933300320      -0.60010223920614503     
         107  0.47177220385157087        13.099000000000000        1.9886084799509713       0.44877286910230302       -8.8051369066764265E-002 -0.59725169815081047     
         106  0.46972962929872647        13.099000000000000        1.9828422586664809       0.44747159552542309       -9.6270421446779192E-002 -0.59438108163771874     
         105  0.46768705474588207        13.099000000000000        1.9770121355778312       0.44615590111292747       -8.6649481915988411E-002 -0.59148964484323341     
         104  0.46564448019303767        13.098000000000001        1.9710719541935320       0.44484933020252287       -9.4462068963545531E-002 -0.58857760629968725     
         103  0.46360190564019332        13.098000000000001        1.9650547994251808       0.44349132434041771       -9.3619999381534952E-002 -0.58564437879895548     
         102  0.46155933108734892        13.098000000000001        1.9589472009379711       0.44211290632254641       -9.2571952347426503E-002 -0.58268985601446444     
         101  0.45951675653450458        13.097000000000000        1.9527374875094889       0.44074509188284433       -9.9842091593126764E-002 -0.57971386736792718     
         100  0.45747418198166018        13.097000000000000        1.9464640856362827       0.43932914575454485       -8.2472928415867175E-002 -0.57671598048142581     
          98  0.45338903287597143        13.095000000000001        1.9335791466104284       0.43648758883668742       -8.9470062760760818E-002 -0.57065413172937385     
          96  0.44930388377028263        13.093000000000000        1.9203120919103176       0.43355889155226396       -8.7820642676091742E-002 -0.56450194245916330     
          95  0.44726130921743829        13.092000000000001        1.9135265869679181       0.43205989196235778       -8.7181447918487906E-002 -0.56139153860621638     
          94  0.44521873466459388        13.090999999999999        1.9066379736655699       0.43053738049067675       -8.6366352612378433E-002 -0.55825743293851926     
          93  0.44317616011174954        13.090000000000000        1.8996445849617036       0.42899097528576530       -8.5296363996427246E-002 -0.55509989190989406     
          92  0.44113358555890519        13.087999999999999        1.8925444365016291       0.42745288012924454       -8.4585264241077721E-002 -0.55191850904641804     
          91  0.43909101100606079        13.086000000000000        1.8853353622933335       0.42588970893254358       -8.3721403168437070E-002 -0.54871293246311525     
          90  0.43704843645321639        13.084000000000000        1.8780068682941924       0.42429907927183996       -8.2916661593759475E-002 -0.54548289614395096     
          88  0.43296328734752765        13.080000000000000        1.8630411030272680       0.42104657711248705       -7.9244733179322846E-002 -0.53894844273298248     
          86  0.42887813824183890        13.076000000000001        1.8475969983965714       0.41768394746368498       -7.9828628664105186E-002 -0.53231280498044586     
          83  0.42275041458330576        13.068000000000000        1.8235304089915101       0.41249561170489574       -7.7593641635205768E-002 -0.52216454153700342     
          82  0.42070784003046136        13.065000000000000        1.8152590952005330       0.41071886948679026       -7.6832507363310015E-002 -0.51872859218434575     
          81  0.41866526547761695        13.061000000000000        1.8068596546324456       0.40894362250728167       -7.6114415560619500E-002 -0.51526563407633141     
          80  0.41662269092477261        13.058000000000000        1.7983354291971752       0.40710785754817269       -7.1634574778934396E-002 -0.51177522634731798     
          79  0.41458011637192821        13.054000000000000        1.7896689970534900       0.40527009196145974       -7.4717268300349818E-002 -0.50825725575526759     
          78  0.41253754181908386        13.051000000000000        1.7808730584930119       0.40337095443910276       -7.3947067653940157E-002 -0.50471122359567400     
          77  0.41049496726623946        13.047000000000001        1.7719413091804321       0.40147094393619570       -7.3212487155594405E-002 -0.50113690746977446     
          76  0.40845239271339512        13.042000000000000        1.7628755148280724       0.39957002281056536       -6.8681454707735873E-002 -0.49753434148271058     
          74  0.40436724360770632        13.032999999999999        1.7443047342800810       0.39563382317094992       -7.1008040223213234E-002 -0.49024106994696742     
          73  0.40232466905486192        13.029000000000000        1.7348048574782502       0.39359991319901899       -7.0297543134236445E-002 -0.48655799197053679     
          72  0.40028209450201757        13.023000000000000        1.7251623744573932       0.39159251831944547       -6.6054121513376779E-002 -0.48282991214622661     
          71  0.39823951994917323        13.018000000000001        1.7153703396205240       0.38951938674863573       -6.1850494976856553E-002 -0.47907914464920004     
          70  0.39619694539632883        13.013000000000000        1.7054210413809474       0.38740893759319017       -6.1224128035506364E-002 -0.47530483762326298     
          69  0.39415437084348448        13.007000000000000        1.6953104086577764       0.38528982211678603       -6.5692946324692886E-002 -0.47148609631195332     
          68  0.39211179629064008        13.000999999999999        1.6850471515793870       0.38313404804284562       -6.6879101669405125E-002 -0.46764208192735812     
          67  0.39006922173779568        12.994000000000000        1.6746274703773805       0.38097001689208976       -6.6107086481177565E-002 -0.46376844749785046     
          66  0.38802664718495128        12.988000000000000        1.6640453054004685       0.37873750586400440       -6.5546233470857085E-002 -0.45986219668856781     
          64  0.38394149807926253        12.973000000000001        1.6423858250228329       0.37424001215635322       -6.4117522287153353E-002 -0.45195271054969288     
          63  0.38189892352641819        12.965999999999999        1.6313023174633892       0.37191516258642510       -6.3474909163881224E-002 -0.44794900417267408     
          62  0.37985634897357379        12.958000000000000        1.6200457998714071       0.36957685505902682       -6.2915694669882422E-002 -0.44391208949191491     
          60  0.37577119986788499        12.941000000000001        1.5969992845893775       0.36479790280446206       -6.1577312535349898E-002 -0.43573693188344326     
          59  0.37372862531504064        12.932000000000000        1.5852011159381998       0.36235488623546347       -6.0800044534751164E-002 -0.43159738089418015     
          58  0.37168605076219624        12.923000000000000        1.5732118330767628       0.35986475040334220       -6.0223259531797843E-002 -0.42742238430274371     
          57  0.36964347620935190        12.913000000000000        1.5610112203639726       0.35735044089192519       -6.3774137847029774E-002 -0.42321044654277340     
          56  0.36760090165650749        12.903000000000000        1.5486175636146604       0.35478800777820718       -5.8928168396427921E-002 -0.41895915665595107     
          55  0.36555832710366315        12.891999999999999        1.5359718060921641       0.35219111516396939       -5.5278909630284423E-002 -0.41466270410326467     
          54  0.36351575255081875        12.880000000000001        1.5229940589386328       0.34954073468765673       -5.7624582089923236E-002 -0.41030770538237343     
          53  0.36147317799797440        12.868000000000000        1.5095685004732584       0.34678253847035179       -7.2968064618770992E-002 -0.40587080317193969     
          52  0.35943060344512995        12.855000000000000        1.4957936549231217       0.34396563426502269       -5.6421301382611165E-002 -0.40136083396800548     
          51  0.35738802889228560        12.840999999999999        1.4815932831512311       0.34107163495765713       -5.5652553366405767E-002 -0.39677482440804346     
          50  0.34953568750247360        12.827000000000000        1.4670805490947567       0.33809933220279742       -1.6843977667586523      -0.39245303818814481     
          49  0.34967044185288249        12.811999999999999        1.4523596581442562       0.33509866347555273       -5.5792844303116852E-002 -0.38744971442537490     
          48  0.34502674499014391        12.795999999999999        1.4374444779321183       0.33207202915779821       -5.3340090063041655E-002 -0.38273449357985051     
          47  0.34112930933944879        12.779999999999999        1.4222247239498433       0.32896736704616847       -5.2440573962863835E-002 -0.37796533226780199     
          46  0.33951122783822940        12.763000000000000        1.4065960647442022       0.32578574489451673       -5.1870840239683316E-002 -0.37312275018410918     
          45  0.33843444976303727        12.744999999999999        1.3905273570120411       0.32251888245424631       -4.8932565322052785E-002 -0.36819958799871777     
          44  0.33625016439915634        12.726000000000001        1.3740526133484510       0.31917354856231511       -5.1072959124820828E-002 -0.36320399512675383     
          43  0.33277942067466210        12.706000000000000        1.3572597216418345       0.31576904861108024       -5.4924182033964479E-002 -0.35815149516733175     
          42  0.32889774076669709        12.685000000000000        1.3402048088609297       0.31231737724505892       -5.8521318351104246E-002 -0.35305340745056973     
          41  0.32555790437955873        12.664000000000000        1.3229136325131778       0.30879910898858115       -4.7702405316815494E-002 -0.34791027049451523     
          40  0.32312896155190540        12.641999999999999        1.3052885563025631       0.30521522457460049       -4.4483747541250208E-002 -0.34271085586714506     
          39  0.32131100833855453        12.618000000000000        1.2872344579897870       0.30156614363624656       -4.6564733232338493E-002 -0.33743781087034830     
          38  0.31946280706740071        12.593999999999999        1.2686734149626384       0.29778416429535343       -4.6082201413219961E-002 -0.33207501687499930     
          36  0.31384058756047672        12.539999999999999        1.2298983323666401       0.28992597391154029       -4.4434204726683808E-002 -0.32105841391452122     
          35  0.31011735357470205        12.510999999999999        1.2097603484563242       0.28583984669994633       -4.2690699381632613E-002 -0.31541810318406749     
          34  0.30632803875338688        12.481000000000000        1.1892256546159827       0.28166334644411034       -3.9863112838128156E-002 -0.30970653224368833     
          33  0.30291518429399822        12.449999999999999        1.1683361474710312       0.27740476121569707       -4.1216337452430800E-002 -0.30393325863957577     
          31  0.29773478463301783        12.382999999999999        1.1254172762769061       0.26866008842528105       -5.1740966773028613E-002 -0.29218765105581035     
          30  0.29551132894801502        12.347000000000000        1.1032302332137567       0.26413147417569899       -3.9288476271377930E-002 -0.28618426406338698     
          29  0.29299663998833919        12.308000000000000        1.0803630289427943       0.25947628703136744       -3.8636393605881982E-002 -0.28006541352291409     
          28  0.28989373746241098        12.268000000000001        1.0567342159064563       0.25462875752247127       -3.7801816951109041E-002 -0.27381423177356073     
          26  0.28200213871441654        12.178000000000001        1.0071415127078083       0.24447247882884990       -3.1609439910550367E-002 -0.26090394989813498     
          24  0.27395767601377269        12.079000000000001       0.95493288970861423       0.23369925009896445       -4.0648930683543437E-002 -0.24752788642323434     
          23  0.27062882423140211        12.026000000000000       0.92809733454437870       0.22813282290148629       -2.8909129663344815E-002 -0.24069853898942756     
          22  0.26774157199482673        11.971000000000000       0.90071825701885810       0.22242007531676725       -4.4815884198853920E-002 -0.23377283190168990     
          21  0.26496086368164140        11.912000000000001       0.87272661128359486       0.21657532886586237       -3.1322627601992788E-002 -0.22672697317843640     
          20  0.26184007442493512        11.849000000000000       0.84385875763203977       0.21052491999047446       -3.7044855070539132E-002 -0.21952575092425167     
          19  0.25802195864420430        11.781000000000001       0.81391417770944796       0.20422641141434991       -2.8746511631155592E-002 -0.21213004150654333     
          18  0.25341551507334420        11.707000000000001       0.78271561514621291       0.19763953720366800       -2.8510998817178935E-002 -0.20451057823033547     
          17  0.24826284463432668        11.628000000000000       0.75024455513031740       0.19072748308452467       -2.6410273234201070E-002 -0.19665888164387263     
          16  0.24304747953816641        11.542000000000000       0.71664014261398268       0.18354202127686958       -2.6013235763495908E-002 -0.18859115642494778     
          15  0.23826234341242986        11.451000000000001       0.68214137781052309       0.17609475796098523       -3.0426941988857339E-002 -0.18033925546539620     
          14  0.23412921979337104        11.355000000000000       0.64698041510488591       0.16842999828984373       -2.4003348029165324E-002 -0.17192942655263607     
          13  0.23041041718487920        11.253000000000000       0.61116618175648108       0.16054857111310669       -2.3213014523779392E-002 -0.16335917747881151     
          12  0.22644499257762976        11.144000000000000       0.57443405651234081       0.15237528298678371       -2.5944860815410836E-002 -0.15457825800724173     
          11  0.22145767545358538        11.023000000000000       0.53626244083212304       0.14381130316454849       -2.5973370883435310E-002 -0.14549217977229825     
          10  0.21503891590034624        10.888000000000000       0.49605199904074532       0.13467734322780778       -2.8283875404194400E-002 -0.13598959196389085     
           9  0.20753167615573270        10.736000000000001       0.45347746922852222       0.12486153221401861       -2.6252225381841503E-002 -0.12599228415109812     
           8  0.19998156492173946        10.568000000000000       0.40882319347752200       0.11435579311686844       -1.9743474383837778E-002 -0.11550657690482109     
           7  0.19343381241332350        10.385999999999999       0.36297440269971620       0.10331018269406543       -1.8753659009417875E-002 -0.10462875464603368     
           6  0.18778440985368450        10.194000000000001       0.31681357432755131        9.1870187044370819E-002  -2.0882396116215538E-002  -9.3445874850509661E-002
           5  0.18105905746495279        9.9890000000000008       0.27012935281612738        7.9940196879160444E-002  -2.2091358314231455E-002  -8.1859893065645201E-002
           4  0.17050347583662273        9.7569999999999997       0.22114845224844165        6.7001272007821272E-002  -2.1566393362317925E-002  -6.9462164222088493E-002
           3  0.15616122318746489        9.5009999999999994       0.16816905316643890        5.2322948514785902E-002  -1.5671043094401260E-002  -5.5721753632513096E-002
           2  0.14348964742676534        9.3369999999999997       0.11559090153035516        3.6595841730892642E-002  -1.4914739926880687E-016  -4.0938356994301976E-002
           1  0.12999127363042098        9.5830000000000002        7.7949475870274190E-002   2.4045131679351014E-002  -7.2587187727974156E-019  -2.7186175948664813E-002
