   8.3000000000000007        1.1910852842198285        231.64661833337777       -1159.0580763920700        417.90898028484975        99.194630084501455        100.87294783354039       -7593.3569744491815       -312.41514179447296     
   8.2000000000000011        1.1767348591087463        227.41009524783112       -1093.9700823846697        409.67389423340575        98.786970763493201        100.91765072998982       -6123.3701804019311       -315.08240795459841     
   8.0999999999999996        1.1623844339976637        223.15549659527619       -1029.4209035826027        401.41475336725841        98.374104197013153        100.97331046766199       -18399.120922428872       -317.80522787688858     
   8.0000000000000000        1.1480340088865817        218.88346675489970       -965.38606157764650        393.13492355966150        97.955854862675551        101.04030214932889       -8278.2211165849149       -320.58993611059350     
   7.9000000000000004        1.1336835837754995        214.59467899818878       -901.89301000330727        384.83778845428157        97.532039011195835        101.11901521278099       -9125.9737164644866       -323.43305866652736     
   7.8000000000000007        1.1193331586644171        210.28983698407728       -838.93735990915775        376.52675164310591        97.102464187008493        101.20985308791575       -7792.4460585770021       -326.33575237284163     
   7.7000000000000002        1.1049827335533347        205.96967632203086       -776.54097864654796        368.20523954316951        96.666928719401199        101.31323287038541       -5808.1353771415770       -329.30273262596268     
   7.6000000000000005        1.0906323084422525        201.63496620826550       -714.68879947865389        359.87670354113300        96.225221181925349        101.42958492716048       -11573.458977659358       -332.32909007174032     
   7.5000000000000000        1.0762818833311703        197.28651114015679       -653.39230025496238        351.54462214930402        95.777119817825763        101.55935245927949       -11509.295747692775       -335.41926736040119     
   7.4000000000000004        1.0619314582200881        192.92515271384354       -592.73275565600363        343.21250332554081        95.322391929194850        101.70299091394241       -847.94694628506602       -338.57115209396085     
   7.3000000000000007        1.0475810331090059        188.55177150998793       -532.59947315494151        334.88388670794467        94.860793227508353        101.86096728377336       -16219.925637490962       -341.78404096056829     
   7.2000000000000002        1.0332306079979234        184.16728907267088       -473.11831712330559        326.56234505629425        94.392067143150570        102.03375912010415       -14976.330644850486       -345.05868063569096     
   7.1000000000000005        1.0188801828868412        179.77266998637811       -414.26390718062419        318.25148707310211        93.915944091493799        102.22185345757849       -7462.7630628953539       -348.39516191531493     
   7.0000000000000000        1.0045297577757588        175.36892405606864       -356.04451795038017        309.95495911402151        93.432140693069385        102.42574530561653       -12373.466923064019       -351.78760180432306     
   6.9000000000000004       0.99017933266467661        170.95710859526525       -298.50297759992372        301.67644704322635        92.940358945361396        102.64593587093175       -6908.0603498872451       -355.23908224442522     
   6.8000000000000007       0.97582890755359453        166.53833082708275       -241.67412129745290        293.41967875330693        92.440285343778271        102.88293039651819       -11844.471734435603       -358.74409397159440     
   6.7000000000000002       0.96147848244251211        162.11375040301436       -185.54547627685596        285.18842587390697        91.931589949427050        103.13723548820164       -9164.7363350853884       -362.30043803352709     
   6.6000000000000005       0.94712805733142991        157.68458204416879       -130.16086563766294        276.98650621107305        91.413925401433801        103.40935591870702       -11238.367224687820       -365.90464542921796     
   6.5000000000000000       0.93277763222034760        153.25209830942231       -75.580276607523089        268.81778570231882        90.886925871745831        103.69979078717505       -10926.463520617695       -369.55187201322235     
   6.4000000000000004       0.91842720710926540        148.81763249467826       -21.770189038943499        260.68618073930298        90.350205960627690        104.00902892320120       -7742.0861693098059       -373.23663127608597     
   6.3000000000000007       0.90407678199818309        144.38258166702872        31.193275670237959        252.59566041109849        89.803359531448990        104.33754348165537       -11493.413904379951       -376.95240967962218     
   6.2000000000000002       0.88972635688710067        139.94840983707218        83.281087984676105        244.55024864134350        89.245958483881026        104.68578544375617       -9935.3077997444398       -380.69154624037066     
   6.1000000000000005       0.87537593177601858        135.51665127199112        134.45391588015528        236.55402665501188        88.677551465304077        105.05417608238687       -9016.3427263432150       -384.44591916715393     
   6.0000000000000000       0.86102550666493616        131.08891395113687        184.68104486331072        228.61113521173766        88.097662521112355        105.44309800401663       -11256.021564417610       -388.20359407238487     
   5.9000000000000004       0.84667508155385396        126.66688316479440        233.89319229834928        220.72577682602389        87.505789685734598        105.85288473495426       -10163.330982619642       -391.95454786924182     
   5.8000000000000007       0.83232465644277176        122.25232525549609        282.07091241938548        212.90221823863257        86.901403517615151        106.28380850459253       -9637.2399991072780       -395.68376978071313     
   5.7000000000000002       0.81797423133168945        117.84709149965488        329.14808823756408        205.14479258555431        86.283945583186096        106.73606606008335       -8571.6131438168522       -399.37533149297951     
   5.6000000000000005       0.80362380622060714        113.45312212531690        375.09983485562094        197.45790167027022        85.652826897073282        107.20976216828149       -9473.5003377055436       -403.01245149969287     
   5.5000000000000000       0.78927338110952483        109.07245045952141        419.80922843880552        189.84601802486878        85.007426328506469        107.70489052088548       -10069.094277181666       -406.57338404751715     
   5.4000000000000004       0.77492295599844263        104.70720719593282        463.25740351097841        182.31368699593168        84.347088987234798        108.22131166909089       -8433.3236625817663       -410.03494471826087     
   5.3000000000000007       0.76057253088736043        100.35962477011503        505.37131095713505        174.86552856504491        83.671124606301177        108.75872761526040       -10470.447365077116       -413.37148622488951     
   5.2000000000000002       0.74622210577627801        96.032041825882516        546.08606137710751        167.50623889435440        82.978805943921074        109.31665263166225       -12061.891294293564       -416.55216629970619     
   5.1000000000000005       0.73187168066519592        91.726907751602539        585.31221507592920        160.24059166815920        82.269367232581914        109.89437983966610       -7784.9264812099455       -419.54446265884741     
   5.0000000000000000       0.71752125555411350        87.446787259963230        622.97338842753902        153.07343912604577        81.542002710488987        110.49094308948071       -10265.564931440929       -422.31083518995405     
   4.9000000000000004       0.70317083044303119        83.194364978579756        658.99777115092365        146.00971227857653        80.795865278780141        111.10507360833566       -9481.0958572787495       -424.80908883522540     
   4.8000000000000007       0.68882040533194910        78.972450011699607        693.29343750109751        139.05442092576129        80.030065337693784        111.73515093696552       -7061.2291503460783       -426.99282266721087     
   4.7000000000000002       0.67446998022086668        74.783980425220193        725.76660784385501        132.21265273836764        79.243669866280641        112.37914763807666       -8642.7884823854802       -428.81089769908607     
   4.6000000000000005       0.66011955510978448        70.632027598098375        756.31038623368477        125.48957134280450        78.435701823421951        113.03456728404625       -8824.8197815856183       -430.20679399954685     
   4.5000000000000000       0.64576912999870217        66.519800373052590        784.83117284261266        118.89041354223207        77.605139963018729        113.69837542551052       -7291.9419810394184       -431.11885941157885     
   4.4000000000000004       0.63141870488761997        62.450648928175383        811.23674612875345        112.42048509716925        76.750919173269509        114.36692320056352       -8239.6752177595718       -431.47873550794463     
   4.2999999999999998       0.61706827977653755        58.428068278803039        835.39484262276630        106.08515486892152        75.871931468982353        115.03586352089810       -8448.6879739901578       -431.21445161614872     
   4.2000000000000002       0.60271785466545535        54.455701305818366        857.20821109719202        99.889847230669062        74.967027786664062        115.70006008156497       -7950.8883205892598       -430.24710584597727     
   4.1000000000000005       0.58836742955437316        50.537341192797044        876.56604622579164        93.840032254832551        74.035020754370876        116.35348973367243       -8288.5174959737451       -428.49329425901681     
   4.0000000000000000       0.57401700444329085        46.676933140406618        893.33824462357813        87.941213211308380        73.074688631335320        116.98913926949217       -7121.2300099428194       -425.86575688105199     
   3.9000000000000004       0.55966657933220854        42.878575212848091        907.42020752292115        82.198911282133665        72.084780635209043        117.59889842998916       -6915.6513175291857       -422.27293595467717     
   3.8000000000000003       0.54531615422112623        39.146518158824733        918.69286808563481        76.618646623790767        71.064023895894877        118.17345160655890       -6212.1014349635579       -417.62201916784517     
   3.7000000000000002       0.53096572911004403        35.485164039691199        927.05069103898074        71.205915624816086        70.011132292278702        118.70217193113675       -6616.2476089813608       -411.81915236168254     
   3.6000000000000001       0.51661530399896172        31.899063491909601        932.38450074111358        65.966163576009578        68.924817438856635        119.17302252190611       -6083.2235456278031       -404.77285536293829     
   3.5000000000000000       0.50226487888787941        28.392911452047656        934.60115735236809        60.904752390364848        67.803802089539829        119.57247129396718       -5740.9623866673264       -396.39678399656543     
   3.4000000000000004       0.48791445377679726        24.971541183592080        933.60567802559592        56.026922595645566        66.646836211038519        119.88542726270879       -5048.2551427496264       -386.61308884293948     
   3.3000000000000003       0.47356402866571495        21.639916470362323        929.34207222428870        51.337749196687795        65.452715942342081        120.09520822822138       -4973.3440567471398       -375.35688765145460     
   3.2000000000000002       0.45921360355463270        18.403121887522047        921.74374731121134        46.842090708005358        64.220305592954517        120.18355147688455       -4900.8523172233254       -362.58142517945095     
   3.1000000000000001       0.44486317844355033        15.266351137017750        910.79385049397388        42.544530919398149        62.948562732961271        120.13068104479886       -4306.1613577801054       -348.26265489053606     
   3.0000000000000000       0.43051275333246808        12.234893552510812        896.48961534182445        38.449312916141750        61.636566284062049        119.91544649387009       -3852.6140885443901       -332.40703589676451     
   2.9000000000000004       0.41616232822138588        9.3141190585964750        878.86175975822243        34.560264867133171        60.283547323974339        119.51554907354380       -3727.3430608597523       -315.05650450672567     
   2.8000000000000003       0.40181190311030357        6.5094621395570584        857.99265821276845        30.880717288492260        58.888922058994936        118.90787116609403       -3136.8023826180352       -296.29463284660392     
   2.7000000000000002       0.38746147799922132        3.8264057803429523        834.00506584041545        27.413411422606647        57.452326094430028        118.06892359563649       -2767.5080096926927       -276.25286285723013     
   2.6000000000000001       0.37311105288813901        1.2704669623624341        807.08273384337019        24.160398151250412        55.973648735442197        116.97542245448389       -2599.4812018765856       -255.11488147820069     
   2.5000000000000000       0.35876062777705675       -1.1528137443377773        777.47186022492087        21.122926666428725        54.453065579003095        115.60500242038252       -2482.2644387867408       -233.11963776004305     
   2.4000000000000004       0.34441020266597455       -3.4378744348692862        745.51086072460771        18.301321192707007        52.891067108952221        113.93706687529460       -2190.8444950554449       -210.56060677414914     
   2.3000000000000003       0.33005977755489224       -5.5791194539589242        711.63169374737072        15.694842602675770        51.288480374573446        111.95376726017868       -2011.6886242674655       -187.78524719651116     
   2.2000000000000002       0.31570935244380999       -7.5708817017962247        676.38986939725260        13.301528794872908        49.646480098901428        109.64109574648974       -1654.2750872758552       -165.18837905881728     
   2.1000000000000001       0.30135892733272768       -9.4073420350904371        640.51787541137764        11.118002691288906        47.966584673828685        106.99006878714279       -1486.0373107483626       -143.20343074605654     
   2.0000000000000000       0.28700850222164542       -11.082375748579238        604.97868616923961        9.1392273031090152        46.250631334431795        103.99797746334372       -1483.2295327968127       -122.29195807115900     
   1.9000000000000001       0.27265807711056311       -12.589273555963928        571.08302477374411        7.3581705872542935        44.500723108978512        100.66968938473941       -1558.7884368156153       -102.93090976754016     
   1.8000000000000000       0.25830765199948086       -13.920241970878124        540.67965106721113        5.7653112486416509        42.719137392060979        97.019015179618862       -1777.5713805900255       -85.601351974974804     
   1.7000000000000002       0.24395722688839863       -15.065504792069760        516.50397222170250        4.3478552032132596        40.908181126844241        93.070217296890704       -2078.2615795228089       -70.783515412377270     
   1.6000000000000001       0.22960680177731635       -16.011657341173759        502.83631026086374        3.0884061101204927        39.069968401338116        88.859875494620169       -2734.2612187091804       -58.963058222207110     
   1.5000000000000000       0.21525637666623404       -16.738558960936643        506.79342482591755        1.9625552754606435        37.206077911096941        84.439616990561461       -3763.8192511662683       -50.665430550829171     
   1.4000000000000001       0.20090595155515178       -17.213209116777080        541.11509001585159       0.93419140526225330        35.317008670511832        79.880899229880953       -5580.9537954019461       -46.547027815728377     
   1.3000000000000000       0.18655552644406950       -17.376962869317595        630.68644227826087       -5.4434953979812226E-002   33.401262046568526        75.284798656367613       -8910.2280096124505       -47.626757628596920     
