0.000716134281712378	1.4142384577917446
0.0016880185013830589	2.8295512314599245
0.002626229976271835	4.245357354462524
0.003488884712808597	5.661461775518246
0.0042942742501826	7.077770354603938
0.005085463873650233	8.494235068193788
0.005917140064165076	9.910833291223886
0.006849427451364394	11.327557841283888
0.007944573336750355	12.744411485347731
0.00926501686555277	14.161403617705771
0.010872203210856296	15.578548114892659
0.012825831586145522	16.995861881146993
0.01518337170375059	18.41336382444063
0.0179997545756662	19.831074114384727
0.021327181096132186	21.249013632249163
0.025215012850244297	22.66720355642667
0.029709721901220617	24.08566504622783
0.034854883863035764	25.504418998907344
0.040691203318849	26.923485862454534
0.04725656376413172	28.34288549170595
0.05458609632820207	29.76263703869648
0.06271226295603734	31.182758870480324
0.07166495071544433	32.60326850927805
0.08147157462504086	34.02418259097583
0.0921571868877777	35.44551683881374
0.1037445908216156	36.86728604976157
0.11625445805449683	38.28950409150239
0.12970544776667658	39.71218390831706
0.14411432697137347	41.13533753444539
0.1594960909193418	42.55897611367385
0.17586408288627245	43.98310992411849
0.19323011265383572	45.40774840726666
0.2116045731120516	46.832900200481795
0.23099655447772127	48.25857317225032
0.2514139556873468	49.68477445955456
0.27286359262513893	51.11151050684119
0.2953513027968074	52.538787106008094
0.3188820462958143	53.96660943710828
0.3434600027459525	55.39498210924882
0.3690886641181448	56.82390920145692
0.3957709232847295	58.253394303165365
0.423509158199478	59.68344055406174
0.4523053117011287	61.11405068313292
0.48216096686515514	62.54522704665155
0.5130774179728286	63.97697166502351
0.5450557370918264	65.4092862583196
0.5780968363536522	66.84217228042303
0.6122015259813766	68.27563095168215
0.6473705682134936	69.70966329007325
0.6836047271892539	71.14427014078032
0.72090481495362	72.57945220420645
0.7592717336813194	74.01521006237392
0.7987065143296983	75.4515442037965
0.8392103517759726	76.88845504672814
0.880784636721575	78.32594296097686
0.9234309843590879	79.76400828811494
0.9671512601170711	81.20265136032772
1.0119476025398255	82.64187251782187
1.0578224435062151	84.08167212490159
1.1047785258973122	85.5220505847139
1.152818918939312	86.96300835281383
1.2019470312965514	88.40454594951595
1.2521666220950336	89.8466639711377
1.3034818100177328	91.28936310019806
1.3558970805492692	92.73264411455662
1.409417291633779	94.17650789573013
1.4640476777036673	95.62095543622492
1.519793852265851	97.06598784603716
1.5766618092411047	98.5116063584783
1.6346579230433642	99.95781233522625
1.6937889474502292	101.40460727060028
1.7540620136374216	102.85199279543808
1.8154846270897893	104.29997068017364
1.8780646637749883	105.74854283752224
2.0025387043691727	107.27844975929354
2.071375922871675	108.73581338962101
2.1409217099591853	110.19408486968456
2.21135952184756	111.65326296206695
2.2827844735495937	113.11334813296159
2.355259897411134	114.57434181532216
2.42883341823453	116.03624609157178
2.5035436156741144	117.4990635215471
2.57942335500519	118.96279703681174
2.6565016587916723	120.42744987025574
2.734804847358227	121.89302550684855
2.8143572759569686	123.35952764735279
2.8951818334603567	124.82696018093306
2.9773002918862885	126.29532716383848
3.0607335584220343	127.76463280242825
3.145501861468401	129.2348814395395
3.2316248903106244	130.70607754298996
3.3191219019999534	132.17822569631943
3.408011803667826	133.65133059057948
3.4983132169067552	135.125397017519
3.5900445283790052	136.60042986368936
3.6832239296105147	138.0764341049859
3.777869448763785	139.55341480222228
3.8739989755392465	141.03137709671176
3.9716302811433484	142.51032620673914
4.070781033709943	143.99026742386383
4.171468810604787	145.47120611001245
4.273711107585666	146.9531476942798
4.37752534597287	148.43609767046107
4.482928877577625	149.9200615942392
4.589938988234606	151.40504508085118
4.698572899999827	152.89105380289126
4.808847771989302	154.37809348783756
4.920780700609175	155.866169916232
5.034388718636321	157.35528891936488
5.149688793849072	158.84545637740354
5.266697827090507	160.33667821759266
5.3854326496199905	161.82896041213212
5.505910020299336	163.32230897650453
5.628146622280471	164.81672996759323
5.7521590595600145	166.31222948209737
5.877963853021637	167.80881365453027
6.00557743654059	169.30648865568804
6.13501615276018	170.80526069087097
6.266296248900755	172.3051359984134
6.399433872177043	173.80612084774975
6.534445065414116	175.30822153797868
6.671345762460287	176.8114443962035
6.810151783583961	178.31579577593607
6.950878830814409	179.8212820554608
7.0935424834258285	181.32790963648117
7.23815819311422	182.8356849422426
7.384741279497513	184.34461441620238
7.533306925487463	185.85470452044495
7.683870172728023	187.36596173416356
7.836445917077098	188.87839255215164
7.991048904142035	190.39200348330758
8.147693724873589	191.90680104914998
8.306394811227069	193.4227917823453
8.46716643189612	194.93998222524687
8.630022688124187	196.4583789284461
8.794977509562177	197.97798844926905
8.962044650399195	199.4988173506157
9.131237685214888	201.02087219915387
9.302570005298726	202.5441595641813
9.476054814880767	204.0686860161732
9.651705127504563	205.5944581254103
9.829533762505317	207.12148246061724
10.009553341594712	208.64976558761808
10.19177628555755	210.1793140680025
10.376214811060139	211.7101344578095
10.562880927573849	213.24223330622357
10.751786434414631	214.77561715428627
10.942942917900867	216.3102925336236
11.136361748629637	217.84626596518848
11.332054078874549	219.38354395801846
11.530030840103873	220.92213300801095
11.730302740621962	222.4620395967134
11.932880263332862	224.0032701901305
12.137773663628021	225.54583123754898
12.344992967397806	227.0897291703783
12.554547969166894	228.6349704010099
12.766448230354873	230.18156132169366
12.980703077660195	231.72950830343214
13.19732160156912	233.27881769489252
13.416312654988273	234.82949582133833
13.637684852001076	236.3815489835777
13.861446566747214	237.9349834569318
14.087605932424783	239.4898054902219
14.316170840414065	241.04602130477522
14.54714893952263	242.60363709344955
14.780547635350652	244.1626590196787
15.016374089775223	245.72309321653577
15.254635220552764	247.28494578581794
15.495337701038485	248.84822279714868
15.738487960021127	250.41293028710245
15.98409218167235	251.9790742583469
16.23215630560866	253.54666067880729
16.482686027064364	255.1156954808494
16.735686797175035	256.68618456048364
16.991163823372425	258.2581337765885
17.2491220698628	259.8315489501555
17.509566258257006	261.4064358635531
17.772500868255456	262.98280025981154
18.03793013845692	264.56064784192864
18.305858067262196	266.13998427219417
18.57628841387339	267.7208151715364
18.849224699388035	269.30314611888735
19.124670207985012	270.8869826505698
19.40262798820127	272.4723302597025
19.683100854295517	274.0591943956273
19.966091387697762	275.6475804633553
20.25160193854264	277.23749382303316
20.539634627282137	278.82893978942894
20.830191346378406	280.42192363143863
21.123273762071342	282.0164505716109
21.41888331622174	283.6125257856928
21.71702122822215	285.2101544021934
22.017688496911568	286.8093415018291
22.32088590289734	288.4100921176794
22.62661401025671	290.0124112339812
22.934873168982765	291.6163037863194
23.24566351714854	293.22177466114783
23.558984983195494	294.8288286954677
23.874837288275565	296.4374706765224
24.193219948644764	298.04770534151135
24.514132278106587	299.6595373773219
24.83757339049956	301.2729714202773
25.163542202156457	302.88801205575083
25.492037434777103	304.5046638185616
25.82305761759556	306.12293119185847
26.156601090327328	307.74281860754786
26.492666005780343	309.364330445974
26.83125033257137	310.9874710357707
27.172351857874	312.61224465372686
27.515968190111245	314.23865552450366
27.862096762072003	315.8667078211888
28.210734833260528	317.4964056642286
28.561879493052782	319.12775312200654
28.91552766347951	320.76075421062444
29.271676102104667	322.3954128938593
29.630321404833122	324.03173308296
29.991460009146877	325.66971863732766
30.355088196524868	327.3093733634766
30.72120209569397	328.95070101573583
31.089797685477627	330.5937052961033
31.460870797641917	332.2383898541011
31.83441712017598	333.8847582875549
32.21043219971642	335.53281414157027
32.58891144482509	337.1825609093289
32.96985012874831	338.8340020318084
33.35324339269927	340.4871408986321
33.739086248256264	342.1419808470567
34.127373580627314	343.79852516283785
34.51810015138187	345.4567770799818
34.911260601706985	347.11673978166317
35.30684945475351	348.77841639921786
35.704861118869	350.4418100130744
36.105289890270555	352.106923652532
36.508129956258806	353.773760296745
36.913375397488394	355.4423228737128
37.321020191144136	357.1126142612743
37.73105821353946	358.7846372869074
38.143483243267546	360.4583947287793
38.558288963375446	362.1338893147231
38.975468964370904	363.8111237230824
39.39501674721473	365.4901005835946
39.816925725418244	367.1708224763657
40.241189228080444	368.85329193296735
40.66780050231487	370.53751143626243
41.09675271625122	372.22348342155755
41.528038961007574	373.9112102755518
41.961652253529245	375.6006943372659
42.39758553941153	377.2919378990123
42.83583169477745	378.9849432053331
43.276383529032614	380.6797124539572
43.71923378760801	382.3762477968073
44.16437515373272	384.07455133891625
44.6118002511028	385.7746251394183
45.06150164653613	387.47647121258336
45.51347185153185	389.1800915264766
45.96770332538355	390.88548800517606
46.424188476676164	392.5926625274392
46.882919665798596	394.30161692772936
47.343889207444164	396.0123529972951
47.80708937209816	397.72487248304236
48.27251238845689	399.4391770885886
48.740150445837685	401.15526847537365
49.20999569543402	402.8731482612411
49.68204025320679	404.59281802280077
50.156276201074704	406.31427929401184
50.63269558917359	408.0375335672768
51.11129043810676	409.7625822945903
51.592052740008356	411.4894268860677
52.07497446129067	413.21806871239016
52.56004754352602	414.9485091030657
53.04726390612827	416.68074934889296
53.536615447281044	418.4147907004775
54.02809404597091	420.1506343693669
54.521691564015605	421.88828152924896
55.017399846861395	423.62773331440053
55.51521072613289	425.36899082224164
56.01511602024195	427.1120551114971
56.51710753687751	428.85692720477476
57.021177073544635	430.60360808670333
57.52731641999474	432.3520987065351
58.035517358694335	434.10239997626076
58.545771667198565	435.85451277323483
59.05807111867392	437.60843793855685
59.572407483594645	439.36417627826734
60.08877253144058	441.121728564614
60.60715803109119	442.8810955343477
61.127555753088195	444.6422778914525
61.649957469836636	446.40527630512463
62.17435495781777	448.17009141252987
62.700739997721456	449.93672381675105
63.22910437661072	451.705174089574
63.759439887986574	453.4754427694017
64.29173833390658	455.2475303640699
64.825991524982	457.0214373487261
65.36219128245286	458.7971641686761
65.90032943811921	460.574711237227
66.44039783623951	462.35407893824555
66.98238833406594	464.1352676255553
67.52629280236638	465.9182776223414
68.07210312723385	467.70310922371203
68.61981120988764	469.48976269449565
69.1694089685841	471.2782382721494
69.7208883383465	473.0685361645149
70.27424127284505	474.8606565527622
70.82945974406401	476.65459958910196
71.38653574414919	478.45036539976553
71.94546128501435	480.2479540826729
72.50622840001712	482.0473657101103
73.06882914421033	483.84860032804926
73.63325559457823	485.651657955463
74.1994998516489	487.45653858701974
74.76755403897562	489.2632421906807
75.33741030486476	491.0717687107671
75.90906082179903	492.8821180655094
76.48249778799665	494.6942901498024
77.05771342750621	496.5082848344677
77.634699990286	498.3241019655152
78.21344975371198	500.14174136691594
78.79395502188363	501.96120283807096
79.37620812710941	503.78248615661676
79.96020142990119	505.60559107765084
80.5457368377413	507.4305172759445
81.13323580177267	509.2572645898609
81.72245130447534	511.0858326381122
82.3133758268529	512.916221088582
82.90600188024234	514.7484295880881
83.50032200619613	516.5824577615577
84.09632877785073	518.4183052149173
84.69401479904585	520.255971532372
85.29337270563552	522.095456279334
85.89418555618094	523.9367589221466
86.49682527028529	525.7798791276373
87.10111584337724	527.6248163406027
87.70705003519055	529.4715700495061
88.31462063768231	531.3201397230782
88.92382047634668	533.1705248132964
89.53464240915359	535.0227247525182
90.14707932785477	536.8767389565012
90.76112415768382	538.7325668234732
91.37676985704142	540.5902077331859
91.99400941861896	542.4496610495688
92.61283586906106	544.3109261197776
93.2332422686122	546.1740022732236
93.85522171221966	548.0388888242525
94.47876732915859	549.9055850711692
95.10387228264435	551.774090295242
95.73052977091587	553.6444037634093
96.35873302682711	555.5165247272789
96.98847531742534	557.3904524221077
97.6197499450186	559.2661860695353
98.2525502467361	561.1437248765602
98.88686959407308	563.0230680344912
99.52270139394645	564.9042147217134
100.16003908822427	566.7871641026371
100.79887615324078	568.6719153266225
101.43920610084143	570.5584675307774
102.0810224778839	572.4468198388806
102.72431886572407	574.336971360277
103.36908888125451	576.2289211927114
104.01532617637731	578.1226684212237
104.66302443746324	580.0182121170137
105.3121773863848	581.915551340314
105.96277877978663	583.8146851388033
106.61482240940555	585.715612548699
107.26830210132643	587.6183325931546
107.92321171700034	589.5228442851512
108.57954515266597	591.4291466263401
109.23729633875534	593.3372386058529
109.8964592409137	595.2471192032364
110.55702785939758	597.1587873872643
111.2189962284568	599.072242114713
111.88235841735798	600.9874823333432
112.54710852957513	602.9045069802047
113.21324070307503	604.8233149827512
113.88074910949484	606.7439052571239
114.54962795515989	608.6662767111599
115.21987148025013	610.5904282426652
115.8914739590749	612.5163587405341
116.56442969922679	614.4440670829978
117.23873304259708	616.3735521406644
117.91437836470989	618.3048127752446
118.59136007404119	620.2378478382387
119.26967261304362	622.172656174027
119.94931045726993	624.1092366180656
120.63026811563547	626.047587998024
121.31254012952886	627.987709131951
121.99612107383993	629.9295988314057
122.68100555606335	631.873255899613
123.36718821655582	633.818679132611
124.05466372762619	635.7658673173767
124.7434267945711	637.7148192349986
125.43347215475737	639.6655336587909
126.12479457787734	641.6180093554525
126.8173888650193	643.5722450831499
127.51124984971153	645.5282395947336
128.2063723969876	647.4859916358141
128.9027514036382	649.4454999459275
129.60038179726556	651.4067632565785
130.29925853733664	653.3697802945031
130.99937661423124	655.334549779701
131.70073104949537	657.3010704266147
132.4033168948754	659.2693409421263
133.1071292333866	661.2393600288718
133.81216317834367	663.2111263832287
134.51841387340875	665.1846386959675
135.225876492641	667.1598956529072
135.9345462395161	669.1368959328711
136.64441834800442	671.115638211043
137.35548808158651	673.0961211569131
138.06775073350934	675.0783434354818
138.78120162578924	677.0623037051657
139.4958361103067	679.0480006212114
140.21164956780748	681.035432833595
140.92863740794957	683.0245989876788
141.64679506935235	685.0154977248717
142.36611801858643	687.0081276804976
143.0866017512834	689.0024874872512
143.8082417911222	690.9985757730565
144.5310336900939	692.9963911622958
145.2549730274734	694.9959322736222
145.9800554109534	696.997197723485
146.70627647561304	699.0001861239327
147.4336318839709	701.0048960832804
148.1621173260385	703.0113262067795
148.89172851828	705.0194750943842
149.62246120476357	707.0293413443319
150.35431115611829	709.0409235508986
151.0872741695893	711.0542203050696
151.8213460690965	713.0692301952166
152.55652270417897	715.085951804812
153.2927999511689	717.1043837160689
154.030173712135	719.124524507649
154.768639914942	721.1463727553366
155.50819451331395	723.1699270327223
156.24883348576526	725.1951859088651
156.99055283679715	727.2221479519952
157.73334859582928	729.2508117271722
158.47721681726344	731.2811757969645
159.22215358055254	733.3132387221382
159.96815498911747	735.3469990592661
160.71521717157046	737.3824553645005
161.4633362806311	739.4196061911738
162.21250849319705	741.4584500904862
162.96273001018528	743.4989856115754
163.71399705660622	745.5412113022114
164.46630588047017	747.5851257063528
165.21965275403392	749.6307273679811
165.97403397270608	751.678014828652
166.7294458551244	753.7269866281863
167.48588474300112	755.777641304738
168.2433470012029	757.8299773954895
169.00182901664638	759.8839934341598
169.76132719957099	761.9396879549024
170.52183798243277	763.997059489804
171.28335781998962	766.056106569583
172.04588318939142	768.116827724303
172.80941058905688	770.1792214808098
173.57393653998193	772.2432863667212
174.3394575846148	774.3090209078557
175.1059702869506	776.3764236289466
175.87347123238237	778.4454930536937
176.64195702780023	780.5162277054859
177.4114243004546	782.5886261047791
178.18186969929428	784.6626867731609
178.9532898938296	786.7384082307229
179.7256815742356	788.815788996782
180.49904145120715	790.8948275899288
181.27336625581538	792.9755225280765
182.0486527396156	795.0578723291875
182.82489767350103	797.1418755086003
183.60209784906922	799.2275305831608
184.3802500774747	801.3148360685412
185.15935118954164	803.4037904799683
185.939398035625	805.4943923322664
186.72038748572754	807.5866401405987
187.50231642833845	809.680532417723
188.28518177183463	811.7760676782166
189.0689804433186	813.8732444357262
189.85370938874016	815.9720612037096
190.6393655727629	818.0725164954753
191.42594597862967	820.1746088242201
192.2134476082918	822.2783367037821
193.00186748123346	824.3836986458331
193.79120263590684	826.4906931641865
194.58145012855766	828.5993187719869
195.3726070333565	830.7095739824573
196.1646704422711	832.8214573089384
196.9576374649384	834.9349672649231
197.75150522880318	837.0501023648167
198.54627087792895	839.1668611210667
199.3419315744692	841.2852420485588
200.13848449747746	843.4052436617391
200.93592684305057	845.5268644753769
201.73425582420595	847.6501030045965
202.5334686707598	849.7749577649089
203.3335626294767	851.9014272729864
204.1345349628642	854.0295100437191
204.93638295068286	856.1592045947109
205.73910388874006	858.2905094433296
206.54269508904505	860.4234231074837
207.34715387969038	862.5579441056484
208.15247760473716	864.6940709568973
208.95866362437587	866.8318021816905
209.76570931370256	868.971136298853
210.5736120642704	871.1120718301798
211.3823692828657	873.2546072974092
212.19197839167347	875.398741223012
213.0024368281655	877.5444721302179
213.81374204499122	879.6917985430429
214.62589150986574	881.8407189863113
215.4388827057451	883.9912319864612
216.25271312958546	886.1433360684498
217.0673802939343	888.2970297604579
217.88288172569125	890.4523115907931
218.69921496628464	892.60918008869
219.51637757156635	894.7676337843362
220.33436711170768	896.9276712088923
221.15318117109575	899.089290894516
221.9728173485197	901.252491375182
222.79327325591058	903.4172711835043
223.6145465199775	905.5836288555565
224.4366347809485	907.7515629276933
225.25953569275967	909.9210719373689
226.08324692295614	912.0921544231568
226.90776615259475	914.2648089247726
227.73309107614432	916.4390339830888
228.55921940139075	918.6148281401562
229.38614884963386	920.792189940039
230.21387715441213	922.97111792556
231.04240206318033	925.1516106432331
231.8717213360318	927.3336666399988
232.7018327459031	929.5172844640684
233.5327340784788	931.7024626649342
234.3644231321008	933.8891997933891
235.1968977176772	936.0774944015442
236.030155658893	938.2673450436812
236.86419479091097	940.4587502729097
237.69901296209855	942.6517086462266
238.53460803272728	944.8462187211655
239.37097787518803	947.0422790566545
240.20812037390428	949.2398882130294
241.0460334252453	951.4390447520507
241.8847149374398	953.6397472369132
242.72416283049157	955.8419942322648
243.5643750360941	958.0457843042166
244.40534949785686	960.25111602122
245.2470841699826	962.4579879506283
246.08957701904518	964.6663986638904
246.93282602266473	966.8763467331039
247.7768291697397	969.0878307318978
248.62158446036435	971.3008492354408
249.46708990574845	973.5154008204534
250.31334352813894	975.7314840652202
251.16034336074014	977.949097549602
252.00808744795324	980.1682398559327
252.8565738440291	982.3889095654825
253.70580061489534	984.6111052637922
254.55576583681133	986.8348255371341
255.40646759660788	989.0600689734085
256.2579039916138	991.2868341621565
257.1100731295796	993.5151196945664
257.96297312860537	995.7449241634879
258.8166021170653	997.976246163437
259.67095823353594	1000.2090842906081
260.5260396270488	1002.4434371437925
261.38184445571756	1004.6793033207451
262.23837088861865	1006.9166814236593
263.0956171044188	1009.1555700555282
263.9535812916314	1011.3959678210681
264.8122616485453	1013.6378733267228
265.67165638315737	1015.8812851806748
266.53176371310354	1018.1262019928525
267.3925818655901	1020.3726223749359
268.2541090773269	1022.6205449403645
269.11634359446094	1024.869968304348
269.9792836728427	1027.1208910848047
270.84292757662695	1029.3733118986268
271.7072735802084	1031.6272293673044
272.5723199668222	1033.8826421131864
273.4380650288144	1036.1395487604236
274.3045070675768	1038.3979479349734
275.1716443934847	1040.6578382646096
276.0394753258332	1042.9192183789232
276.90799819277686	1045.182086909335
277.77721133126494	1047.4464424890944
278.6471130869827	1049.71228375329
279.5177018146317	1051.9796093398165
280.3889758765003	1054.248417885525
281.26093364445796	1056.5187080320127
282.13357349852726	1058.7904784217706
283.00689382716524	1061.0637276991529
283.8808930272069	1063.3384545103816
284.75556950380684	1065.6146575035532
285.63092167038087	1067.8923353286393
286.5069479485493	1070.1714866374925
287.3836467680814	1072.4521100838542
288.2610165668376	1074.7342043233532
289.13905579071496	1077.017768013514
290.01776289394235	1079.3027998147488
290.89713633763455	1081.5892983863969
291.77717459179013	1083.8772623926795
292.65787613391666	1086.1666904987344
293.5392394492704	1088.45758137161
294.42126303081903	1090.7499336802728
295.3039453791887	1093.0437460956052
296.18728500261085	1095.3390172904153
297.071280416871	1097.6357459394324
297.9559301452571	1099.9339307193159
298.8412327185083	1102.2335703086542
299.72718667476425	1104.5346633879697
300.61379055987675	1106.8372086407444
301.50104292591277	1109.141204749327
302.38894233327596	1111.4466504010793
303.2774873492093	1113.7535442842818
304.1666765481087	1116.0618850891585
305.0565085114766	1118.3716715078842
305.9469818278696	1120.6829022345798
306.8380950928555	1122.9955759653187
307.72984690896266	1125.309691398127
308.6222358856357	1127.6252472329863
309.51526063918715	1129.9422421718339
310.4089197927522	1132.2606749185657
311.303211976243	1134.5805441790367
312.1981358266756	1136.9018486621198
313.0936899866341	1139.2245870754787
313.9898731064631	1141.5487581319135
314.88668384273103	1143.87436054513
315.7841208585598	1146.2013930308003
316.6821828235815	1148.529854306564
317.5808684138939	1150.8597430920267
318.4801763120188	1153.191058108765
319.3801052068579	1155.5237980803229
320.28065379365205	1157.857961732214
321.18182077393857	1160.193547791925
322.08360485550935	1162.5305549889113
322.98600475237004	1164.8689820546024
323.8890191846983	1167.2088277223972
324.792646879188	1169.5500907287615
325.6968865674727	1171.8927698088567
326.60173698838963	1174.2368637030957
327.5071968864024	1176.5823711527687
328.4132650119482	1178.9292909011426
329.319940121397	1181.2776216934567
330.22722097701256	1183.627362276923
331.13510634691494	1185.9785114007284
332.04359500504165	1188.3310678160308
332.95268573110997	1190.685030275965
333.8623773105784	1193.0403975356335
334.7726685346112	1195.3971683521152
335.6835582000391	1197.755341484459
336.5950451093251	1200.1149156936885
337.5071280705247	1202.4758897427944
338.41980589764825	1204.838262397869
339.33307740904144	1207.2020324235891
340.24694142972294	1209.5671985899867
341.1613967897678	1211.9337596679352
342.0764423246657	1214.3017144302733
342.9920768752889	1216.6710616518096
343.90829928785536	1219.041800109318
344.8251084138962	1221.4139285815393
345.74250311022007	1223.7874458491783
346.6604822388803	1226.1623506949027
347.57904466714206	1228.5386419033457
348.49818926744695	1230.916318261099
349.41791491738195	1233.2953785567174
350.33822049964584	1235.675821580715
351.25910490201755	1238.0576461255637
352.1805670173218	1240.4408509856912
353.10260574380834	1242.8254349586523
354.02521998348357	1245.2113968404499
354.94840864453255	1247.5987354325462
355.8721706396513	1249.9874495371848
356.7965048864257	1252.3775379585613
357.7214103073007	1254.7689995028215
358.6468858295488	1257.1618329780565
359.5729303852407	1259.5560371943036
360.499542911214	1261.9516109635463
361.4267223490447	1264.34855309971
362.3544676450169	1266.7468624186608
363.28277775009224	1269.146537738205
364.2116516198835	1271.5475778780876
365.1410882146219	1273.9499816599875
366.07108649913124	1276.3537479075185
367.0016454427991	1278.7588754462306
367.93276401996826	1281.1653631048098
368.8644412082216	1283.5732097102418
369.7966759908886	1285.9824140950723
370.72946735532605	1288.392975092559
371.6628142933149	1290.804891537885
372.5967158010311	1293.2181622681524
373.53117087902024	1295.6327861223842
374.4661785321703	1298.0487619415198
375.40173776968356	1300.466088568414
376.33784760505154	1302.8847648478338
377.27450705602865	1305.3047896264586
378.21171514460485	1307.7261617528748
379.14947089698137	1310.148880077577
380.0877733435439	1312.572943452963
381.02662151883663	1314.9983507333332
381.96601446153863	1317.4251007748885
382.90595121443727	1319.8531924357264
383.8464308244038	1322.2826245758413
384.7874523428055	1324.713396058376
385.7290148237315	1327.1455057445944
386.67111732659384	1329.5789525014202
387.61375891435233	1332.0137351964042
388.5569386539289	1334.4498526989832
389.5006556161827	1336.8873038804745
390.4449088758874	1339.3260876140744
391.38969751170623	1341.7662027748545
392.3350206061705	1344.2076482397615
393.2808772456552	1346.6504228876133
394.22726652035584	1349.0945255990976
395.1741875242667	1351.5399552567678
396.1216393551564	1353.9867107450395
397.06962111454715	1356.4347909501926
398.0181319076917	1358.8841947603646
398.9671708435512	1361.3349210655497
399.9167370347724	1363.7869687575935
400.8668295976671	1366.2403367301965
401.81744765218906	1368.6950238789034
402.768590322368	1371.1510291024138
403.7202567344709	1373.6083512973496
404.6724460197057	1376.0669893660934
405.6251573123826	1378.5269422115575
406.5783897503498	1380.9882087384913
407.53214247497056	1383.4507878534753
408.48641463110215	1385.9146784649176
409.4412053670777	1388.3798794830564
410.39651383468464	1390.8463898199518
411.352339189143	1393.314208389484
412.30868058908874	1395.7833341073551
413.2655371965496	1398.253765891079
414.2229081769302	1400.7255026599848
415.1807926989876	1403.1985433352104
416.1391899348158	1405.6728868397017
417.09809905982263	1408.1485320982067
418.0575192527154	1410.6254780372783
419.0174496954767	1413.1037235852652
419.9778895733484	1415.5832676723116
420.93883807481234	1418.064109230356
421.9002943920438	1420.5462471944868
422.8622577190054	1423.0296804974976
423.82472725425833	1425.5144080780465
424.78770219905954	1428.000428875215
425.7511817578122	1430.487741829859
426.715165138051	1432.9763458846132
427.67965155042185	1435.4662399838821
428.64464020866484	1437.9574230738406
429.61013032959704	1440.4498941024303
430.5761211330941	1442.9436520193537
431.54261184207434	1445.4386957760778
432.5096016824795	1447.9350243258234
433.47708988325945	1450.432636623567
434.44507567635407	1452.9315316260374
435.4135582966772	1455.4317082917107
436.3825369820979	1457.9331655808073
437.35201097342684	1460.4359024552925
438.3219795143979	1462.9399178788694
439.2924418516509	1465.4452108169764
440.2633972347175	1467.9517802367889
441.2348449160032	1470.4596251072076
442.20678415077236	1472.9687443988628
443.1792141976217	1475.4791370855278
444.1521343165041	1477.9908021384417
445.1255437716532	1480.503738534814
446.0994418296087	1483.0179452521547
447.0738277596898	1485.5334212696844
448.04870083397867	1488.0501655683297
449.0240603273078	1490.5681771307263
449.99990551724244	1493.0874549412104
450.9762356840669	1495.6079979858189
451.9530501107691	1498.129805252284
452.93034808302446	1500.6528757300325
453.9081288891841	1503.17720841018
454.8863918202571	1505.7028022855307
455.8651361698971	1508.229656350572
456.84436123438786	1510.7577696014712
457.8240663126287	1513.287141036074
458.8042507061207	1515.8177696539026
459.7849137189518	1518.3496544561476
460.7660546577833	1520.8827944456718
461.7476728318344	1523.4171886269992
462.72976755287056	1525.9528360063184
463.71233813518836	1528.4897355914775
464.69538389560074	1531.0278863919777
465.6789041534263	1533.5672874189775
466.6628982309835	1536.1079376867617
467.64736545153585	1538.6498362068207
468.63230514234215	1541.1929819967306
469.61771663260225	1543.7373740742285
470.60359925395113	1546.2830114586866
471.5899523404493	1548.829893171113
472.57677522856704	1551.378018234144
473.56406725717335	1553.927385672045
474.5518277675234	1556.4779945107089
475.5400561032433	1559.0298437776455
476.52875161031943	1561.5829325019859
477.5179136370861	1564.137259714474
478.50754153421184	1566.6928244474698
479.49763465468783	1569.2496257349385
480.4881923538143	1571.8076626124507
481.4792139891916	1574.3669341171837
482.4706989207037	1576.9274392879104
483.46264651050865	1579.4891771650032
484.45505612302617	1582.0521467904246
485.4479271249263	1584.6163472077303
486.4412588851151	1587.1817774620597
487.4350507747274	1589.7484366001395
488.4293021671104	1592.3163236702765
489.42401243781404	1594.885437722353
490.41918096458113	1597.4557778078272
491.4148071278658	1600.0273429812798
492.4108903086915	1602.600132294206
493.4074298918381	1605.1741448043197
494.40442526369986	1607.7493795693467
495.40187581280367	1610.32583564857
496.399780929801	1612.9035121028298
497.3981400074558	1615.4824079945167
498.39695244063415	1618.0625223875738
499.3962176262926	1620.6438543474899
500.3959349634671	1623.2264029412938
501.3961038532648	1625.8101672375603
502.39672369884886	1628.395146306395
503.3977939054329	1630.9813392194428
504.39931388026685	1633.568745049877
505.401283032628	1636.157362872398
506.403700773811	1638.7471917632333
507.4065665171157	1641.3382308001303
508.40987967783855	1643.930479062353
509.41363967326316	1646.523935630687
510.4178459226476	1649.118599587423
511.4224978472162	1651.7144700163656
512.4275948701494	1654.311546002824
513.433136416573	1656.9098266336093
514.4391219135499	1659.5093109970362
515.4455507900681	1662.1099981829134
516.4524224770325	1664.7118872825433
517.4597364072556	1667.3149773887214
518.4674920154463	1669.919267595728
519.4756887387603	1672.5247570009574
520.4843260145552	1675.1314446984031
521.4934032837334	1677.7393297884191
522.5029199884993	1680.3484113712075
523.5128755729055	1682.9586885484423
524.523269482847	1685.5701604232686
525.5341011660502	1688.182826100297
526.5453700720632	1690.7966846856
527.5570756522486	1693.4117352867113
528.5692173597735	1696.0279770126242