   8.3000000000000007        1.1910852842198285       -63.020258211809733       -1447.0110312375637        54.634619563346277        99.194630084501455        100.87294783354039       -19294.194194967404       -312.41514179447296     
   8.2000000000000011        1.1767348591087463       -63.584336306527689       -1324.6688871788594        55.508991679149560        98.786970763493201        100.91765072998982       -21142.876296310900       -315.08240795459841     
   8.0999999999999996        1.1623844339976637       -64.170294261450294       -1200.1311565663498        56.151634404814821        98.374104197013153        100.97331046766199       -23090.002740093463       -317.80522787688858     
   8.0000000000000000        1.1480340088865817       -64.776565186631728       -1072.7131666497769        56.563378284286749        97.955854862675551        101.04030214932889       -24971.995065919542       -320.58993611059350     
   7.9000000000000004        1.1336835837754995       -65.401446018590491       -941.49927841033673        56.744000345946908        97.532039011195835        101.11901521278099       -25765.549158155030       -323.43305866652736     
   7.8000000000000007        1.1193331586644171       -66.043072707839542       -805.34325883236579        56.691851605405908        97.102464187008493        101.20985308791575       -31986.636425384433       -326.33575237284163     
   7.7000000000000002        1.1049827335533347       -66.699387337942085       -662.53953269976705        56.403302336262676        96.666928719401199        101.31323287038541       -31162.160161552885       -329.30273262596268     
   7.6000000000000005        1.0906323084422525       -67.368093214936266       -510.73572422032714        55.871885402060137        96.225221181925349        101.42958492716048       -29826.509788777334       -332.32909007174032     
   7.5000000000000000        1.0762818833311703       -68.046591236618610       -346.30322609405238        55.086909798997027        95.777119817825763        101.55935245927949       -38917.120168645291       -335.41926736040119     
   7.4000000000000004        1.0619314582200881       -68.731885550656671       -163.60536488739604        54.031084314302120        95.322391929194850        101.70299091394241       -42566.699324612506       -338.57115209396085     
   7.3000000000000007        1.0475810331090059       -69.420435337507456        47.062036285677429        52.676130621806806        94.860793227508353        101.86096728377336       -46905.247664631206       -341.78404096056829     
   7.2000000000000002        1.0332306079979234       -70.107903342753957        303.85570744144843        50.973833334871053        94.392067143150570        102.03375912010415       -63963.023840354523       -345.05868063569096     
   7.1000000000000005        1.0188801828868412       -70.788680542218458        646.43314293199501        48.834975278530813        93.915944091493799        102.22185345757849       -91800.570767644022       -348.39516191531493     
   7.0000000000000000        1.0045297577757588       -71.454824918051827        1185.6341622263876        46.067169839143823        93.432140693069385        102.42574530561653       -162868.80581311884       -351.78760180432306     
   6.9000000000000004       0.99017933266467661       -72.092840338127530        2455.5878247917854        42.088800732025838        92.940358945361396        102.64593587093175       -506133.82097645529       -355.23908224442522     
   6.8000000000000007       0.97582890755359453        180.25231944840266       -2358.8846556743988        168.04528542648961        92.440285343778271        102.88293039651819       -8134.6261847933129       -358.74409397159440     
   6.7000000000000002       0.96147848244251211        177.69164704684067       -2256.7498818801828        166.76424576873683        91.931589949427050        103.13723548820164       -8868.7573295777929       -362.30043803352709     
   6.6000000000000005       0.94712805733142991        175.07512024574453       -2155.7062485061265        165.28810917011279        91.413925401433801        103.40935591870702       -2575.9472137832254       -365.90464542921796     
   6.5000000000000000       0.93277763222034760        172.40361060866348       -2055.8375727119937        163.62354197905728        90.886925871745831        103.69979078717505       -8030.6902861978051       -369.55187201322235     
   6.4000000000000004       0.91842720710926540        169.67803981627640       -1957.1659504461425        161.77726805397066        90.350205960627690        104.00902892320120       -4054.0458226937335       -373.23663127608597     
   6.3000000000000007       0.90407678199818309        166.89938242733297       -1859.6627622144983        159.75607051753732        89.803359531448990        104.33754348165537       -9349.8360166725251       -376.95240967962218     
   6.2000000000000002       0.88972635688710067        164.06866880418147       -1763.4341045887820        157.56679269468913        89.245958483881026        104.68578544375617       -5035.3916859008577       -380.69154624037066     
   6.1000000000000005       0.87537593177601858        161.18698821241628       -1668.4462240699452        155.21633994119725        88.677551465304077        105.05417608238687       -6937.4469659407150       -384.44591916715393     
   6.0000000000000000       0.86102550666493616        158.25549210457257       -1574.7750751415879        152.71168083977810        88.097662521112355        105.44309800401663       -7881.8221485721733       -388.20359407238487     
   5.9000000000000004       0.84667508155385396        155.27539759811225       -1482.4170079940629        150.05984881915654        87.505789685734598        105.85288473495426       -7222.1036073713831       -391.95454786924182     
   5.8000000000000007       0.83232465644277176        152.24799115830592       -1391.4370427384847        147.26794370455758        86.901403517615151        106.28380850459253       -8268.9085513496339       -395.68376978071313     
   5.7000000000000002       0.81797423133168945        149.17463249682987       -1301.8642443088486        144.34313330837017        86.283945583186096        106.73606606008335       -8493.9759930273503       -399.37533149297951     
   5.6000000000000005       0.80362380622060714        146.05675869712786       -1213.7372632395798        141.29265503080208        85.652826897073282        107.20976216828149       -8507.6833722108477       -403.01245149969287     
   5.5000000000000000       0.78927338110952483        142.89588857766125       -1127.0872263994524        138.12381742413618        85.007426328506469        107.70489052088548       -6973.0027609138451       -406.57338404751715     
   5.4000000000000004       0.77492295599844263        139.69362730417220       -1041.9540844860778        134.84400191275299        84.347088987234798        108.22131166909089       -6287.9302737421840       -410.03494471826087     
   5.3000000000000007       0.76057253088736043        136.45167126190881       -958.41337512337691        131.46066432256347        83.671124606301177        108.75872761526040       -9351.7868631049241       -413.37148622488951     
   5.2000000000000002       0.74622210577627801        133.17181319842712       -876.50292857592262        127.98133634882770        82.978805943921074        109.31665263166225       -5549.3900700719250       -416.55216629970619     
   5.1000000000000005       0.73187168066519592        129.85594764703433       -796.25549021869961        124.41362721803947        82.269367232581914        109.89437983966610       -7388.1171346885367       -419.54446265884741     
   5.0000000000000000       0.71752125555411350        126.50607664008271       -717.75239973881355        120.76522486498226        81.542002710488987        110.49094308948071       -7139.1781819526987       -422.31083518995405     
   4.9000000000000004       0.70317083044303119        123.12431572018886       -641.03353841758928        117.04389726513899        80.795865278780141        111.10507360833566       -5738.3554498205403       -424.80908883522540     
   4.8000000000000007       0.68882040533194910        119.71290025591475       -566.17113660190637        113.25749350848950        80.030065337693784        111.73515093696552       -8783.3175861313193       -426.99282266721087     
   4.7000000000000002       0.67446998022086668        116.27419206643049       -493.23075614383117        109.41394441041001        79.243669866280641        112.37914763807666       -7217.3542482522798       -428.81089769908607     
   4.6000000000000005       0.66011955510978448        112.81068635716838       -422.28100045612615        105.52126321449074        78.435701823421951        113.03456728404625       -7256.0664661198371       -430.20679399954685     
   4.5000000000000000       0.64576912999870217        109.32501896528584       -353.40310838242851        101.58754548857242        77.605139963018729        113.69837542551052       -6582.9503670667345       -431.11885941157885     
   4.4000000000000004       0.63141870488761997        105.81997390987294       -286.65479999393432        97.620968833279818        76.750919173269509        114.36692320056352       -6962.4070706824186       -431.47873550794463     
   4.2999999999999998       0.61706827977653755        102.29849123710892       -222.12966541068653        93.629791765726935        75.871931468982353        115.03586352089810       -6753.4699588891453       -431.21445161614872     
   4.2000000000000002       0.60271785466545535        98.763675144886520       -159.90881450738357        89.622352058295505        74.967027786664062        115.70006008156497       -7924.3033902493062       -430.24710584597727     
   4.1000000000000005       0.58836742955437316        95.218802364678368       -100.07360067612512        85.607064028848200        74.035020754370876        116.35348973367243       -6133.1672930982950       -428.49329425901681     
   4.0000000000000000       0.57401700444329085        91.667330770528224       -42.732312979012477        81.592414944635976        73.074688631335320        116.98913926949217       -6337.3587977366697       -425.86575688105199     
   3.9000000000000004       0.55966657933220854        88.112908175829489        12.025062927519238        77.586959951594309        72.084780635209043        117.59889842998916       -6168.4601777402995       -422.27293595467717     
   3.8000000000000003       0.54531615422112623        84.559381268059155        64.091525274790939        73.599315659758162        71.064023895894877        118.17345160655890       -7198.3260901827289       -417.62201916784517     
   3.7000000000000002       0.53096572911004403        81.010804619704345        113.38693403242122        69.638151860006161        70.011132292278702        118.70217193113675       -6277.7508644539503       -411.81915236168254     
   3.6000000000000001       0.51661530399896172        77.471449700349467        159.78891451434549        65.712181242138328        68.924817438856635        119.17302252190611       -6328.4589763376471       -404.77285536293829     
   3.5000000000000000       0.50226487888787941        73.945813800381984        203.19469999592332        61.830146589137840        67.803802089539829        119.57247129396718       -5854.0618192986185       -396.39678399656543     
   3.4000000000000004       0.48791445377679726        70.438628761218411        243.50291570778856        58.000805216005887        66.646836211038519        119.88542726270879       -5291.5010158455070       -386.61308884293948     
   3.3000000000000003       0.47356402866571495        66.954869390794670        280.60173532269653        54.232910176199908        65.452715942342081        120.09520822822138       -5116.0836876363664       -375.35688765145460     
   3.2000000000000002       0.45921360355463270        63.499761426835335        314.38894075126882        50.535187732000196        64.220305592954517        120.18355147688455       -4832.7492710103979       -362.58142517945095     
   3.1000000000000001       0.44486317844355033        60.078788895029788        344.76492315639041        46.916310678799228        62.948562732961271        120.13068104479886       -4788.5746751425932       -348.26265489053606     
   3.0000000000000000       0.43051275333246808        56.697700695811250        371.63653274598471        43.384866968542845        61.636566284062049        119.91544649387009       -4334.6289737577727       -332.40703589676451     
   2.9000000000000004       0.41616232822138588        53.362516243509276        394.91408030330928        39.949323128406505        60.283547323974339        119.51554907354380       -4244.1934513052993       -315.05650450672567     
   2.8000000000000003       0.40181190311030357        50.079529977041602        414.52246375600350        36.617981949799983        58.888922058994936        118.90787116609403       -4064.3667259114422       -296.29463284660392     
   2.7000000000000002       0.38746147799922132        46.855314564269747        430.40203964039853        33.398934058322830        57.452326094430028        118.06892359563649       -3754.5076946689878       -276.25286285723013     
   2.6000000000000001       0.37311105288813901        43.696722634877801        442.50866395109728        30.300002944909000        55.973648735442197        116.97542245448389       -3327.8728754107101       -255.11488147820069     
   2.5000000000000000       0.35876062777705675        40.610886901263143        450.81188115825290        27.328683239072056        54.453065579003095        115.60500242038252       -3025.6076123677535       -233.11963776004305     
   2.4000000000000004       0.34441020266597455        37.605218564378333        455.31752857646677        24.492072192537751        52.891067108952221        113.93706687529460       -2958.9182921346455       -210.56060677414914     
   2.3000000000000003       0.33005977755489224        34.687403950327621        456.04856313028989        21.796794584093337        51.288480374573446        111.95376726017868       -2632.4985524759600       -187.78524719651116     
   2.2000000000000002       0.31570935244380999        31.865399377074937        453.05954543520716        19.248921659377270        49.646480098901428        109.64109574648974       -2369.9864345367778       -165.18837905881728     
   2.1000000000000001       0.30135892733272768        29.147424292496908        446.44479473253489        16.853885048845594        47.966584673828685        106.99006878714279       -2134.8420144471338       -143.20343074605654     
   2.0000000000000000       0.28700850222164542        26.541952720271070        436.32830397715594        14.616387263968820        46.250631334431795        103.99797746334372       -1895.4864318106956       -122.29195807115900     
   1.9000000000000001       0.27265807711056311        24.057702930393702        422.86928012967962        12.540310876617015        44.500723108978512        100.66968938473941       -1658.7827967089661       -102.93090976754016     
   1.8000000000000000       0.25830765199948086        21.703624886825764        406.26067476552305        10.628629226286520        42.719137392060979        97.019015179618862       -1474.3425638880090       -85.601351974974804     
   1.7000000000000002       0.24395722688839863        19.488884175017347        386.72342170524644        8.8833221538718110        40.908181126844241        93.070217296890704       -1253.4238198918076       -70.783515412377270     
   1.6000000000000001       0.22960680177731635        17.422839332609897        364.49964864025338        7.3053009069203680        39.069968401338116        88.859875494620169       -1079.2646317895560       -58.963058222207110     
   1.5000000000000000       0.21525637666623404        15.515005981317699        339.84042460113437        5.8943466948530219        37.206077911096941        84.439616990561461       -896.54085790304873       -50.665430550829171     
   1.4000000000000001       0.20090595155515178        13.774994390166171        312.98510919018065        4.6490671427910693        35.317008670511832        79.880899229880953       -692.40247024684902       -46.547027815728377     
   1.3000000000000000       0.18655552644406950        12.212394356172013        284.14382820330570        3.5668732715356324        33.401262046568526        75.284798656367613       -561.36194104781100       -47.626757628596920     
