   8.3000000000000007        1.2009245669264579        259.60034732234044       -734.82124517304442        483.88211378682644        98.132269671927006        96.646187421900009       -15775.822502438630       -319.44987051851911     
   8.2000000000000011        1.1864555962405969        254.74001035081528       -679.57891607737247        473.41551250061121        97.741528712132592        96.769618086881337       -12389.748013519451       -321.89613351838000     
   8.0999999999999996        1.1719866255547360        249.86844602833958       -624.83708190342020        462.97467656280668        97.345467911019668        96.903120494346226       -5605.6368749043049       -324.40513173523317     
   8.0000000000000000        1.1575176548688750        244.98630281398255       -570.52302509646324        452.56250606121847        96.943912607136440        97.047073135172468       -18992.068521584286       -326.97597589589122     
   7.9000000000000004        1.1430486841830141        240.09425734460524       -516.65839243210439        442.18190479532359        96.536679928877206        97.201869465930457       -7102.8418750804331       -329.60799071588184     
   7.8000000000000007        1.1285797134971534        235.19301599072401       -463.28018411587527        431.83578547768246        96.123578314332690        97.367917108130086       -9557.6382779336327       -332.30870730268640     
   7.7000000000000002        1.1141107428112922        230.28331647212281       -410.37770421957981        421.52707310523994        95.704407003202405        97.545637214572864       -11439.479764735050       -335.07190445195573     
   7.6000000000000005        1.0996417721254315        225.36592954051616       -357.94593690283989        411.25870870272195        95.278955498082553        97.735463906687414       -11439.344195722470       -337.90095287029624     
   7.5000000000000000        1.0851728014395703        220.44166073591032       -305.94974552122790        401.03365254796307        94.847002992602000        97.937843684814396       -4382.4936180051527       -340.79554678492769     
   7.4000000000000004        1.0707038307537093        215.51135222286507       -254.39995233129341        390.85488714663489        94.408317763949739        98.153234749005946       -2615.8374237382986       -343.75464686870174     
   7.3000000000000007        1.0562348600678486        210.57588471259942       -203.42466888980798        380.72541994156558        93.962656527354255        98.382106225923138       -8404.3450053345296       -346.77987356121344     
   7.2000000000000002        1.0417658893819874        205.63617947667990       -152.92247826253060        370.64828598747823        93.509763750070505        98.624937200582963       -7773.2667731188258       -349.86945052990848     
   7.1000000000000005        1.0272969186961267        200.69320045795735       -102.94232369110966        360.62655073974531        93.049370922417324        98.882215517949845       -12428.178122691552       -353.02086968134779     
   7.0000000000000000        1.0128279480102658        195.74795648428835       -53.497298316766965        350.66331227638602        92.581195783400716        99.154436284862868       -9356.2658939114463       -356.23400291926896     
   6.9000000000000004       0.99835897732440471        190.80150359052845       -4.6104785261105627        340.76170409679708        92.104941498468321        99.442100111744494       -8256.0530266015776       -359.50560079887737     
   6.8000000000000007       0.98389000663854387        185.85494745419351        43.685587557365587        330.92489735627129        91.620295786978275        99.745710863274439       -7663.2137603325791       -362.83517820752144     
   6.7000000000000002       0.96942103595268281        180.90944595006977        91.405951347146086        321.15610345478092        91.126929997042879        100.06577300811159       -9447.8973501945584       -366.21656955463209     
   6.6000000000000005       0.95495206526682197        175.96621182892204        138.48334497173553        311.45857640771044        90.624498125538878        100.40278839942829       -12571.278536064758       -369.64868945045237     
   6.5000000000000000       0.94048309458096091        171.02651552520638        184.92591244528177        301.83561534738840        90.112635781273909        100.75725240501043       -10033.726941455898       -373.12544778101199     
   6.4000000000000004       0.92601412389510007        166.09168809844618        230.70024325861596        292.29056710568591        89.590959089586406        101.12964931681746       -11417.086422445138       -376.64080446102167     
   6.3000000000000007       0.91154515320923912        161.16312431251367        275.75205618654502        282.82682853253749        89.059063537049170        101.52044688658535       -9201.4833124976758       -380.18921246489322     
   6.2000000000000002       0.89707618252337817        156.24228585657511        320.04938382986694        273.44784923073399        88.516522755477155        101.93008986894370       -10647.392169577164       -383.76263243529309     
   6.1000000000000005       0.88260721183751722        151.33070471080100        363.58403956832495        264.15713394326747        87.962887245133913        102.35899239472346       -12033.075869003884       -387.35149195368029     
   6.0000000000000000       0.86813824115165628        146.42998665912296        406.27315910967354        254.95824517063230        87.397683037929383        102.80752905458712       -11912.131661866990       -390.94660309094922     
   5.9000000000000004       0.85366927046579544        141.54181495026955        448.11692426649790        245.85480571257264        86.820410302544673        103.27602441477880       -10748.514192493763       -394.53474232918597     
   5.8000000000000007       0.83920029977993449        136.66795410706186        489.04789708126947        236.85050125746406        86.230541894863279        103.76474080001687       -10252.088468595281       -398.10223769310284     
   5.7000000000000002       0.82473132909407354        131.81025388234639        529.03117880136426        227.94908285228178        85.627521858889921        104.27386407480910       -8475.5548393539484       -401.63317458320438     
   5.6000000000000005       0.81026235840821259        126.97065335805451        567.98514743697990        219.15436938477367        85.010763885573169        104.80348711715237       -8639.3286204856231       -405.10990339656422     
   5.5000000000000000       0.79579338772235164        122.15118518155305        605.88009703139267        210.47024994354450        84.379649739698081        105.35359068027716       -9324.3298939227243       -408.51111178067055     
   5.4000000000000004       0.78132441703649069        117.35397993070364        642.63633289248219        201.90068612379264        83.733527668378940        105.92402130366453       -8490.9449392057486       -411.81396644767358     
   5.3000000000000007       0.76685544635062985        112.58127059573667        678.19942755919453        193.44971411377563        83.071710808766667        106.51446585595538       -8527.2057456425373       -414.99167235092222     
   5.2000000000000002       0.75238647566476868        107.83539716217092        712.50088398826392        185.12144655782922        82.393475617522967        107.12442231130126       -9310.9250507571651       -418.01393311450568     
   5.1000000000000005       0.73791750497890785        103.11881127441802        745.46533694462516        176.92007418117674        81.698060350541681        107.75316625562681       -8180.3223150973618       -420.84798444587818     
   5.0000000000000000       0.72344853429304679        98.434080954384171        777.02750899977241        168.84986701192915        80.984663628465597        108.39971270844018       -10968.557478955308       -423.45555062439644     
   4.9000000000000004       0.70897956360718595        93.783895343168069        807.08463935224211        160.91517506025872        80.252443131929894        109.06277268875186       -8089.8729315789979       -425.79636075313232     
   4.8000000000000007       0.69451059292132511        89.171069426820850        835.53505465542924        153.12042868181584        79.500514480339660        109.74070404239457       -8793.9272878562260       -427.82172454229811     
   4.7000000000000002       0.68004162223546405        84.598548698963782        862.31869209913441        145.47013782181966        78.727950359506167        110.43145600122629       -9760.0457764357525       -429.48176746460115     
   4.6000000000000005       0.66557265154960321        80.069413703814575        887.33014013462991        137.96889068610366        77.933779976828248        111.13250703386512       -8500.9711340082758       -430.71914832778469     
   4.5000000000000000       0.65110368086374215        75.586884392737034        910.46321202594254        130.62135127405665        77.116988937992843        111.84079557892801       -8285.5036635229280       -431.47198174277474     
   4.4000000000000004       0.63663471017788131        71.154324215918564        931.61503855608623        123.43225549098908        76.276519656514495        112.55264336691084       -7532.5692667729481       -431.67216529110283     
   4.2999999999999998       0.62216573949202025        66.775243858067256        950.66663923589363        116.40640587178213        75.411272426790219        113.26367128011582       -8574.5263698781728       -431.24773493335294     
   4.2000000000000002       0.60769676880615942        62.453304513370995        967.52550572667894        109.54866430632940        74.520107312585665        113.96870789369730       -8306.4896370046481       -430.11881435638884     
   4.1000000000000005       0.59322779812029847        58.192320580473734        982.05124007992663        102.86394274461060        73.601847025676577        114.66169125498025       -7320.4768866710956       -428.20248526545834     
   4.0000000000000000       0.57875882743443752        53.996261643319372        994.14692158291007        96.357191219751300        72.655280993109272        115.33556495933794       -7044.6039444500739       -425.41026061932990     
   3.9000000000000004       0.56428985674857668        49.869253588928700        1003.6837718701008        90.033382920039102        71.679170835297597        115.98217019545842       -6933.6698406476471       -421.65105237804244     
   3.8000000000000003       0.54982088606271573        45.815578699220282        1010.5431775535195        83.897495833153897        70.672257499480139        116.59213626605690       -6387.2593870356350       -416.83107031418808     
   3.7000000000000002       0.53535191537685467        41.839674542110060        1014.6187036387205        77.954490455286788        69.633270311906955        117.15477318477241       -6392.9232238346058       -410.85583784125777     
   3.6000000000000001       0.52088294469099372        37.946131478680968        1015.7964811680613        72.209282941466967        68.560938224741918        117.65797106187394       -6426.3376222486459       -403.63323282024265     
   3.5000000000000000       0.50641397400513288        34.139688600410182        1013.9755584523557        66.666713259532756        67.454003536428289        118.08811257965957       -5533.1943235759063       -395.07624824914762     
   3.4000000000000004       0.49194500331927193        30.425227915936830        1009.0761078664295        61.331507714002349        66.311238352569305        118.43000644130798       -5665.3058964313386       -385.10490144443287     
   3.3000000000000003       0.47747603263341099        26.807766624379724        1000.9998295851001        56.208235178299105        65.131464022598720        118.66685148858379       -4400.5991634738384       -373.65403158729828     
   3.2000000000000002       0.46300706194755004        23.292447346648828        989.70546969139843        51.301256751774687        63.913573728996134        118.78024308680324       -4648.5801867675036       -360.67406699726234     
   3.1000000000000001       0.44853809126168909        19.884526244260769        975.14865007178889        46.614668035397791        62.656558313208521        118.75023504835980       -4276.8441556858133       -346.13991548015082     
   3.0000000000000000       0.43406912057582814        16.589359045878609        957.32226626051181        42.152233997667921        61.359535287761524        118.55547189341564       -4051.5589791119974       -330.05499973021375     
   2.9000000000000004       0.41960014988996724        13.412385138230775        936.24706897739372        37.917315929818955        60.021780799769338        118.17340700996583       -3715.4290626271372       -312.45840102785570     
   2.8000000000000003       0.40513117920410630        10.359110079014386        911.98646066584683        33.912790536301060        58.642764070470442        117.58062219283261       -3243.4137007916124       -293.43053591190943     
   2.7000000000000002       0.39066220851824535        7.4350871836118131        884.64632182970001        30.140961181839128        57.222183534107359        116.75326255037534       -2966.5232351266486       -273.09916450276683     
   2.6000000000000001       0.37619323783238434        4.6458992702170008        854.38082524655169        26.603461478152681        55.760003536173635        115.66759758704137       -2714.0318980364386       -251.64295053435791     
   2.5000000000000000       0.36172426714652339        1.9971422932766245        821.41232482563214        23.301151439801021        54.256490028532276        114.30071403157881       -2282.7017442972328       -229.29463328089093     
   2.4000000000000004       0.34725529646066255      -0.50558642224916639        786.01635868845983        20.234006228890603        52.712243223741140        112.63133871217691       -2126.9488668603808       -206.34159136549789     
   2.3000000000000003       0.33278632577480161       -2.8566910972360802        748.55850726829760        17.400996915763695        51.128224651424460        110.64078055506953       -1820.6086104663927       -183.12183460267764     
   2.2000000000000002       0.31831735508894066       -5.0505648434836985        709.49544806319125        14.799961542239224        49.505775500333847        108.31397062171889       -1635.4172287557758       -160.01898501363530     
   2.1000000000000001       0.30384838440307971       -7.0815506077943837        669.39346891103935        12.427462257497593        47.846622520849287        105.64056910647858       -1436.3393500125194       -137.45147028592859     
   2.0000000000000000       0.28937941371721876       -8.9438578449223769        628.97337329573577        10.278620112992508        46.152867059711248        102.61610097149543       -1453.4009830322245       -115.86019645900335     
   1.9000000000000001       0.27491044303135787       -10.631404596540051        589.15031220141293        8.3469112088747277        44.426951888604393        99.243080170690931       -1285.3178538259822       -95.693102047903793     
   1.8000000000000000       0.26044147234549686       -12.137531906690697        551.14071668061956        6.6238940875913395        42.671599128678849        95.532091037213718       -1343.3336363313445       -77.388422230599474     
   1.7000000000000002       0.24597250165963597       -13.454494515366719        516.60849787509926        5.0988123902327231        40.889710282337887        91.502820277392885       -1423.6661170816005       -61.360550531451544     
   1.6000000000000001       0.23150353097377502       -14.572547427110635        487.95730981511275        3.7579676017122026        39.084215221434164        87.185085117795339       -1716.4929762643080       -47.990182224452838     
   1.5000000000000000       0.21703456028791407       -15.478275231279099        468.87690370304938        2.5836567619003405        37.257849077832951        82.620002874698173       -2226.9726072036001       -37.623384907337076     
   1.4000000000000001       0.20256558960205315       -16.151439037993214        465.39338623585513        1.5522542398587811        35.412820426037108        77.861643362371780       -3081.3960041850464       -30.589197409568321     
   1.3000000000000000       0.18809661891619217       -16.558763934808667        488.10740925375734       0.63051030144268194        33.550302081590551        72.979927757032215       -4560.1247187799972       -27.250233736950058     
   1.2000000000000002       0.17362764823033128       -16.640982898657171        557.32454222835565      -0.23217468645324937        31.669604976841779        68.066576842703341       -7079.3337274859341       -28.128036284005027     
   1.1000000000000001       0.15915867754447033       -16.283694935903327        716.35378408527822       -1.1216250185617982        29.766721671386211        63.248925666449914       -11911.541901703677       -34.229189525075128     
   1.0000000000000000       0.14468970685860938       -15.244555796867530        1072.5682535906244       -2.2067319772502763        27.831427791265469        58.727090594183899       -22307.018458799063       -48.048584289146490     
  0.90000000000000002       0.13022073617274843       -12.940183957465024        1963.8917481046146       -3.8996945274435828        25.840330224428850        54.899513899088426       -50798.952827795452       -77.691745295178549     
