  0.10000000000000001        1.4812752852719081E-002   42.512290190740373        211.26110963363942      -0.49253583028308379        6.4775325511009481        16.247564771173284     
  0.20000000000000001        2.9625505705438163E-002   18.077773078949349        396.35820829177538       -1.0380226176770260        11.244200930750683        24.764269048931808     
  0.30000000000000004        4.4438258558157251E-002   5.0302147105678614        450.80585658038757       -1.2641414338430690        14.812074990820680        27.638927651315370     
  0.40000000000000002        5.9251011410876325E-002  -2.2279958068597807        396.50308860929334       -1.3033156121748877        17.518607968967604        28.837148922104209     
  0.50000000000000000        7.4063764263595400E-002  -6.6071788455348042        331.37445960569335       -1.2851518007720470        19.718926675869479        30.553222404683382     
  0.60000000000000009        8.8876517116314502E-002  -9.4576083745678261        287.36613242580484       -1.2409424072390871        21.652223747822255        33.331282065100616     
  0.70000000000000007       0.10368926996903356       -11.396821540725114        265.94239273691107       -1.1600319544339892        23.454904466240187        37.070999460611986     
  0.80000000000000004       0.11850202282175265       -12.722009714130536        262.20747986373283       -1.0206393265882885        25.199717507570078        41.527082386096488     
  0.90000000000000002       0.13331477567447172       -13.586702005088569        271.52581009202385      -0.79967576678021490        26.923940423380877        46.467480632346181     
   1.0000000000000000       0.14812752852719080       -14.076235121173113        290.53374390740623      -0.47521047185367193        28.645605177798757        51.704918309969365     
   1.1000000000000001       0.16294028137990987       -14.241494850392428        316.91025593261264       -2.6863984736169213E-002   30.372269276127792        57.092900011054944     
   1.2000000000000002       0.17775303423262900       -14.114916333048313        349.02579079700064       0.56427246635295236        32.105716776801636        62.515653149930024     
   1.3000000000000000       0.19256578708534805       -13.718538399900353        385.68011613898966        1.3157616240886434        33.844516782228965        67.879707597919392     
   1.4000000000000001       0.20737853993806712       -13.068292227139068        425.92769895568347        2.2438959470279993        35.585456461265245        73.108241813056196     
   1.5000000000000000       0.22219129279078620       -12.176404219046503        468.97964871580706        3.3637216908273113        37.324375031254654        78.137669722480027     
   1.6000000000000001       0.23700404564350530       -11.052804074554160        514.13506298570155        4.6890282861710437        39.056671588471438        82.915719637981056     
   1.7000000000000002       0.25181679849622440       -9.7059818071702466        560.74786913021887        6.2323207930632050        40.777629441099137        87.400386532065610     
   1.8000000000000000       0.26662955134894345       -8.1435252272545995        608.21081061158395        8.0047897186366015        42.482632247837159        91.559316299168358     
   1.9000000000000001       0.28144230420166250       -6.3724640158984585        655.95497249404389        10.016288525416099        44.167312133209990        95.369331843645710     
   2.0000000000000000       0.29625505705438160       -4.3994920173605578        703.44696325786765        12.275325520801912        45.827651561699092        98.815927166988601     
   2.1000000000000001       0.31106780990710070       -2.2311101188904559        750.17493669816236        14.789073956736177        47.460051197421535        101.89264144539047     
   2.2000000000000002       0.32588056275981975       0.12628417181019813        795.68177324032979        17.563401513554552        49.061371121764630        104.60028637777441     
   2.3000000000000003       0.34069331561253891        2.6663436837790186        839.55238975671000        20.602918682669440        50.628950412206606        106.94604116608630     
   2.4000000000000004       0.35550606846525801        5.3827438640594210        881.42110826140095        23.911043869778624        52.160608987128420        108.94245395880377     
   2.5000000000000000       0.37031882131797700        8.2691726052279364        920.97411030878084        27.490082246671385        53.654635121795707        110.60639971169904     
   2.6000000000000001       0.38513157417069610        11.319332053260382        957.94863534508829        31.341314942471609        55.109761774536615        111.95804544618682     
   2.7000000000000002       0.39994432702341520        14.526948321817827        992.13329705479396        35.465094846423895        56.525134642815637        113.01986799969833     
   2.8000000000000003       0.41475707987613425        17.885786093029651        1023.3723601215048        39.860945690737523        57.900274614996690        113.81575943595124     
   2.9000000000000004       0.42956983272885335        21.389665861004801        1051.5533638979985        44.527661259887559        59.235036973871217        114.37024381594263     
   3.0000000000000000       0.44438258558157240        25.032482164862472        1076.6072257671233        49.463402123698067        60.529569352765733        114.70781786842464     
   3.1000000000000001       0.45919533843429150        28.808221617069080        1098.4927499454207        54.665787924245073        61.784270067710210        114.85241828999725     
   3.2000000000000002       0.47400809128701060        32.710979893142394        1117.2285012451539        60.131983694767541        62.999748075312439        114.82701086634961     
   3.3000000000000003       0.48882084413972970        36.734977131477763        1132.8477235953749        65.858779197952671        64.176785457274661        114.65329112854405     
   3.4000000000000004       0.50363359699244881        40.874571411838247        1145.3877539795265        71.842660708957297        65.316303024051209        114.35148296661168     
   3.5000000000000000       0.51844634984516780        45.124270149173412        1154.9416894838505        78.079875127603685        66.419329370313491        113.94022018075489     
   3.6000000000000001       0.53325910269788690        49.478739364949433        1161.5930238824858        84.566486498706482        67.486973506157966        113.43649577362669     
   3.7000000000000002       0.54807185555060600        53.932810888823155        1165.4464909646113        91.298425263956261        68.520401028292241        112.85566451315177     
   3.8000000000000003       0.56288460840332499        58.481487606075348        1166.6258956257266        98.271530483256811        69.520813680054431        112.21148585086381     
   3.9000000000000004       0.57769736125604421        63.119946906454743        1165.2291749799324        105.48158601818449        70.489432071475051        111.51619593136175     
   4.0000000000000000       0.59251011410876320        67.843542513068087        1161.3861147461080        112.92435081385652        71.427481283848621        110.78059923647743     
   4.1000000000000005       0.60732286696148241        72.647804879866726        1155.2199762861312        120.59558419279715        72.336179060664449        110.01417229172715     
   4.2000000000000002       0.62213561981420140        77.528440346590628        1146.8733605659856        128.49106660084271        73.216726282182734        109.22517328656056     
   4.2999999999999998       0.63694837266692039        82.481329233647216        1136.4363070243826        136.60661642411523        74.070299429235931        108.42075313361475     
   4.4000000000000004       0.65176112551963949        87.502523048470948        1124.0310388939945        144.93810333873236        74.898044758716381        107.60706445881851     
   4.5000000000000000       0.66657387837235860        92.588240961282054        1109.7816457812914        153.48145894240577        75.701073935335884        106.78936626408840     
   4.6000000000000005       0.68138663122507781        97.734865693054644        1093.8126960789598        162.23268460978977        76.480460889057383        105.97212251394694     
   4.7000000000000002       0.69619938407779680        102.93893894293728        1076.1916451554446        171.18785740435493        77.237239693255120        105.15909382174726     
   4.8000000000000007       0.71101213693051601        108.19715646703003        1057.0596859914988        180.34313425037519        77.972403283860103        104.35342167852468     
   4.9000000000000004       0.72582488978323501        113.50636290577131        1036.4882982229051        189.69475448249992        78.686902863643354        103.55770508282092     
   5.0000000000000000       0.74063764263595400        118.86354644346488        1014.5627982232063        199.23904144510112        79.381647857863840        102.77406978964621     
   5.1000000000000005       0.75545039548867321        124.26583337096758        991.42109203899804        208.97240262562946        80.057506307493583        102.00423032232918     
   5.2000000000000002       0.77026314834139220        129.71048261123269        967.06987006562326        218.89132948766505        80.715305604044829        101.24954533169728     
   5.3000000000000007       0.78507590119411130        135.19488025727128        941.63096719157454        228.99239635220729        81.355833485684869        100.51106664818123     
   5.4000000000000004       0.79988865404683041        140.71653416324989        915.14970449783414        239.27225880539802        81.979839227947295        99.789582628616827     
   5.5000000000000000       0.81470140689954940        146.27306862160731        887.73749240276243        249.72765164598994        82.588034974090846        99.085656263948593     
   5.6000000000000005       0.82951415975226850        151.86221915235456        859.41436736178514        260.35538666544704        83.181097160194611        98.399658579808147     
   5.7000000000000002       0.84432691260498760        157.48182742491849        830.23035038416583        271.15235001291273        83.759667998570023        97.731797827712796     
   5.8000000000000007       0.85913966545770670        163.12983632793521        800.26513653474683        282.11549936154483        84.324356990281998        97.082144903630763     
   5.9000000000000004       0.87395241831042569        168.80428519821476        769.56518559813401        293.24186118670059        84.875742443545903        96.450655424568779     
   6.0000000000000000       0.88876517116314480        174.50330521654973        738.15477891308490        304.52852752357529        85.414372979793910        95.837188849188223     
   6.1000000000000005       0.90357792401586401        180.22511497509981        706.10029691251452        315.97265318561557        85.940769013343242        95.241525004880131     
   6.2000000000000002       0.91839067686858300        185.96801621863597        673.43269297613449        327.57145226808956        86.455424194010433        94.663378324945313     
   6.3000000000000007       0.93320342972130221        191.73038975990380        640.20255197538359        339.32219539940183        86.958806804812710        94.102410098138023     
   6.4000000000000004       0.94801618257402120        197.51069156771950        606.42772586579667        351.22220625395744        87.451361109167976        93.558238944069672     
   6.5000000000000000       0.96282893542674020        203.30744902508172        572.12023989600345        363.26885852374886        87.933508643843780        93.030449782531818     
   6.6000000000000005       0.97764168827945941        209.11925735350769        537.31064424196904        375.45957263387356        88.405649455378722        92.518601461151192     
   6.7000000000000002       0.99245444113217840        214.94477619894838        502.01739493057880        387.79181255048815        88.868163278872942        92.022233274168030     
   6.8000000000000007        1.0072671939848976        220.78272637397072        466.34519481807223        400.26308265612442        89.321410658968290        91.540870420061552     
   6.9000000000000004        1.0220799468376165        226.63188675037168        430.22928272339465        412.87092417600127        89.765734013559694        91.074028630771409     
   7.0000000000000000        1.0368926996903356        232.49109129594876        393.63592494586538        425.61291200494270        90.201458641332394        90.621218063411376     
   7.1000000000000005        1.0517054525430547        238.35922624885893        356.67806872138391        438.48665124076962        90.628893674640608        90.181946526563195     
   7.2000000000000002        1.0665182053957738        244.23522742269824        319.39056227040510        451.48977368563919        91.048332979555511        89.755722214334810     
   7.3000000000000007        1.0813309582484931        250.11807763518823        281.69519468691556        464.61993408076484        91.460056005140572        89.342055880734961     
   7.4000000000000004        1.0961437111012120        256.00680425308474        243.59740211140280        477.87480606401067        91.864328584178935        88.940462733823736     
   7.5000000000000000        1.1109564639539309        261.90047684566639        205.12927357019259        491.25207805196249        92.261403687705908        88.550463953929182     
   7.6000000000000005        1.1257692168066500        267.79820493871125        166.34421715394012        504.74944878356581        92.651522135803546        88.171587999170228     
   7.7000000000000002        1.1405819696593693        273.69913586036864        127.19562321055857        518.36462221988234        93.034913267228816        87.803371760806215     
   7.8000000000000007        1.1553947225120884        279.60245266948618        87.581767494777552        532.09530143528161        93.411795570602408        87.445361625327678     
   7.9000000000000004        1.1702074753648073        285.50737215575032        47.682995582649212        545.93918238479648        93.782377280145937        87.097114672644693     
   8.0000000000000000        1.1850202282175264        291.41314289908701        7.3926457685047344        559.89394598430817        94.146856939430876        86.758200172596375     
   8.0999999999999996        1.1998329810702455        297.31904337267451       -33.405847952026406        573.95724758328333        94.505423937519254        86.428201721748351     
   8.2000000000000011        1.2146457339229648        303.22438006878269       -74.692388749269185        588.12670526365457        94.858259023731378        86.106720925300806     
   8.3000000000000007        1.2294584867756839        309.12848561742817       -116.28060253272530        602.39988270051424        95.205534811318472        85.793384107368809     
