  0.10000000000000001        1.4931298427497750E-002   4.3717014602276549       -11.315827386225321        3.4773480033450210E-002   6.6726281334329158        16.733859141395470        35.145166777695600       -12.287958162660040     
  0.20000000000000001        2.9862596854995500E-002   6.2010273803999780       -25.275019027045786        8.4467434451221499E-002   11.574723157488389        25.439062916274406        72.688365578094945       -45.749397909128930     
  0.30000000000000004        4.4793895282493258E-002   7.3194395474309886       -30.539132374941246       0.11783326068465651        15.231937343723569        28.216573727912312        224.22462285551191       -73.978516149987811     
  0.40000000000000002        5.9725193709990999E-002   8.0560250060243561       -15.567956097586233       0.15318876947974661        17.975826608340615        28.976087983192404        389.96222428480371       -78.158277631263232     
  0.50000000000000000        7.4656492137488747E-002   8.6769642909322329        16.387047629957685       0.23545299126463384        20.166772363723279        30.144962123896942        470.30002128315618       -64.738352267825761     
  0.60000000000000009        8.9587790564986516E-002   9.3644554657256549        57.935786600196444       0.40949388501281225        22.061072790465598        32.465497578096247        448.16233956669237       -44.983108861813307     
  0.70000000000000007       0.10451908899248427        10.226565116572488        103.26832629916585       0.71083879465971089        23.810875368175505        35.894874767688378        341.64618487674727       -25.784914849972836     
  0.80000000000000004       0.11945038741998200        11.320332274330895        149.20230205468673        1.1658969056722965        25.498987912157336        40.169995539827148        202.75365326951942       -9.9966335654016820     
  0.90000000000000002       0.13438168584747975        12.671727285910492        194.48165522814483        1.7947965363227165        27.167981302358008        45.021713448542222        45.145039374899731        1.6083797912146203     
   1.0000000000000000       0.14931298427497749        14.289153879237574        238.85039865945146        2.6138939882060970        28.838223768667181        50.229287962837432       -112.16627460170157        9.0585023926159636     
   1.1000000000000001       0.16424428270247526        16.171588705803060        282.40858970464103        3.6372932970963010        30.518011255031727        55.621764889188803       -269.28074236121995        12.596977886591622     
   1.2000000000000002       0.17917558112997303        18.313167211664108        325.28799340526729        4.8775720749184845        32.209084000972624        61.067118561972229       -425.77346728510082        12.469575644226442     
   1.3000000000000000       0.19410687955747075        20.705655991646267        367.52037581791092        6.3460473257161913        33.909627813243169        66.461673918171371       -583.32998953857145        8.8774282874702237     
   1.4000000000000001       0.20903817798496854        23.339744297962397        409.02738578567767        8.0528267163483047        35.615932765363851        71.722488378124893       -743.86556133120121        1.9907557488672016     
   1.5000000000000000       0.22396947641246626        26.205701700202553        449.63027701072633        10.006784666082801        37.323335295531415        76.782490942139958       -905.68951266145052       -8.0213555799968361     
   1.6000000000000001       0.23890077483996400        29.293705427203804        489.09013821648847        12.215530881754605        39.026773139563218        81.587579368061824       -1090.0766980744083       -20.963897213982818     
   1.7000000000000002       0.25383207326746177        32.594000192505291        527.13254861254381        14.685399157215880        40.721126209674217        86.094932230601273       -1303.3262093468409       -36.597284702732942     
   1.8000000000000000       0.26876337169495951        36.096975704589454        563.47910734131551        17.421464473720953        42.401434652945397        90.271983653693155       -1456.6067138449985       -54.629133440984035     
   1.9000000000000001       0.28369467012245730        39.793205412004568        597.86321833860984        20.427587351382069        44.063042415572518        94.095690083339164       -1719.1302698500481       -74.715821722914910     
   2.0000000000000000       0.29862596854995499        43.673468072793867        630.04428341237428        23.706480700776513        45.701692172062600        97.551861285403163       -1896.6658473148354       -96.470915877908666     
   2.1000000000000001       0.31355726697745279        47.728762344982670        659.81494341779876        27.259793348290085        47.313585813516269        100.63443278374785       -2276.4179159027472       -119.47928875047211     
   2.2000000000000002       0.32848856540495053        51.950318810393696        687.00459425348311        31.088204449683221        48.895418757667841        103.34463092588209       -2383.7564211913773       -143.31413609993260     
   2.3000000000000003       0.34341986383244827        56.329611010452140        711.48639093450356        35.191523745759831        50.444393433646489        105.69003101747754       -2627.5059493973781       -167.55321625153780     
   2.4000000000000004       0.35835116225994607        60.858365774368735        733.17012083872464        39.568793280234679        51.958215932261297        107.68353844689217       -2840.7285237350347       -191.79569062538923     
   2.5000000000000000       0.37328246068744375        65.528572604710234        752.00301985489659        44.218387361170727        53.435079190444718        109.34233708246310       -3271.8271196480187       -215.67450797504992     
   2.6000000000000001       0.38821375911494149        70.332491753962699        767.96144881553312        49.138108097984144        54.873635760881641        110.68685207114370       -3502.6806703889288       -238.86670978606298     
   2.7000000000000002       0.40314505754243929        75.262660668176409        781.05644275465011        54.325274891189110        56.272962982095862        111.73976955296718       -3707.6560211628725       -261.09906725114058     
   2.8000000000000003       0.41807635596993709        80.311898581599962        791.32231212288684        59.776806659547304        57.632523110653665        112.52514668549907       -4003.9250123681650       -282.15151086637820     
   2.9000000000000004       0.43300765439743477        85.473309165316550        798.81599012086212        65.489296246320492        58.952120675265917        113.06763439408662       -4584.0663401884722       -301.85606575379569     
   3.0000000000000000       0.44793895282493251        90.740281238557827        803.60738223705027        71.459076842578469        60.231858968147478        113.39182449372487       -4404.0294866924423       -320.09520754054944     
   3.1000000000000001       0.46287025125243031        96.106487634223868        805.78803911771638        77.682280591396662        61.472097223267269        113.52172337723056       -5090.6389888023150       -336.79630904634615     
   3.2000000000000002       0.47780154967992799        101.56588236889365        805.44668890088371        84.154889566301122        62.673409668578856        113.48034698750099       -5367.9107339130132       -351.92758014127327     
   3.3000000000000003       0.49273284810742579        107.11269630445099        802.69488438682595        90.872779870475824        63.836547301058374        113.28942662655805       -5349.2796994927130       -365.49076397775264     
   3.4000000000000004       0.50766414653492353        112.74143150733630        797.63558943424846        97.831759213980149        64.962402934301892        112.96921195052789       -5560.1600374372829       -377.51546563035549     
   3.5000000000000000       0.52259544496242127        118.44685451631835        790.38857912461685        105.02759868450747        66.051979816782875        112.53835608009409       -5248.7324183396404       -388.05385873650118     
   3.6000000000000001       0.53752674338991902        124.22398872447252        781.05750116829142        112.45605939079950        67.106363917143426        112.01386763200107       -5840.0605092252972       -397.17458595589505     
   3.7000000000000002       0.55245804181741676        130.06810606885733        769.75880108274907        120.11291442573419        68.126699819073480        111.41111540504413       -5481.0883168428409       -404.95843607618866     
   3.8000000000000003       0.56738934024491461        135.97471820493388        756.60623889667136        127.99396697774228        69.114170057798134        110.74387279552410       -6040.7450396362465       -411.49378475059245     
   3.9000000000000004       0.58232063867241235        141.93956732396168        741.71059002825803        136.09506480535677        70.069977656478613        110.02439081027404       -6270.8810781319644       -416.87338550690328     
   4.0000000000000000       0.59725193709990998        147.95861675200354        725.16124873146737        144.41211188285476        70.995331577221393        109.26349035628390       -6739.8101435881581       -421.19115590935507     
   4.1000000000000005       0.61218323552740783        154.02804144979086        707.07021842747668        152.94107742224296        71.891434781230629        108.47066623114898       -6570.7254006954081       -424.54128069853402     
   4.2000000000000002       0.62711453395490557        160.14421851425573        687.54850389041167        161.67800273948578        72.759474589976904        107.65419686475754       -6107.3425269104273       -427.01520658670307     
   4.2999999999999998       0.64204583238240331        166.30371776547167        666.65966395170381        170.61900635179668        73.600615048994115        106.82125528787977       -6325.5351582782341       -428.70002818450968     
   4.4000000000000004       0.65697713080990106        172.50329248727007        644.50155491372539        179.76028746938897        74.415991013885844        105.97801797581496       -6102.9246351904367       -429.67912887084418     
   4.5000000000000000       0.67190842923739869        178.73987037609231        621.17610894741654        189.09812832026699        75.206703701047999        105.12976922141704       -7646.7638458249139       -430.03098881900507     
   4.6000000000000005       0.68683972766489654        185.01054474056536        596.73885693046611        198.62889530019916        75.973817471017512        104.28099947167624       -7063.7990358475408       -429.82737613035562     
   4.7000000000000002       0.70177102609239428        191.31256598388882        571.26873873908744        208.34903942980955        76.718357638431172        103.43549671232921       -9508.3043321114510       -429.13651087989439     
   4.8000000000000007       0.71670232451989213        197.64333339225095        544.84014254567239        218.25509587129721        77.441309128079624        102.59643039296407       -6188.2024665523959       -428.01947279371024     
   4.9000000000000004       0.73163362294738987        204.00038724498495        517.51832584358544        228.34368324789753        78.143615820641301        101.76642779287093       -9640.1341052554471       -426.53271439618840     
   5.0000000000000000       0.74656492137488750        210.38140125590030        489.38037622292541        238.61150200075005        78.826180453899738        100.94764299921620       -9443.5558040076303       -424.72725558839738     
   5.1000000000000005       0.76149621980238535        216.78417535009908        460.43611330048873        249.05533290483658        79.489864965328309        100.14181871710548       -8267.0377796130724       -422.65023803218975     
   5.2000000000000002       0.77642751822988298        223.20662877633481        430.80276622513907        259.67203493609424        80.135491179798890        99.350341389381924       -6992.0597404499131       -420.34224325803609     
   5.3000000000000007       0.79135881665738084        229.64679355163275        400.48300776718162        270.45854318529223        80.763841761876165        98.574290114441979       -9654.3303996609338       -417.84220257566642     
   5.4000000000000004       0.80629011508487858        236.10280823217522        369.54948897838597        281.41186624396698        81.375661365807275        97.814479809080993       -5339.7089445406536       -415.18227694122493     
   5.5000000000000000       0.82122141351237632        242.57291200241571        338.01945490766093        292.52908407956278        81.971657928073370        97.071499219900659       -8454.2557115338495       -412.39395041014484     
   5.6000000000000005       0.83615271193987417        249.05543907277479        305.95468069025179        303.80734508302123        82.552504057417124        96.345744221395080       -7757.1133592344504       -409.50190253796575     
   5.7000000000000002       0.85108401036737169        255.54881337515508        273.35704859901426        315.24386373710598        83.118838485770681        95.637446920516567       -5931.9629702000311       -406.53101867868577     
   5.8000000000000007       0.86601530879486954        262.05154354466595        240.34342152151285        326.83591784943354        83.671267550704783        94.946701011714666       -4856.3953728998013       -403.50277129096952     
   5.9000000000000004       0.88094660722236728        268.56221817547976        206.84538412567477        338.58084587985667        84.210366686020961        94.273483809310235       -6722.2960663285539       -400.43466216916983     
   6.0000000000000000       0.89587790564986503        275.07950133838631        172.96745796798518        350.47604428722980        84.736681902124900        93.617675352248853       -4643.4499381586520       -397.34274430577977     
   6.1000000000000005       0.91080920407736288        5.2621267537415406        6207.6502600943450        180.98558186674092        85.250731241969547        92.979074872129530       -1081827.9459727856       -394.24178049080695     
   6.2000000000000002       0.92574050250486062        8.5947296444034009        3883.7749838146419        194.94074711565870        85.753006201772479        92.357415059751702       -216578.55044717214       -391.14475525528286     
   6.3000000000000007       0.94067180093235847        12.042745875506284        3191.6725271087812        207.17222442176913        86.243973108513259        91.752374259474578       -109230.95006723148       -388.06212772202775     
   6.4000000000000004       0.95560309935985599        15.580893114345940        2822.7833972778171        218.84551519701157        86.724074448493809        91.163586976790626       -73639.208427614663       -385.00264418034936     
   6.5000000000000000       0.97053439778735373        19.195943892593732        2582.4599587739972        230.28044985352196        87.193730143088999        90.590652837558835       -57071.467538825658       -381.97632630159120     
   6.6000000000000005       0.98546569621485158        22.879086553041361        2408.3449530978232        241.61797507959511        87.653338769294621        90.033144226758552       -44060.766933354542       -378.98798285347186     
   6.7000000000000002        1.0003969946423492        26.623769473965694        2273.5867710687235        252.93399722616786        88.103278723859106        89.490612787390234       -40159.436791518776       -376.04616464837574     
   6.8000000000000007        1.0153282930698471        30.424800855805756        2164.3549843020087        264.27441272598048        88.543909330716019        88.962594912871396       -34310.206717170309       -373.15537291444338     
   6.9000000000000004        1.0302595914973449        34.277892708245986        2072.8592447138003        275.66916639880361        88.975571892161511        88.448616364217983       -32136.636735632972       -370.31959222311178     
   7.0000000000000000        1.0451908899248425        38.179400169211362        1994.2449633149192        287.13887686165771        89.398590684782363        87.948196171296900       -29030.251803096508       -367.54285046743718     
   7.1000000000000005        1.0601221883523404        42.126159386768109        1925.3276149343635        298.69832152500703        89.813273901567115        87.460849874666735       -31427.121481333783       -364.82896207347471     
   7.2000000000000002        1.0750534867798380        46.115380180380384        1863.9056920638038        310.35842300907916        90.219914541954878        86.986092216733368       -24756.565705114219       -362.18138478889017     
   7.3000000000000007        1.0899847852073359        50.144571428798145        1808.4813960769045        322.12745362086702        90.618791251816390        86.523439390425949       -19538.265902878586       -359.60118640770685     
   7.4000000000000004        1.1049160836348335        54.211487144112084        1757.8934770896353        334.01180207370595        91.010169115543832        86.072410876766980       -22373.520435356015       -357.09019868377749     
   7.5000000000000000        1.1198473820623311        58.314086228990050        1711.3247619163772        346.01648141509855        91.394300402572028        85.632531030643833       -23076.291927326409       -354.65136827271539     
   7.6000000000000005        1.1347786804898292        62.450501630600002        1668.0779520967035        358.14547692566242        91.771425270791610        85.203330373033737       -14938.210997895418       -352.28503064433295     
   7.7000000000000002        1.1497099789173268        66.619016154245855        1627.6565347402698        370.40199129929971        92.141772429479431        84.784346826335621       -22440.229759587932       -349.99366996313341     
   7.8000000000000007        1.1646412773448247        70.818043125841541        1589.6596845460765        382.78862083996989        92.505559764619406        84.375126916746979       -22165.993517080318       -347.77566963839496     
   7.9000000000000004        1.1795725757723223        75.046110668032611        1553.8038335396338        395.30748580135270        92.862994929918273        83.975227224016194       -17680.911468250648       -345.63189119096887     
   8.0000000000000000        1.1945038741998200        79.301848724924866        1519.7508673850280        407.96032776566017        93.214275907634601        83.584216332042161       -17724.235817693738       -343.56261835561946     
   8.0999999999999996        1.2094351726273178        83.583978215418256        1487.2951774385097        420.74858373984472        93.559591544972037        83.201678055647918       -17063.324033812620       -341.56398085156604     
   8.2000000000000011        1.2243664710548157        87.891301861628563        1456.3116675036686        433.67344353049981        93.899122075309975        82.827217260636132       -19110.562199864624       -339.63590909097019     
   8.3000000000000007        1.2392977694823135        92.222696354516302        1426.6395608639789        446.73589441099693        94.233039641960346        82.460471825839932       -12594.651442029444       -337.76780196418514     
