  0.10000000000000001        1.4943152984975620E-002   4.3734802633048275       -11.324997231554779        3.4812295099777554E-002   6.6886953956107238        16.771904033324070        35.242837977689661       -12.331400630894509     
  0.20000000000000001        2.9886305969951239E-002   6.2030773214138435       -25.297549711921974        8.4526032885262448E-002   11.601588699360519        25.494416698609967        73.546900099949255       -45.855254059195261     
  0.30000000000000004        4.4829458954926855E-002   7.3211592904642657       -30.531953221669774       0.11787327412895138        15.266410563419893        28.268906074399247        224.89503062855150       -74.295379860250776     
  0.40000000000000002        5.9772611939902479E-002   8.0574733579544500       -15.496166952285861       0.15329212774049714        18.014106228094473        28.997852050913767        389.02112457888876       -78.709470070495513     
  0.50000000000000000        7.4715764924878095E-002   8.6786153724356154        16.527308055455102       0.23582764828118477        20.205121524720084        30.122766045739262        471.06674120197061       -65.340727772915656     
  0.60000000000000009        8.9658917909853711E-002   9.3669219059140687        58.132030517301828       0.41042410527592849        22.096816953652755        32.402034427953197        448.54795066692020       -45.454956422849342     
  0.70000000000000007       0.10460207089482933        10.230448652273253        103.50486849830750       0.71264628092658111        23.842527598740165        35.800109171280070        344.27710165899180       -26.042022438730154     
  0.80000000000000004       0.11954522387980496        11.326169432211373        149.46892679284645        1.1689238515677851        25.525935102969594        40.054515691664960        199.79506837423745       -10.034894799582617     
  0.90000000000000002       0.13448837686478057        12.679982196361721        194.77357755446045        1.7994022781057022        27.190136182616222        44.894031131822665        45.072520403854881        1.7535708464795794     
   1.0000000000000000       0.14943152984975619        14.300228173903520        239.16605371722352        2.6204561722179118        28.855773068141438        50.095388967239529       -106.49615136388844        9.3407849899129758     
   1.1000000000000001       0.16437468283473181        16.185834373544708        282.74893815468056        3.6462087747499807        30.531261811553634        55.485506699559650       -276.94354450744186        12.972895197058063     
   1.2000000000000002       0.17931783581970742        18.330897391128701        325.65268804747092        4.8892561246400277        32.218377607837631        60.930800199656694       -456.76359554901080        12.903756654999656     
   1.3000000000000000       0.19426098880468304        20.727152748145386        367.90965314308738        6.3609313535939425        33.915297984111774        66.326535593589142       -577.07402683682733        9.3431684749857542     
   1.4000000000000001       0.20920414178965865        23.365263841218848        409.44005712621066        8.0713549946474892        35.618285212341803        71.589086603768948       -743.02722210254444        2.4690069293118460     
   1.5000000000000000       0.22414729477463427        26.235477781397663        450.06262077185829        10.029410620773699        37.322641114177678        76.650960294646353       -882.48207728748184       -7.5437375344833413     
   1.6000000000000001       0.23909044775960991        29.327951556860512        489.53839905120731        12.242713324184098        39.023268426244996        81.457807669067975       -1078.9663203464806       -20.495334410952637     
   1.7000000000000002       0.25403360074458553        32.632911145523053        527.59336542535243        14.717598707505257        40.715014665724667        85.966674400635782       -1314.0257901938539       -36.142841598098308     
   1.8000000000000000       0.26897675372956115        36.140728623215864        563.94624291930450        17.459140326465342        42.392891343771012        90.144933733508736       -1472.1256259488721       -54.191460887360769     
   1.9000000000000001       0.28391990671453671        39.841960702303254        598.33361686349770        20.471194477110604        44.052217748466802        93.969525294195208       -1741.4514762901954       -74.295977148756620     
   2.0000000000000000       0.29886305969951238        43.727370211244420        630.51099061858906        23.756467499719584        45.688715643786523        97.426267646874010       -1928.4840455203066       -96.068885823754599     
   2.1000000000000001       0.31380621268448800        47.787940660055028        660.26814997925408        27.316599777733050        47.298569338732719        100.50911870026447       -2115.1340650230786       -119.09437805143260     
   2.2000000000000002       0.32874936566946361        52.014888271057885        687.44649544722802        31.152260600763306        48.878459524477762        103.21933306050468       -2495.9767607494159       -142.94519665560406     
   2.3000000000000003       0.34369251865443923        56.399673033370618        711.90941054709833        35.263248780114132        50.425576299714962        105.56451533326516       -2726.5579681916638       -167.19904581231580     
   2.4000000000000004       0.35863567163941484        60.934009049665178        733.56770462789893        39.648594778296491        51.937615405708158        107.55759841899250       -2786.8763445408681       -191.45524308305258     
   2.5000000000000000       0.37357882462439040        65.609873933852100        752.37227559121766        44.306660935674692        53.412761050947417        109.21579035247930       -3102.1573747273128       -215.34667909992032     
   2.6000000000000001       0.38852197760936608        70.419516890372165        768.29735101773133        49.235237277324849        54.849658377652617        110.55953645777805       -3350.5393924311243       -238.55056463087280     
   2.7000000000000002       0.40346513059434169        75.355465150457348        781.36004450625910        54.431631203662128        56.247378381635137        111.61153899266908       -3872.5462974932666       -260.79401416831399     
   2.8000000000000003       0.41840828357931731        80.410528549829223        791.58810479083013        59.892749857335829        57.605377841205502        112.39586744153483       -3934.7484376294378       -281.85703246173694     
   2.9000000000000004       0.43335143656429298        85.577802152088680        799.03820118230885        65.615174690484267        58.923456508224973        112.93718174887779       -4216.2498156097927       -301.57222057402817     
   3.0000000000000000       0.44829458954926854        90.850666928035935        803.79113285705000        71.595227957251794        60.201713470068754        113.26008001551813       -4519.0409386545743       -319.82144292856947     
   3.1000000000000001       0.46323774253424421        96.222788584095269        805.92669489783793        77.829031326940282        61.440504226053108        113.38857276011181       -4702.8451557721783       -336.53304034673670     
   3.2000000000000002       0.47818089551921983        101.68811469165757        805.54318265367340        84.312557001934081        62.640399660036927        113.34567843925925       -5228.2122909682221       -351.67461965097573     
   3.3000000000000003       0.49312404850419544        107.24087030587566        802.74140409826236        91.041671723598512        63.802147753415973        113.15312975284007       -5084.8672010362352       -365.24833160829922     
   3.4000000000000004       0.50806720148917106        112.87555228109090        797.63811931258192        98.012174411881944        64.926638584409091        112.83117704402912       -5484.6178217273437       -377.28416704304345     
   3.5000000000000000       0.52301035447414668        118.58692249478645        790.34655548928515        105.21982793255276        66.014872908588302        112.39847373566646       -5867.3140224975932       -387.83401152760018     
   3.6000000000000001       0.53795350745912229        124.37000018650201        780.96942980169501        112.66038566211334        67.067934414502076        111.87202861492551       -5797.1296074855072       -396.96629931938071     
   3.7000000000000002       0.55289666044409780        130.22005360581556        769.63024468464050        120.32961353116843        68.086965594958869        111.26721072454872       -6640.5418182316034       -404.76217624967921     
   3.8000000000000003       0.56783981342907341        136.13259114685820        756.42937292407942        128.22330795611313        69.073147064454432        110.59779387546341       -5835.4689510625749       -411.30934416187000     
   3.9000000000000004       0.58278296641404925        142.10335212788823        741.48348427708356        136.33731047526658        70.027680079879147        109.87602976509692       -5938.3284628774081       -416.70154045610553     
   4.0000000000000000       0.59772611939902476        148.12829735474907        724.90022375916385        144.66751920200088        70.951771978324416        109.11274029723471       -5679.7938896112037       -421.03177264628755     
   4.1000000000000005       0.61266927238400049        154.20359958755603        706.77381058077265        153.20989791958013        71.846624225878827        108.31742158186941       -7745.3031928171722       -424.39520135309601     
   4.2000000000000002       0.62761242536897599        160.32563401143034        687.19700112845533        161.96048280660386        72.713422768818873        107.49835367386142       -6191.5708575590152       -426.88137664616227     
   4.2999999999999998       0.64255557835395161        166.49096879500462        666.25567243986268        170.91538764946222        73.553330388472801        106.66271152236460       -6625.2314809756963       -428.57921337299109     
   4.4000000000000004       0.65749873133892722        172.69635580490171        644.06807245846096        180.07080721880862        74.367480779103246        105.81667376462178       -7009.6171573013062       -429.57140479544972     
   4.5000000000000000       0.67244188432390284        178.93872153063899        620.69602257460053        189.42301951827156        75.156974091153472        104.96552708488592       -4682.5906716140435       -429.93557873912340     
   4.6000000000000005       0.68738503730887845        185.21515826232735        596.24615722208466        198.96838709543189        75.922873707655071        104.11376449371801       -6282.9665836985459       -429.74544431814491     
   4.7000000000000002       0.70232819029385407        191.52291555315151        570.72641438161361        208.70335722493823        76.666204047706060        103.26517667358459       -7195.9604287384482       -429.06629139618622     
   4.8000000000000007       0.71727134327882969        197.85939198968140        544.26614588787754        218.62446165389653        77.387949216453023        102.42293586691177       -6870.2776221430649       -427.96226466619487     
   4.9000000000000004       0.73221449626380530        204.22212728562135        516.92033412237549        228.72831563261428        78.089052345127101        101.58967223748405       -4855.1764967587815       -426.48836871789445     
   5.0000000000000000       0.74715764924878081        210.60879470828809        488.74277068655658        239.01161656195890        78.770415486912412        100.76754276120424       -4702.9054484076787       -424.69498806624318     
   5.1000000000000005       0.76210080223375665        217.01719384199828        459.76786947591256        249.47114227593363        79.432899954512976        99.958293037353485       -7874.4695365179896       -422.62986249093547     
   5.2000000000000002       0.77704395521873215        223.44524368830048        430.10218062680684        260.10374888316312        80.077327003158842        99.163312397976711       -8761.4336432099371       -420.33384954798589     
   5.3000000000000007       0.79198710820370788        229.89097609966484        399.74471896510312        270.90636871444792        80.704478778500558        98.383682774077386       -4578.3081697473899       -417.84524385095295     
   5.4000000000000004       0.80693026118868338        236.35252954051452        368.78233150173111        281.87600796157886        81.315099462488860        97.620221868403704       -10425.434016328467       -415.19628586305299     
   5.5000000000000000       0.82187341417365900        242.82814316746203        337.24034338433734        293.00974389752503        81.909896562094573        96.873521131417547       -9685.4843654972610       -412.41875707844599     
   5.6000000000000005       0.83681656715863462        249.31615121902450        305.11707699718050        304.30472264072233        82.489542295767606        96.143979052499148       -9890.9003444984410       -409.53852680895443     
   5.7000000000000002       0.85175972014361023        255.81497770394117        272.53100204909373        315.75815631968277        83.054675041051397        95.431830270612735       -8899.9262870264592       -406.57892982005046     
   5.8000000000000007       0.86670287312858596        262.32313137644246        239.49492497495302        327.36732044016389        83.605900813954662        94.737170895591305       -5738.8101312523095       -403.56103700782290     
   5.9000000000000004       0.88164602611356147        268.83920098628141        205.95441623072475        339.12955134244754        84.143794756693723        94.059980558405698       -11600.753932603868       -400.50221379363700     
   6.0000000000000000       0.89658917909853708        275.36185079104962        172.06183998609959        351.04224320011383        84.668902615427484        93.400141479094145       -4775.4401073540275       -397.42057964387448     
   6.1000000000000005       0.91153233208351270        5.3875215395253235        5944.0133133268764        181.75443039603911        85.181742193760670        92.757454997130381       -932147.48288420343       -394.32950607103339     
   6.2000000000000002       0.92647548506848842        8.7292877729802285        3833.5432442165752        195.55387629867940        85.682804771207643        92.131655742747398       -206050.96719555560       -391.24300106195216     
   6.3000000000000007       0.94141863805346404        12.184734610738360        3168.1480411378088        207.75239910506977        86.172556478608072        91.522423918370066       -106971.44460422735       -388.16869391639716     
   6.4000000000000004       0.95636179103843966        15.729616345227214        2808.4316291031428        219.41736932546354        86.651439624766468        90.929395758848841       -73885.544564107549       -385.11908496720935     
   6.5000000000000000       0.97130494402341516        19.351001427791857        2572.5071353122071        230.85379339756571        87.119873970429367        90.352172490160143       -50020.343451434768       -382.10181170153402     
   6.6000000000000005       0.98624809700839089        23.040212003355236        2400.8687116533179        242.19790342684036        87.578257947196590        89.790327984744067       -46677.567921973176       -379.12290318283186     
   6.7000000000000002        1.0011912499933664        26.790770240477741        2267.6835063386693        253.52359215979433        88.026969820141531        89.243415258753345       -40684.619640975390       -376.18992110646036     
   6.8000000000000007        1.0161344029783421        30.597530046552947        2159.5586404220089        264.87573951416431        88.466368793846968        88.710971951911688       -35435.111628790219       -373.30714477133677     
   6.9000000000000004        1.0310775559633176        34.456234021501814        2068.8139124593945        276.28371749680684        88.896796062291003        88.192524964814112       -25710.013761583421       -370.48030505794031     
   7.0000000000000000        1.0460207089482934        38.363258949474812        1990.7790061857786        287.76779600107545        89.318575803578923        87.687594341829822       -25131.398766858540       -367.71312537087431     
   7.1000000000000005        1.0609638619332689        42.315456956913181        1922.3059697016272        299.34252730017886        89.732016120945573        87.195696525323982       -33352.892245778479       -365.00768275026167     
   7.2000000000000002        1.0759070149182446        46.310050057007857        1861.2664239234730        311.01868190645155        90.137409931774670        86.716347042568032       -21801.475216492421       -362.36880811386527     
   7.3000000000000007        1.0908501679032201        50.344556688515354        1806.1276051227585        322.80442586725735        90.535035806623000        86.249062754241379       -27040.120261451328       -359.79692860781415     
   7.4000000000000004        1.1057933208881956        54.416738528275914        1755.7686391314371        334.70607104901637        90.925158760420416        85.793363708553741       -19309.235351090105       -357.29478388786220     
   7.5000000000000000        1.1207364738731713        58.524560741447431        1709.4073756426242        346.72857407269976        91.308030998164881        85.348774677296277       -22822.991096980557       -354.86473259792314     
   7.6000000000000005        1.1356796268581468        62.666161475576018        1666.3503333751207        358.87587757387314        91.683892617572283        84.914826535182883       -13105.729629377509       -352.50698009132276     
   7.7000000000000002        1.1506227798431226        66.839827915555702        1626.1089176289292        371.15115168698821        92.052972271311404        84.491057418517812       -22824.628083672909       -350.22283091254263     
   7.8000000000000007        1.1655659328280985        71.043977121458852        1588.2295256254806        383.55696728137895        92.415487791710419        84.077013990466298       -11174.457749640294       -348.01353952042882     
   7.9000000000000004        1.1805090858130740        75.277140434737248        1552.4756572813219        396.09542499122711        92.771646781271855        83.672252873313369       -19458.818919865906       -345.87917538588005     
   8.0000000000000000        1.1954522387980495        79.537950601218313        1518.5102256623393        408.76825041801777        93.121647173182069        83.276342732574435       -17185.809724663268       -343.81936870758523     
   8.0999999999999996        1.2103953917830250        83.825130999874887        1486.1992182123045        421.57686808923859        93.465677767715732        82.888867485305425       -10554.237100864706       -341.83037763605199     
   8.2000000000000011        1.2253385447680010        88.137486529989019        1455.3167614735253        434.52245771368763        93.803918754155404        82.509432469080934       -13794.237273011768       -339.91131899071826     
   8.3000000000000007        1.2402816977529765        92.473895823107569        1425.6795674080302        447.60599844340675        94.136542236816695        82.137677007349197       -11591.145367909772       -338.04842823886236     
