  0.10000000000000001        1.4800898295241215E-002   54.098928414523471        237.21980647906804      -0.60038593896384507        6.4525883366166337        16.180492076968143     
  0.20000000000000001        2.9601796590482430E-002   23.852166163659376        503.52813630640304       -1.2900272205927197        11.201188983500433        24.679485403829915     
  0.30000000000000004        4.4402694885723647E-002   7.8101754219701434        581.71087447793366       -1.5232690918077691        14.758678958288149        27.580224077310870     
  0.40000000000000002        5.9203593180964860E-002 -0.77800504977301443        494.84401802139359       -1.5064052520314009        17.462389976418066        28.843620076727916     
  0.50000000000000000        7.4004491476206066E-002  -5.7592706922978323        395.79153003902240       -1.4348669626079631        19.665671493724062        30.626636795290089     
  0.60000000000000009        8.8805389771447293E-002  -8.9064136955599906        328.77921671572466       -1.3529504970449358        21.604948002121027        33.452437826220212     
  0.70000000000000007       0.10360628806668849       -11.007175326090078        293.12723950876239       -1.2475183344240064        23.414618532615044        37.219643562214522     
  0.80000000000000004       0.11840718636192972       -12.429346689969748        280.66906725138665       -1.0926996344321109        25.166369028385269        41.688496081739856     
  0.90000000000000002       0.13320808465717093       -13.357734431880317        284.54408109720708      -0.86233646503408778        26.897021325427652        46.632518317416327     
   1.0000000000000000       0.14800898295241213       -13.892546838697172        300.06195785857722      -0.53249595360432245        28.624466928137075        51.868455412300563     
   1.1000000000000001       0.16280988124765336       -14.092230992316559        324.12802700321191       -8.1542623770623990E-002   30.356267485377238        57.252376482471945     
   1.2000000000000002       0.17761077954289459       -13.993311765078829        354.66431097572575       0.51021158545681711        32.094268905388063        62.670042285347449     
   1.3000000000000000       0.19241167783813579       -13.620169532771001        390.19648217927954        1.2608107968005453        33.837118868346941        68.028856222003498     
   1.4000000000000001       0.20721257613337699       -12.990148168156907        429.61998343569223        2.1868430024296042        35.581681902148276        73.252467502598506     
   1.5000000000000000       0.22201347442861821       -12.116368254489998        472.04002626686554        3.3035336116193714        37.323866427337819        78.277521489393820     
   1.6000000000000001       0.23681437272385944       -11.009350578387739        516.69305685192057        4.6247781593302344        39.059130695383310        83.051838817794987     
   1.7000000000000002       0.25161527101910064       -9.6779912441385250        562.89137196352158        6.1631420676364819        40.782807402419408        87.533428072980257     
   1.8000000000000000       0.26641616931434187       -8.1301665430501089        610.00849478864154        7.9298478893656084        42.490320932339458        91.689906141883881     
   1.9000000000000001       0.28121706760958309       -6.3731169601340980        657.45009424463694        9.9347639976802764        44.177336787461194        95.498045800038511     
   2.0000000000000000       0.29601796590482427       -4.4136939993842361        704.67127102354243        12.186403689110053        45.839864727127122        98.943282470855820     
   2.1000000000000001       0.31081886420006549       -2.2585186686003453        751.15840555616080        14.691939874113688        47.474327743426905        102.01909571840062     
   2.2000000000000002       0.32561976249530672        8.5918677873223714E-002   796.44761012795652        17.457237504281714        49.077604223142536        104.72624078182591     
   2.3000000000000003       0.34042066079054795        2.6131983221529254        840.12071970079455        20.486903653669987        50.647048307241874        107.07184576603090     
   2.4000000000000004       0.35522155908578917        5.3169385789717580        881.80510010731155        23.784353631608141        52.180492372251805        109.06841408207413     
   2.5000000000000000       0.37002245738103035        8.1907821034906192        921.19148753516674        27.351890316168166        53.676235060698914        110.73278252728969     
   2.6000000000000001       0.38482335567627157        11.228395098263491        958.00885873197899        31.190793494094596        55.133018020436836        112.08508631418823     
   2.7000000000000002       0.39962425397151280        14.423475062981879        992.04790193800170        35.301415664813064        56.549994290842214        113.14777627843497     
   2.8000000000000003       0.41442515226675397        17.769763883974178        1023.1525922114203        39.683280885183990        57.926691017218545        113.94472361023132     
   2.9000000000000004       0.42922605056199525        21.261063897902659        1051.2093807551682        44.335183829569644        59.262968862477038        114.50043590487448     
   3.0000000000000000       0.44402694885723643        24.891255193224083        1076.1433088659089        49.255286258314122        60.558980127665315        114.83939705426494     
   3.1000000000000001       0.45882784715247765        28.654312896822489        1097.9275566030001        54.441209108072592        61.815127213673918        114.98553388347331     
   3.2000000000000002       0.47362874544771888        32.544323569745870        1116.5576434044851        59.890118621930228        63.032022680999233        114.96180463467454     
   3.3000000000000003       0.48842964374296005        36.555500129612710        1132.0726039178357        65.598805463132535        64.210451814375176        114.78989903287128     
   3.4000000000000004       0.50323054203820128        40.682194944623348        1144.5212149168094        71.563756446868823        65.351338289512569        114.49003647815204     
   3.5000000000000000       0.51803144033344251        44.918910917551784        1153.9842679642254        77.781218533829616        66.455713278402825        114.08084721308497     
   3.6000000000000001       0.53283233862868373        49.260310507529198        1160.5441973211155        84.247255254832083        67.524688120127735        113.57932127084780     
   3.7000000000000002       0.54763323692392496        53.701222730998552        1164.3164281170061        90.957795883029348        68.559430523771766        113.00081084421265     
   3.8000000000000003       0.56243413521916619        58.236648248039387        1165.4084979710226        97.908677778071890        69.561144154130290        112.35907301524861     
   3.9000000000000004       0.57723503351440741        62.861762682246649        1163.9219389254979        105.09568242113620        70.531051372839570        111.66634163816268     
   4.0000000000000000       0.59203593180964853        67.571918346720395        1159.9995104921845        112.51456577721162        71.470378860479286        110.93341891182716     
   4.1000000000000005       0.60683683010488976        72.362644559779369        1153.7665793008935        120.16108363604752        72.380345822316869        110.16977902188428     
   4.2000000000000002       0.62163772840013098        77.229646735201413        1145.3176311944630        128.03101228024744        73.262154475597399        109.38367774420499     
   4.2999999999999998       0.63643862669537210        82.168804426170141        1134.7878903020755        136.12016541322240        74.116982524419114        108.58226346475418     
   4.4000000000000004       0.65123952499061344        87.176168491801036        1122.3034919143204        144.42440764136069        74.945977344998326        107.77168623673106     
   4.5000000000000000       0.66604042328585455        92.247957541956794        1107.9665952775163        152.93966490795034        75.750251626162481        106.95720237517746     
   4.6000000000000005       0.68084132158109589        97.380553801383030        1091.8995417349167        161.66193261392115        76.530880234659094        106.14327311829186     
   4.7000000000000002       0.69564221987633712        102.57049851897568        1074.1928050851561        170.58728145778875        77.288898100476032        105.33365631486191     
   4.8000000000000007       0.71044311817157835        107.81448703290744        1054.9616890891230        179.71186163318509        78.025298942533283        104.53149066097468     
   4.9000000000000004       0.72524401646681957        113.10936358791650        1034.2945700902819        189.03190555135035        78.741034678977940        103.73937237911690     
   5.0000000000000000       0.74004491476206069        118.45211598754258        1012.2933247287414        198.54372919977774        79.437015388368593        102.95942444376037     
   5.1000000000000005       0.75484581305730192        123.83987015171579        989.00999555389637        208.24373265175714        80.114109708009877        102.19335865771129     
   5.2000000000000002       0.76964671135254314        129.26988463888347        964.57720405515215        218.12839970455138        80.773145573499463        101.44253099448974     
   5.3000000000000007       0.78444760964778437        134.73954518190112        939.04258537336091        228.19429680012288        81.414911219206402        100.70799067452542     
   5.4000000000000004       0.79924850794302560        140.24635927803411        912.46198052978184        238.43807158159075        82.040156373015222        99.990523519103661     
   5.5000000000000000       0.81404940623826672        145.78795086574905        884.92948400294745        248.85645077591792        82.649593590413801        99.290690081677013     
   5.6000000000000005       0.82885030453350794        151.36205511425442        856.46040497188108        259.44623800299479        83.243899683031756        98.608859036488639     
   5.7000000000000002       0.84365120282874917        156.96651334599778        827.18402954791554        270.20431116356781        83.823717205234857        97.945236389556101     
   5.8000000000000007       0.85845210112399051        162.59926810742263        797.10214566531693        281.12761972148127        84.389655969581781        97.299890904906761     
   5.9000000000000004       0.87325299941923173        168.25835839908882        766.27586138663344        292.21318181790821        84.942294567930915        96.672776158648333     
   6.0000000000000000       0.88805389771447285        173.94191507279402        734.77111756069746        303.45808130715130        85.482181880005243        96.063749702892650     
   6.1000000000000005       0.90285479600971408        179.64815640036090        702.58540410853834        314.85946465302123        86.009838555364837        95.472589569986610     
   6.2000000000000002       0.91765569430495531        185.37538381633135        669.78025421963787        326.41453786207222        86.525758458144963        94.899008494095938     
   6.3000000000000007       0.93245659260019653        191.12197783482134        636.42214878559889        338.12056333485975        87.030410066715433        94.342666206713943     
   6.4000000000000004       0.94725749089543776        196.88639413911869        602.48590307455743        349.97485678232346        87.524237822685734        93.803179866881706     
   6.5000000000000000       0.96205838919067888        202.66715984130087        568.05427278345803        361.97478391902700        88.007663425518672        93.280133061846001     
   6.6000000000000005       0.97685928748592010        208.46286990809062        533.13179331190247        374.11775740714512        88.481087070487945        92.773083423779212     
   6.7000000000000002       0.99166018578116133        214.27218374829181        497.73264229624544        386.40123357537959        88.944888628886815        92.281569138169317     
   6.8000000000000007        1.0064610840764026        220.09382195651096        461.87619023833986        398.82270920992403        89.399428770319275        91.805114403598523     
   6.9000000000000004        1.0212619823716438        225.92656320733977        425.59011724800405        411.37971839709218        89.845050027623984        91.343234081662672     
   7.0000000000000000        1.0360628806668850        231.76924129374743        388.89794353822890        424.06982901379541        90.282077805535096        90.895437569535886     
   7.1000000000000005        1.0508637789621262        237.62074230312987        351.83777703476323        436.89063929351050        90.710821334602898        90.461232029351635     
   7.2000000000000002        1.0656646772573675        243.48000192417771        314.35889104061511        449.83977471172540        91.131574572209445        90.040125107634594     
   7.3000000000000007        1.0804655755526087        249.34600287748776        276.46613847497878        462.91488371404722        91.544617052742822        89.631627138221162     
   7.4000000000000004        1.0952664738478499        255.21777246258944        238.26659177987185        476.11363422848751        91.950214689159651        89.235253021016092     
   7.5000000000000000        1.1100673721430909        261.09438021379333        199.68714683693543        489.43370958333679        92.348620528290851        88.850523731487385     
   7.6000000000000005        1.1248682704383324        266.97493565685113        160.72292058034066        502.87280370377817        92.740075462346994        88.476967644155010     
   7.7000000000000002        1.1396691687335736        272.85858615793950        121.42247554541700        516.42861637849171        93.124808899189560        88.114121632894893     
   7.8000000000000007        1.1544700670288148        278.74451485569170        81.752712530676064        530.09884726193366        93.503039394079948        87.761532190043567     
   7.9000000000000004        1.1692709653240561        284.63193866582060        41.651103781278387        543.88118991324689        93.874975245865059        87.418756546249199     
   8.0000000000000000        1.1840718636192971        290.52010634610861        1.1713382366451697        557.77332362796506        94.240815061003346        87.085364137919896     
   8.0999999999999996        1.1988727619145383        296.40829660659438       -39.786643854680818        571.77290386276206        94.600748289691850        86.760938659494954     
   8.2000000000000011        1.2136736602097795        302.29581624496404       -81.026840423145799        585.87755082798469        94.954955740080038        86.445081560000858     
   8.3000000000000007        1.2284745585050210        308.18199827856461       -122.94162180725242        600.08483169412170        95.303610080279270        86.137418307234981     
